fraction_of_volc,OH,H2O2,TMI
0.0,0.7092557091909407,0.0007198891338912097,0.2900244016751682
0.02,0.7092557091909407,0.0007198891338912097,0.2900244016751682
0.04,0.7092557091909407,0.0007198891338912097,0.2900244016751682
0.06,0.7092557091909407,0.0007198891338912097,0.2900244016751682
0.08,0.7092557091909407,0.0007198891338912097,0.2900244016751682
0.1,0.7092557091909407,0.0007198891338912097,0.2900244016751682
0.12,0.6909708729935248,0.03438102485670064,0.27464810214977475
0.14,0.6726860367961087,0.06804216057951006,0.2592718026243813
0.16,0.6544012005986928,0.10170329630231947,0.2438955030989879
0.18,0.6361163644012767,0.1353644320251289,0.22851920357359443
0.2,0.6178315282038608,0.16902556774793834,0.213142904048201
0.22,0.5995466920064447,0.20268670347074774,0.19776660452280756
0.24,0.5812618558090288,0.23634783919355717,0.1823903049974141
0.26,0.5629770196116127,0.2700089749163666,0.16701400547202067
0.28,0.5446921834141968,0.30367011063917604,0.15163770594662723
0.3,0.5264073472167807,0.33733124636198547,0.1362614064212338
0.32,0.5081225110193648,0.3709923820847949,0.12088510689584037
0.34,0.4898376748219488,0.4046535178076043,0.10550880737044692
0.36,0.4898376748219488,0.4046535178076043,0.10550880737044692
0.38,0.4898376748219488,0.4046535178076043,0.10550880737044692
0.4,0.4898376748219488,0.4046535178076043,0.10550880737044692
0.42,0.4898376748219488,0.4046535178076043,0.10550880737044692
0.44,0.4898376748219488,0.4046535178076043,0.10550880737044692
0.46,0.4898376748219488,0.4046535178076043,0.10550880737044692
0.48,0.4898376748219488,0.4046535178076043,0.10550880737044692
0.5,0.4898376748219488,0.4046535178076043,0.10550880737044692
0.52,0.4898376748219488,0.4046535178076043,0.10550880737044692
0.54,0.4898376748219488,0.4046535178076043,0.10550880737044692
0.56,0.4898376748219488,0.4046535178076043,0.10550880737044692
0.58,0.4898376748219488,0.4046535178076043,0.10550880737044692
0.6,0.4898376748219488,0.4046535178076043,0.10550880737044692
0.62,0.4898376748219488,0.4046535178076043,0.10550880737044692
0.64,0.4898376748219488,0.4046535178076043,0.10550880737044692
0.66,0.4898376748219488,0.4046535178076043,0.10550880737044692
0.68,0.4898376748219488,0.4046535178076043,0.10550880737044692
0.7000000000000001,0.4898376748219488,0.4046535178076043,0.10550880737044692
0.72,0.4898376748219488,0.4046535178076043,0.10550880737044692
0.74,0.4898376748219488,0.4046535178076043,0.10550880737044692
0.76,0.4898376748219488,0.4046535178076043,0.10550880737044692
0.78,0.4898376748219488,0.4046535178076043,0.10550880737044692
0.8,0.4898376748219488,0.4046535178076043,0.10550880737044692
0.8200000000000001,0.4898376748219488,0.4046535178076043,0.10550880737044692
0.84,0.4898376748219488,0.4046535178076043,0.10550880737044692
0.86,0.4898376748219488,0.4046535178076043,0.10550880737044692
0.88,0.4898376748219488,0.4046535178076043,0.10550880737044692
0.9,0.4898376748219488,0.4046535178076043,0.10550880737044692
0.92,0.4898376748219488,0.4046535178076043,0.10550880737044692
0.9400000000000001,0.4898376748219488,0.4046535178076043,0.10550880737044692
0.96,0.4898376748219488,0.4046535178076043,0.10550880737044692
0.98,0.4898376748219488,0.4046535178076043,0.10550880737044692
1.0,0.4898376748219488,0.4046535178076043,0.10550880737044692
