fraction_of_volc,OH,H2O2,TMI
0.0,0.3181468600638834,0.39328310385374,0.28857003608237675
0.02,0.3181468600638834,0.39328310385374,0.28857003608237675
0.04,0.3181468600638834,0.39328310385374,0.28857003608237675
0.06,0.3181468600638834,0.39328310385374,0.28857003608237675
0.08,0.3181468600638834,0.39328310385374,0.28857003608237675
0.1,0.3181468600638834,0.39328310385374,0.28857003608237675
0.12,0.3181468600638834,0.39328310385374,0.28857003608237675
0.14,0.3181468600638834,0.39328310385374,0.28857003608237675
0.16,0.3181468600638834,0.39328310385374,0.28857003608237675
0.18,0.3181468600638834,0.39328310385374,0.28857003608237675
0.2,0.3181468600638834,0.39328310385374,0.28857003608237675
0.22,0.3181468600638834,0.39328310385374,0.28857003608237675
0.24,0.3181468600638834,0.39328310385374,0.28857003608237675
0.26,0.3181468600638834,0.39328310385374,0.28857003608237675
0.28,0.3181468600638834,0.39328310385374,0.28857003608237675
0.3,0.3181468600638834,0.39328310385374,0.28857003608237675
0.32,0.3181468600638834,0.39328310385374,0.28857003608237675
0.34,0.3181468600638834,0.39328310385374,0.28857003608237675
0.36,0.3181468600638834,0.39328310385374,0.28857003608237675
0.38,0.3181468600638834,0.39328310385374,0.28857003608237675
0.4,0.3181468600638834,0.39328310385374,0.28857003608237675
0.42,0.3181468600638834,0.39328310385374,0.28857003608237675
0.44,0.3181468600638834,0.39328310385374,0.28857003608237675
0.46,0.3181468600638834,0.39328310385374,0.28857003608237675
0.48,0.3181468600638834,0.39328310385374,0.28857003608237675
0.5,0.3181468600638834,0.39328310385374,0.28857003608237675
0.52,0.3181468600638834,0.39328310385374,0.28857003608237675
0.54,0.3181468600638834,0.39328310385374,0.28857003608237675
0.56,0.3181468600638834,0.39328310385374,0.28857003608237675
0.58,0.3181468600638834,0.39328310385374,0.28857003608237675
0.6,0.31737751102410805,0.3650943246692584,0.31752816430663366
0.62,0.3166081619843328,0.3369055454847768,0.3464862925308906
0.64,0.3158388129445575,0.3087167663002952,0.3754444207551475
0.66,0.3150694639047822,0.28052798711581356,0.40440254897940436
0.68,0.31430011486500686,0.25233920793133197,0.4333606772036613
0.7000000000000001,0.3135307658252316,0.22415042874685037,0.4623188054279182
0.72,0.3127614167854563,0.19596164956236875,0.49127693365217506
0.74,0.311992067745681,0.16777287037788716,0.520235061876432
0.76,0.3112227187059057,0.13958409119340554,0.5491931901006889
0.78,0.3104533696661304,0.11139531200892394,0.5781513183249458
0.8,0.3104533696661304,0.11139531200892394,0.5781513183249458
0.8200000000000001,0.3104533696661304,0.11139531200892394,0.5781513183249458
0.84,0.3104533696661304,0.11139531200892394,0.5781513183249458
0.86,0.3104533696661304,0.11139531200892394,0.5781513183249458
0.88,0.3104533696661304,0.11139531200892394,0.5781513183249458
0.9,0.3104533696661304,0.11139531200892394,0.5781513183249458
0.92,0.3104533696661304,0.11139531200892394,0.5781513183249458
0.9400000000000001,0.3104533696661304,0.11139531200892394,0.5781513183249458
0.96,0.3104533696661304,0.11139531200892394,0.5781513183249458
0.98,0.3104533696661304,0.11139531200892394,0.5781513183249458
1.0,0.3104533696661304,0.11139531200892394,0.5781513183249458
