fraction_of_volc,OH,H2O2,TMI
0.0,0.5016834638821545,0.23535728587506574,0.2629592502427798
0.02,0.5016834638821545,0.23535728587506574,0.2629592502427798
0.04,0.5016834638821545,0.23535728587506574,0.2629592502427798
0.06,0.5016834638821545,0.23535728587506574,0.2629592502427798
0.08,0.5016834638821545,0.23535728587506574,0.2629592502427798
0.1,0.5016834638821545,0.23535728587506574,0.2629592502427798
0.12,0.5016834638821545,0.23535728587506574,0.2629592502427798
0.14,0.5016834638821545,0.23535728587506574,0.2629592502427798
0.16,0.5016834638821545,0.23535728587506574,0.2629592502427798
0.18,0.5016834638821545,0.23535728587506574,0.2629592502427798
0.2,0.5016834638821545,0.23535728587506574,0.2629592502427798
0.22,0.5016834638821545,0.23535728587506574,0.2629592502427798
0.24,0.5016834638821545,0.23535728587506574,0.2629592502427798
0.26,0.5016834638821545,0.23535728587506574,0.2629592502427798
0.28,0.5016834638821545,0.23535728587506574,0.2629592502427798
0.3,0.5016834638821545,0.23535728587506574,0.2629592502427798
0.32,0.5016834638821545,0.23535728587506574,0.2629592502427798
0.34,0.5016834638821545,0.23535728587506574,0.2629592502427798
0.36,0.47675514610370145,0.2526634495077597,0.2705814043885388
0.38,0.45182682832524845,0.2699696131404537,0.27820355853429785
0.4,0.4268985105467954,0.2872757767731477,0.28582571268005685
0.42,0.4019701927683424,0.3045819404058417,0.2934478668258159
0.44,0.3770418749898894,0.3218881040385356,0.3010700209715749
0.46,0.3521135572114364,0.3391942676712296,0.30869217511733393
0.48,0.3271852394329834,0.3565004313039236,0.316314329263093
0.5,0.30225692165453033,0.3738065949366176,0.323936483408852
0.52,0.2773286038760774,0.3911127585693116,0.331558637554611
0.54,0.2524002860976243,0.4084189222020056,0.3391807917003701
0.56,0.22747196831917132,0.4257250858346996,0.3468029458461291
0.58,0.20254365054071832,0.4430312494673936,0.3544250999918881
0.6,0.17761533276226532,0.4603374131000875,0.36204725413764716
0.62,0.15268701498381226,0.4776435767327815,0.36966940828340616
0.64,0.12775869720535926,0.49494974036547545,0.3772915624291652
0.66,0.10283037942690626,0.5122559039981694,0.38491371657492424
0.68,0.07790206164845326,0.5295620676308634,0.3925358707206833
0.7000000000000001,0.052973743870000256,0.5468682312635574,0.4001580248664423
0.72,0.028045426091547258,0.5641743948962514,0.4077801790122013
0.74,0.028045426091547258,0.5641743948962514,0.4077801790122013
0.76,0.028045426091547258,0.5641743948962514,0.4077801790122013
0.78,0.028045426091547258,0.5641743948962514,0.4077801790122013
0.8,0.028045426091547258,0.5641743948962514,0.4077801790122013
0.8200000000000001,0.028045426091547258,0.5641743948962514,0.4077801790122013
0.84,0.028045426091547258,0.5641743948962514,0.4077801790122013
0.86,0.028045426091547258,0.5641743948962514,0.4077801790122013
0.88,0.028045426091547258,0.5641743948962514,0.4077801790122013
0.9,0.028045426091547258,0.5641743948962514,0.4077801790122013
0.92,0.028045426091547258,0.5641743948962514,0.4077801790122013
0.9400000000000001,0.028045426091547258,0.5641743948962514,0.4077801790122013
0.96,0.028045426091547258,0.5641743948962514,0.4077801790122013
0.98,0.028045426091547258,0.5641743948962514,0.4077801790122013
1.0,0.028045426091547258,0.5641743948962514,0.4077801790122013
