fraction_of_volc,OH,H2O2,TMI
0.0,0.10089489422868766,0.252578105440441,0.6465270003308712
0.02,0.10089489422868766,0.252578105440441,0.6465270003308712
0.04,0.10089489422868766,0.252578105440441,0.6465270003308712
0.06,0.10089489422868766,0.252578105440441,0.6465270003308712
0.08,0.10089489422868766,0.252578105440441,0.6465270003308712
0.1,0.10089489422868766,0.252578105440441,0.6465270003308712
0.12,0.10089489422868766,0.252578105440441,0.6465270003308712
0.14,0.10089489422868766,0.252578105440441,0.6465270003308712
0.16,0.10089489422868766,0.252578105440441,0.6465270003308712
0.18,0.10089489422868766,0.252578105440441,0.6465270003308712
0.2,0.10089489422868766,0.252578105440441,0.6465270003308712
0.22,0.10089489422868766,0.252578105440441,0.6465270003308712
0.24,0.10089489422868766,0.252578105440441,0.6465270003308712
0.26,0.10089489422868766,0.252578105440441,0.6465270003308712
0.28,0.10089489422868766,0.252578105440441,0.6465270003308712
0.3,0.10089489422868766,0.252578105440441,0.6465270003308712
0.32,0.10089489422868766,0.252578105440441,0.6465270003308712
0.34,0.10089489422868766,0.252578105440441,0.6465270003308712
0.36,0.11058239581534397,0.24309614687190156,0.6463214573127544
0.38,0.12026989740200028,0.2336141883033621,0.6461159142946374
0.4,0.1299573989886566,0.22413222973482266,0.6459103712765206
0.42,0.1396449005753129,0.21465027116628319,0.6457048282584038
0.44,0.1493324021619692,0.20516831259774373,0.6454992852402869
0.46,0.1590199037486255,0.19568635402920428,0.6452937422221701
0.48,0.16870740533528183,0.1862043954606648,0.6450881992040532
0.5,0.17839490692193813,0.17672243689212536,0.6448826561859364
0.52,0.18808240850859442,0.1672404783235859,0.6446771131678195
0.54,0.19776991009525074,0.15775851975504646,0.6444715701497027
0.56,0.20745741168190707,0.148276561186507,0.6442660271315859
0.58,0.21714491326856336,0.13879460261796756,0.644060484113469
0.6,0.22683241485521968,0.1293126440494281,0.6438549410953521
0.62,0.23651991644187598,0.11983068548088863,0.6436493980772353
0.64,0.24620741802853227,0.11034872691234918,0.6434438550591184
0.66,0.2558949196151886,0.10086676834380973,0.6432383120410016
0.68,0.26558242120184494,0.09138480977527028,0.6430327690228848
0.7000000000000001,0.2752699227885012,0.08190285120673083,0.6428272260047679
0.72,0.2849574243751575,0.07242089263819135,0.642621682986651
0.74,0.2946449259618138,0.0629389340696519,0.6424161399685342
0.76,0.3043324275484701,0.05345697550111245,0.6422105969504174
0.78,0.31401992913512644,0.043975016932573,0.6420050539323005
0.8,0.32370743072178276,0.03449305836403354,0.6417995109141836
0.8200000000000001,0.32370743072178276,0.03449305836403354,0.6417995109141836
0.84,0.32370743072178276,0.03449305836403354,0.6417995109141836
0.86,0.32370743072178276,0.03449305836403354,0.6417995109141836
0.88,0.32370743072178276,0.03449305836403354,0.6417995109141836
0.9,0.32370743072178276,0.03449305836403354,0.6417995109141836
0.92,0.32370743072178276,0.03449305836403354,0.6417995109141836
0.9400000000000001,0.32370743072178276,0.03449305836403354,0.6417995109141836
0.96,0.32370743072178276,0.03449305836403354,0.6417995109141836
0.98,0.32370743072178276,0.03449305836403354,0.6417995109141836
1.0,0.32370743072178276,0.03449305836403354,0.6417995109141836
