fraction_of_volc,OH,H2O2,TMI
0.0,0.6391670953016855,0.06498047389306426,0.29585243080525014
0.02,0.6391670953016855,0.06498047389306426,0.29585243080525014
0.04,0.6391670953016855,0.06498047389306426,0.29585243080525014
0.06,0.6391670953016855,0.06498047389306426,0.29585243080525014
0.08,0.6391670953016855,0.06498047389306426,0.29585243080525014
0.1,0.6391670953016855,0.06498047389306426,0.29585243080525014
0.12,0.6391670953016855,0.06498047389306426,0.29585243080525014
0.14,0.6391670953016855,0.06498047389306426,0.29585243080525014
0.16,0.6391670953016855,0.06498047389306426,0.29585243080525014
0.18,0.6230252032438522,0.08639646869509487,0.2905783280610527
0.2,0.606883311186019,0.10781246349712548,0.28530422531685534
0.22,0.5907414191281859,0.12922845829915608,0.2800301225726579
0.24,0.5745995270703527,0.15064445310118668,0.27475601982846054
0.26,0.5584576350125194,0.17206044790321728,0.2694819170842631
0.28,0.5423157429546862,0.19347644270524794,0.26420781434006574
0.3,0.526173850896853,0.21489243750727854,0.2589337115958683
0.32,0.5100319588390199,0.23630843230930915,0.25365960885167094
0.34,0.49389006678118663,0.25772442711133975,0.2483855061074735
0.36,0.4777481747233534,0.27914042191337035,0.24311140336327614
0.38,0.46160628266552023,0.30055641671540095,0.2378373006190787
0.4,0.445464390607687,0.3219724115174316,0.2325631978748813
0.42,0.4293224985498538,0.3433884063194622,0.2272890951306839
0.44,0.4131806064920206,0.3648044011214928,0.2220149923864865
0.46,0.39703871443418737,0.3862203959235234,0.2167408896422891
0.48,0.3808968223763542,0.407636390725554,0.2114667868980917
0.5,0.36475493031852096,0.4290523855275846,0.2061926841538943
0.52,0.3486130382606878,0.4504683803296152,0.2009185814096969
0.54,0.33247114620285456,0.47188437513164583,0.1956444786654995
0.56,0.3163292541450214,0.49330036993367643,0.1903703759213021
0.58,0.30018736208718816,0.514716364735707,0.1850962731771047
0.6,0.284045470029355,0.5361323595377376,0.17982217043290727
0.62,0.26790357797152176,0.5575483543397682,0.1745480676887099
0.64,0.2517616859136885,0.578964349141799,0.16927396494451247
0.66,0.23561979385585535,0.6003803439438296,0.16399986220031507
0.68,0.21947790179802212,0.6217963387458602,0.15872575945611767
0.7000000000000001,0.20333600974018895,0.6432123335478908,0.15345165671192026
0.72,0.18719411768235572,0.6646283283499214,0.14817755396772286
0.74,0.17105222562452255,0.686044323151952,0.14290345122352546
0.76,0.15491033356668932,0.7074603179539826,0.13762934847932806
0.78,0.13876844150885614,0.7288763127560132,0.13235524573513066
0.8,0.13876844150885614,0.7288763127560132,0.13235524573513066
0.8200000000000001,0.13876844150885614,0.7288763127560132,0.13235524573513066
0.84,0.13876844150885614,0.7288763127560132,0.13235524573513066
0.86,0.13876844150885614,0.7288763127560132,0.13235524573513066
0.88,0.13876844150885614,0.7288763127560132,0.13235524573513066
0.9,0.13876844150885614,0.7288763127560132,0.13235524573513066
0.92,0.13876844150885614,0.7288763127560132,0.13235524573513066
0.9400000000000001,0.13876844150885614,0.7288763127560132,0.13235524573513066
0.96,0.13876844150885614,0.7288763127560132,0.13235524573513066
0.98,0.13876844150885614,0.7288763127560132,0.13235524573513066
1.0,0.13876844150885614,0.7288763127560132,0.13235524573513066
