fraction_of_volc,OH,H2O2,TMI
0.0,0.3274761027239293,0.1543051219184727,0.518218775357598
0.02,0.3274761027239293,0.1543051219184727,0.518218775357598
0.04,0.3274761027239293,0.1543051219184727,0.518218775357598
0.06,0.3274761027239293,0.1543051219184727,0.518218775357598
0.08,0.3274761027239293,0.1543051219184727,0.518218775357598
0.1,0.3274761027239293,0.1543051219184727,0.518218775357598
0.12,0.3274761027239293,0.1543051219184727,0.518218775357598
0.14,0.3274761027239293,0.1543051219184727,0.518218775357598
0.16,0.3274761027239293,0.1543051219184727,0.518218775357598
0.18,0.3274761027239293,0.1543051219184727,0.518218775357598
0.2,0.3274761027239293,0.1543051219184727,0.518218775357598
0.22,0.3274761027239293,0.1543051219184727,0.518218775357598
0.24,0.3274761027239293,0.1543051219184727,0.518218775357598
0.26,0.36210035522445516,0.14149881614776258,0.49640082862778223
0.28,0.396724607724981,0.12869251037705245,0.4745828818979665
0.3,0.4313488602255069,0.11588620460634234,0.4527649351681508
0.32,0.4659731127260327,0.10307989883563222,0.43094698843833507
0.34,0.5005973652265586,0.0902735930649221,0.4091290417085193
0.36,0.5352216177270844,0.07746728729421198,0.38731109497870364
0.38,0.5698458702276104,0.06466098152350186,0.3654931482488879
0.4,0.6044701227281362,0.051854675752791735,0.34367520151907216
0.42,0.6044701227281362,0.051854675752791735,0.34367520151907216
0.44,0.6044701227281362,0.051854675752791735,0.34367520151907216
0.46,0.6044701227281362,0.051854675752791735,0.34367520151907216
0.48,0.6044701227281362,0.051854675752791735,0.34367520151907216
0.5,0.6044701227281362,0.051854675752791735,0.34367520151907216
0.52,0.6044701227281362,0.051854675752791735,0.34367520151907216
0.54,0.6044701227281362,0.051854675752791735,0.34367520151907216
0.56,0.6044701227281362,0.051854675752791735,0.34367520151907216
0.58,0.6044701227281362,0.051854675752791735,0.34367520151907216
0.6,0.6044701227281362,0.051854675752791735,0.34367520151907216
0.62,0.6044701227281362,0.051854675752791735,0.34367520151907216
0.64,0.6044701227281362,0.051854675752791735,0.34367520151907216
0.66,0.6044701227281362,0.051854675752791735,0.34367520151907216
0.68,0.6044701227281362,0.051854675752791735,0.34367520151907216
0.7000000000000001,0.6044701227281362,0.051854675752791735,0.34367520151907216
0.72,0.6044701227281362,0.051854675752791735,0.34367520151907216
0.74,0.6044701227281362,0.051854675752791735,0.34367520151907216
0.76,0.6044701227281362,0.051854675752791735,0.34367520151907216
0.78,0.6044701227281362,0.051854675752791735,0.34367520151907216
0.8,0.6044701227281362,0.051854675752791735,0.34367520151907216
0.8200000000000001,0.6044701227281362,0.051854675752791735,0.34367520151907216
0.84,0.6044701227281362,0.051854675752791735,0.34367520151907216
0.86,0.6044701227281362,0.051854675752791735,0.34367520151907216
0.88,0.6044701227281362,0.051854675752791735,0.34367520151907216
0.9,0.6044701227281362,0.051854675752791735,0.34367520151907216
0.92,0.6044701227281362,0.051854675752791735,0.34367520151907216
0.9400000000000001,0.6044701227281362,0.051854675752791735,0.34367520151907216
0.96,0.6044701227281362,0.051854675752791735,0.34367520151907216
0.98,0.6044701227281362,0.051854675752791735,0.34367520151907216
1.0,0.6044701227281362,0.051854675752791735,0.34367520151907216
