fraction_of_volc,OH,H2O2,TMI
0.0,0.6133122145257631,0.3028591082496345,0.08382867722460245
0.02,0.6133122145257631,0.3028591082496345,0.08382867722460245
0.04,0.6133122145257631,0.3028591082496345,0.08382867722460245
0.06,0.6133122145257631,0.3028591082496345,0.08382867722460245
0.08,0.6133122145257631,0.3028591082496345,0.08382867722460245
0.1,0.6133122145257631,0.3028591082496345,0.08382867722460245
0.12,0.6133122145257631,0.3028591082496345,0.08382867722460245
0.14,0.6133122145257631,0.3028591082496345,0.08382867722460245
0.16,0.6133122145257631,0.3028591082496345,0.08382867722460245
0.18,0.6133122145257631,0.3028591082496345,0.08382867722460245
0.2,0.6133122145257631,0.3028591082496345,0.08382867722460245
0.22,0.6133122145257631,0.3028591082496345,0.08382867722460245
0.24,0.6133122145257631,0.3028591082496345,0.08382867722460245
0.26,0.6133122145257631,0.3028591082496345,0.08382867722460245
0.28,0.6133122145257631,0.3028591082496345,0.08382867722460245
0.3,0.6133122145257631,0.3028591082496345,0.08382867722460245
0.32,0.6133122145257631,0.3028591082496345,0.08382867722460245
0.34,0.5977725315808339,0.29996874572652577,0.10225872269264047
0.36,0.5822328486359046,0.297078383203417,0.12068876816067847
0.38,0.5666931656909754,0.29418802068030825,0.13911881362871648
0.4,0.5511534827460461,0.29129765815719944,0.15754885909675448
0.42,0.5356137998011169,0.2884072956340907,0.17597890456479248
0.44,0.5200741168561875,0.2855169331109819,0.1944089500328305
0.46,0.5045344339112583,0.28262657058787316,0.21283899550086854
0.48,0.4889947509663291,0.2797362080647644,0.23126904096890655
0.5,0.4734550680213998,0.27684584554165564,0.24969908643694455
0.52,0.45791538507647056,0.2739554830185469,0.26812913190498255
0.54,0.4423757021315413,0.27106512049543807,0.28655917737302056
0.56,0.42683601918661207,0.2681747579723293,0.30498922284105856
0.58,0.4112963362416828,0.26528439544922056,0.32341926830909656
0.6,0.3957566532967536,0.2623940329261118,0.3418493137771346
0.62,0.38021697035182433,0.25950367040300304,0.3602793592451726
0.64,0.3646772874068951,0.2566133078798943,0.37870940471321063
0.66,0.3491376044619658,0.2537229453567855,0.39713945018124863
0.68,0.33359792151703654,0.25083258283367676,0.41556949564928664
0.7000000000000001,0.3180582385721073,0.24794222031056798,0.43399954111732464
0.72,0.30251855562717805,0.24505185778745922,0.45242958658536264
0.74,0.2869788726822488,0.24216149526435043,0.4708596320534007
0.76,0.27143918973731956,0.23927113274124168,0.4892896775214387
0.78,0.25589950679239026,0.23638077021813292,0.5077197229894767
0.8,0.24035982384746102,0.23349040769502416,0.5261497684575147
0.8200000000000001,0.22482014090253177,0.2306000451719154,0.5445798139255527
0.84,0.20928045795760253,0.22770968264880662,0.5630098593935907
0.86,0.1937407750126733,0.22481932012569786,0.5814399048616288
0.88,0.1937407750126733,0.22481932012569786,0.5814399048616288
0.9,0.1937407750126733,0.22481932012569786,0.5814399048616288
0.92,0.1937407750126733,0.22481932012569786,0.5814399048616288
0.9400000000000001,0.1937407750126733,0.22481932012569786,0.5814399048616288
0.96,0.1937407750126733,0.22481932012569786,0.5814399048616288
0.98,0.1937407750126733,0.22481932012569786,0.5814399048616288
1.0,0.1937407750126733,0.22481932012569786,0.5814399048616288
