fraction_of_volc,OH,H2O2,TMI
0.0,0.10920798802491533,0.03749538233483439,0.8532966296402503
0.02,0.10920798802491533,0.03749538233483439,0.8532966296402503
0.04,0.10920798802491533,0.03749538233483439,0.8532966296402503
0.06,0.10920798802491533,0.03749538233483439,0.8532966296402503
0.08,0.10920798802491533,0.03749538233483439,0.8532966296402503
0.1,0.10920798802491533,0.03749538233483439,0.8532966296402503
0.12,0.10920798802491533,0.03749538233483439,0.8532966296402503
0.14,0.10920798802491533,0.03749538233483439,0.8532966296402503
0.16,0.10920798802491533,0.03749538233483439,0.8532966296402503
0.18,0.10920798802491533,0.03749538233483439,0.8532966296402503
0.2,0.10920798802491533,0.03749538233483439,0.8532966296402503
0.22,0.10920798802491533,0.03749538233483439,0.8532966296402503
0.24,0.10920798802491533,0.03749538233483439,0.8532966296402503
0.26,0.10920798802491533,0.03749538233483439,0.8532966296402503
0.28,0.10920798802491533,0.03749538233483439,0.8532966296402503
0.3,0.10920798802491533,0.03749538233483439,0.8532966296402503
0.32,0.13545174956059303,0.04146495411460971,0.8230832963247973
0.34,0.16169551109627073,0.04543452589438502,0.7928699630093443
0.36,0.1879392726319484,0.04940409767416033,0.7626566296938913
0.38,0.2141830341676261,0.05337366945393565,0.7324432963784383
0.4,0.2404267957033038,0.05734324123371097,0.7022299630629852
0.42,0.2666705572389815,0.06131281301348628,0.6720166297475323
0.44,0.2929143187746592,0.0652823847932616,0.6418032964320792
0.46,0.3191580803103369,0.06925195657303691,0.6115899631166262
0.48,0.3454018418460146,0.07322152835281223,0.5813766298011732
0.5,0.3716456033816923,0.07719110013258754,0.5511632964857203
0.52,0.39788936491737,0.08116067191236286,0.5209499631702672
0.54,0.4241331264530476,0.08513024369213817,0.49073662985481414
0.56,0.4503768879887253,0.0890998154719135,0.46052329653936114
0.58,0.47662064952440303,0.09306938725168881,0.43030996322390813
0.6,0.5028644110600807,0.09703895903146412,0.4000966299084551
0.62,0.5291081725957585,0.10100853081123944,0.3698832965930021
0.64,0.5553519341314361,0.10497810259101475,0.33966996327754906
0.66,0.5815956956671138,0.10894767437079007,0.3094566299620961
0.68,0.6078394572027915,0.11291724615056538,0.27924329664664305
0.7000000000000001,0.6340832187384693,0.1168868179303407,0.2490299633311901
0.72,0.6603269802741469,0.12085638971011602,0.21881663001573703
0.74,0.6865707418098246,0.12482596148989132,0.18860329670028408
0.76,0.7128145033455022,0.12879553326966664,0.15838996338483102
0.78,0.7390582648811799,0.13276510504944194,0.12817663006937796
0.8,0.7653020264168577,0.13673467682921728,0.09796329675392501
0.8200000000000001,0.7915457879525354,0.1407042486089926,0.06774996343847195
0.84,0.817789549488213,0.14467382038876792,0.037536630123019
0.86,0.8440333110238908,0.14864339216854322,0.00732329680756594
0.88,0.8440333110238908,0.14864339216854322,0.00732329680756594
0.9,0.8440333110238908,0.14864339216854322,0.00732329680756594
0.92,0.8440333110238908,0.14864339216854322,0.00732329680756594
0.9400000000000001,0.8440333110238908,0.14864339216854322,0.00732329680756594
0.96,0.8440333110238908,0.14864339216854322,0.00732329680756594
0.98,0.8440333110238908,0.14864339216854322,0.00732329680756594
1.0,0.8440333110238908,0.14864339216854322,0.00732329680756594
