fraction_of_volc,OH,H2O2,TMI
0.0,0.17577250149164436,0.4620926069552185,0.36213489155313705
0.02,0.17577250149164436,0.4620926069552185,0.36213489155313705
0.04,0.19077512165849547,0.45864972134661164,0.3505751569948928
0.06,0.20577774182534658,0.45520683573800486,0.3390154224366485
0.08,0.22078036199219767,0.451763950129398,0.32745568787840423
0.1,0.23578298215904878,0.44832106452079123,0.31589595332015996
0.12,0.25078560232589986,0.4448781789121844,0.30433621876191563
0.14,0.26578822249275097,0.44143529330357756,0.29277648420367136
0.16,0.2807908426596021,0.4379924076949708,0.2812167496454271
0.18,0.2957934628264532,0.43454952208636394,0.2696570150871828
0.2,0.3107960829933043,0.43110663647775715,0.25809728052893854
0.22,0.3257987031601554,0.4276637508691503,0.24653754597069427
0.24,0.3408013233270065,0.4242208652605435,0.23497781141244997
0.26,0.3558039434938576,0.4207779796519367,0.2234180768542057
0.28,0.37080656366070874,0.41733509404332986,0.21185834229596143
0.3,0.3858091838275598,0.4138922084347231,0.20029860773771713
0.32,0.4008118039944109,0.41044932282611624,0.18873887317947285
0.34,0.415814424161262,0.4070064372175094,0.17717913862122858
0.36,0.43081704432811313,0.4035635516089026,0.1656194040629843
0.38,0.44581966449496424,0.4001206660002958,0.15405966950474004
0.4,0.46082228466181535,0.396677780391689,0.14249993494649574
0.42,0.47582490482866646,0.39323489478308216,0.13094020038825147
0.44,0.4908275249955175,0.3897920091744753,0.11938046583000719
0.46,0.5058301451623686,0.38634912356586854,0.10782073127176289
0.48,0.5208327653292197,0.3829062379572617,0.09626099671351862
0.5,0.5358353854960709,0.3794633523486549,0.08470126215527435
0.52,0.550838005662922,0.3760204667400481,0.07314152759703006
0.54,0.550838005662922,0.3760204667400481,0.07314152759703006
0.56,0.550838005662922,0.3760204667400481,0.07314152759703006
0.58,0.550838005662922,0.3760204667400481,0.07314152759703006
0.6,0.550838005662922,0.3760204667400481,0.07314152759703006
0.62,0.550838005662922,0.3760204667400481,0.07314152759703006
0.64,0.550838005662922,0.3760204667400481,0.07314152759703006
0.66,0.550838005662922,0.3760204667400481,0.07314152759703006
0.68,0.550838005662922,0.3760204667400481,0.07314152759703006
0.7000000000000001,0.550838005662922,0.3760204667400481,0.07314152759703006
0.72,0.550838005662922,0.3760204667400481,0.07314152759703006
0.74,0.550838005662922,0.3760204667400481,0.07314152759703006
0.76,0.550838005662922,0.3760204667400481,0.07314152759703006
0.78,0.550838005662922,0.3760204667400481,0.07314152759703006
0.8,0.550838005662922,0.3760204667400481,0.07314152759703006
0.8200000000000001,0.550838005662922,0.3760204667400481,0.07314152759703006
0.84,0.550838005662922,0.3760204667400481,0.07314152759703006
0.86,0.550838005662922,0.3760204667400481,0.07314152759703006
0.88,0.550838005662922,0.3760204667400481,0.07314152759703006
0.9,0.550838005662922,0.3760204667400481,0.07314152759703006
0.92,0.550838005662922,0.3760204667400481,0.07314152759703006
0.9400000000000001,0.550838005662922,0.3760204667400481,0.07314152759703006
0.96,0.550838005662922,0.3760204667400481,0.07314152759703006
0.98,0.550838005662922,0.3760204667400481,0.07314152759703006
1.0,0.550838005662922,0.3760204667400481,0.07314152759703006
