fraction_of_volc,OH,H2O2,TMI
0.0,0.3969474845618726,0.15508876498040014,0.44796375045772724
0.02,0.3969474845618726,0.15508876498040014,0.44796375045772724
0.04,0.3969474845618726,0.15508876498040014,0.44796375045772724
0.06,0.3969474845618726,0.15508876498040014,0.44796375045772724
0.08,0.3969474845618726,0.15508876498040014,0.44796375045772724
0.1,0.3969474845618726,0.15508876498040014,0.44796375045772724
0.12,0.3969474845618726,0.15508876498040014,0.44796375045772724
0.14,0.3969474845618726,0.15508876498040014,0.44796375045772724
0.16,0.39778959107596695,0.1591768327398633,0.4430335761841697
0.18,0.39863169759006134,0.16326490049932643,0.43810340191061226
0.2,0.39947380410415567,0.1673529682587896,0.43317322763705474
0.22,0.40031591061825006,0.17144103601825275,0.4282430533634972
0.24,0.4011580171323444,0.1755291037777159,0.4233128790899397
0.26,0.4020001236464387,0.17961717153717904,0.41838270481638223
0.28,0.4028422301605331,0.1837052392966422,0.4134525305428247
0.3,0.40368433667462744,0.18779330705610536,0.4085223562692672
0.32,0.40452644318872183,0.1918813748155685,0.4035921819957097
0.34,0.40536854970281616,0.19596944257503165,0.3986620077221522
0.36,0.40621065621691055,0.20005751033449481,0.3937318334485947
0.38,0.4070527627310049,0.20414557809395795,0.3888016591750372
0.4,0.4078948692450992,0.2082336458534211,0.3838714849014797
0.42,0.4087369757591936,0.21232171361288427,0.3789413106279222
0.44,0.40957908227328793,0.2164097813723474,0.37401113635436467
0.46,0.4104211887873823,0.22049784913181056,0.36908096208080715
0.48,0.41126329530147665,0.22458591689127372,0.36415078780724963
0.5,0.412105401815571,0.22867398465073685,0.35922061353369217
0.52,0.41294750832966537,0.2327620524102,0.35429043926013465
0.54,0.4137896148437597,0.23685012016966317,0.34936026498657713
0.56,0.4146317213578541,0.2409381879291263,0.34443009071301967
0.58,0.4154738278719484,0.24502625568858946,0.33949991643946215
0.6,0.41631593438604275,0.24911432344805262,0.3345697421659046
0.62,0.41715804090013714,0.25320239120751575,0.32963956789234716
0.64,0.41800014741423147,0.2572904589669789,0.32470939361878964
0.66,0.41884225392832586,0.2613785267264421,0.3197792193452321
0.68,0.4196843604424202,0.2654665944859052,0.3148490450716746
0.7000000000000001,0.4205264669565146,0.2695546622453684,0.3099188707981171
0.72,0.4213685734706089,0.2736427300048315,0.3049886965245596
0.74,0.42221067998470324,0.27773079776429466,0.3000585222510021
0.76,0.42305278649879763,0.2818188655237578,0.2951283479774446
0.78,0.42389489301289196,0.285906933283221,0.2901981737038871
0.8,0.42473699952698635,0.28999500104268416,0.2852679994303296
0.8200000000000001,0.4255791060410807,0.2940830688021473,0.2803378251567721
0.84,0.42642121255517507,0.29817113656161043,0.2754076508832146
0.86,0.4272633190692694,0.30225920432107356,0.27047747660965704
0.88,0.42810542558336373,0.3063472720805367,0.2655473023360996
0.9,0.4289475320974581,0.3104353398399999,0.26061712806254206
0.92,0.42978963861155245,0.31452340759946307,0.25568695378898454
0.9400000000000001,0.43063174512564684,0.3186114753589262,0.2507567795154271
0.96,0.43147385163974117,0.32269954311838933,0.24582660524186956
0.98,0.43147385163974117,0.32269954311838933,0.24582660524186956
1.0,0.43147385163974117,0.32269954311838933,0.24582660524186956
