fraction_of_volc,OH,H2O2,TMI
0.0,0.12415808114131666,0.07432419538842591,0.8015177234702574
0.02,0.12415808114131666,0.07432419538842591,0.8015177234702574
0.04,0.12415808114131666,0.07432419538842591,0.8015177234702574
0.06,0.12415808114131666,0.07432419538842591,0.8015177234702574
0.08,0.12415808114131666,0.07432419538842591,0.8015177234702574
0.1,0.12415808114131666,0.07432419538842591,0.8015177234702574
0.12,0.12415808114131666,0.07432419538842591,0.8015177234702574
0.14,0.12415808114131666,0.07432419538842591,0.8015177234702574
0.16,0.12415808114131666,0.07432419538842591,0.8015177234702574
0.18,0.13847261482961137,0.07321747688401783,0.7883099082863708
0.2,0.15278714851790606,0.07211075837960977,0.7751020931024841
0.22,0.16710168220620075,0.0710040398752017,0.7618942779185975
0.24,0.18141621589449547,0.06989732137079363,0.7486864627347108
0.26,0.1957307495827902,0.06879060286638555,0.7354786475508243
0.28,0.21004528327108488,0.06768388436197748,0.7222708323669376
0.3,0.22435981695937957,0.06657716585756941,0.709063017183051
0.32,0.23867435064767428,0.06547044735316133,0.6958552019991644
0.34,0.252988884335969,0.06436372884875327,0.6826473868152777
0.36,0.2673034180242637,0.0632570103443452,0.669439571631391
0.38,0.2816179517125584,0.06215029183993712,0.6562317564475044
0.4,0.2959324854008531,0.06104357333552905,0.6430239412636178
0.42,0.3102470190891478,0.05993685483112098,0.6298161260797311
0.44,0.3245615527774425,0.05883013632671291,0.6166083108958446
0.46,0.3388760864657372,0.057723417822304834,0.6034004957119579
0.48,0.3531906201540319,0.05661669931789677,0.5901926805280713
0.5,0.3675051538423266,0.055509980813488694,0.5769848653441847
0.52,0.38181968753062134,0.05440326230908062,0.563777050160298
0.54,0.396134221218916,0.05329654380467255,0.5505692349764113
0.56,0.4104487549072107,0.05218982530026448,0.5373614197925247
0.58,0.42476328859550544,0.05108310679585641,0.5241536046086381
0.6,0.4390778222838001,0.049976388291448334,0.5109457894247516
0.62,0.4533923559720948,0.04886966978704027,0.49773797424086486
0.64,0.46770688966038954,0.04776295128263219,0.4845301590569782
0.66,0.48202142334868425,0.04665623277822412,0.4713223438730916
0.68,0.49633595703697897,0.04554951427381605,0.45811452868920494
0.7000000000000001,0.5106504907252736,0.04444279576940798,0.4449067135053183
0.72,0.5249650244135684,0.04333607726499991,0.4316988983214317
0.74,0.539279558101863,0.042229358760591834,0.4184910831375451
0.76,0.5535940917901577,0.041122640256183764,0.40528326795365843
0.78,0.5679086254784524,0.04001592175177569,0.3920754527697718
0.8,0.5822231591667472,0.03890920324736762,0.37886763758588515
0.8200000000000001,0.5965376928550419,0.03780248474295955,0.3656598224019985
0.84,0.6108522265433366,0.03669576623855148,0.3524520072181119
0.86,0.6108522265433366,0.03669576623855148,0.3524520072181119
0.88,0.6108522265433366,0.03669576623855148,0.3524520072181119
0.9,0.6108522265433366,0.03669576623855148,0.3524520072181119
0.92,0.6108522265433366,0.03669576623855148,0.3524520072181119
0.9400000000000001,0.6108522265433366,0.03669576623855148,0.3524520072181119
0.96,0.6108522265433366,0.03669576623855148,0.3524520072181119
0.98,0.6108522265433366,0.03669576623855148,0.3524520072181119
1.0,0.6108522265433366,0.03669576623855148,0.3524520072181119
