fraction_of_volc,OH,H2O2,TMI
0.0,0.3018866612219523,0.26251587902495965,0.4355974597530881
0.02,0.3018866612219523,0.26251587902495965,0.4355974597530881
0.04,0.3018866612219523,0.26251587902495965,0.4355974597530881
0.06,0.3018866612219523,0.26251587902495965,0.4355974597530881
0.08,0.3018866612219523,0.26251587902495965,0.4355974597530881
0.1,0.3018866612219523,0.26251587902495965,0.4355974597530881
0.12,0.3018866612219523,0.26251587902495965,0.4355974597530881
0.14,0.3018866612219523,0.26251587902495965,0.4355974597530881
0.16,0.3018866612219523,0.26251587902495965,0.4355974597530881
0.18,0.3018866612219523,0.26251587902495965,0.4355974597530881
0.2,0.3018866612219523,0.26251587902495965,0.4355974597530881
0.22,0.3018866612219523,0.26251587902495965,0.4355974597530881
0.24,0.3018866612219523,0.26251587902495965,0.4355974597530881
0.26,0.3018866612219523,0.26251587902495965,0.4355974597530881
0.28,0.3018866612219523,0.26251587902495965,0.4355974597530881
0.3,0.3018866612219523,0.26251587902495965,0.4355974597530881
0.32,0.3018866612219523,0.26251587902495965,0.4355974597530881
0.34,0.3018866612219523,0.26251587902495965,0.4355974597530881
0.36,0.3018866612219523,0.26251587902495965,0.4355974597530881
0.38,0.3018866612219523,0.26251587902495965,0.4355974597530881
0.4,0.3018866612219523,0.26251587902495965,0.4355974597530881
0.42,0.3018866612219523,0.26251587902495965,0.4355974597530881
0.44,0.3018866612219523,0.26251587902495965,0.4355974597530881
0.46,0.3018866612219523,0.26251587902495965,0.4355974597530881
0.48,0.3018866612219523,0.26251587902495965,0.4355974597530881
0.5,0.3018866612219523,0.26251587902495965,0.4355974597530881
0.52,0.3018866612219523,0.26251587902495965,0.4355974597530881
0.54,0.3018866612219523,0.26251587902495965,0.4355974597530881
0.56,0.3018866612219523,0.26251587902495965,0.4355974597530881
0.58,0.3018866612219523,0.26251587902495965,0.4355974597530881
0.6,0.3018866612219523,0.26251587902495965,0.4355974597530881
0.62,0.29725368762628385,0.2838194241854309,0.41892688818828533
0.64,0.2926207140306154,0.3051229693459021,0.4022563166234825
0.66,0.28798774043494696,0.3264265145063734,0.3855857450586797
0.68,0.2833547668392785,0.34773005966684456,0.3689151734938769
0.7000000000000001,0.27872179324361007,0.36903360482731584,0.35224460192907414
0.72,0.27408881964794163,0.39033714998778707,0.33557403036427136
0.74,0.2694558460522732,0.4116406951482583,0.3189034587994685
0.76,0.26482287245660474,0.4329442403087295,0.30223288723466574
0.78,0.2601898988609363,0.45424778546920075,0.28556231566986295
0.8,0.25555692526526785,0.475551330629672,0.2688917441050601
0.8200000000000001,0.2509239516695994,0.4968548757901432,0.25222117254025733
0.84,0.24629097807393097,0.5181584209506145,0.23555060097545455
0.86,0.24165800447826252,0.5394619661110858,0.21888002941065177
0.88,0.23702503088259408,0.5607655112715569,0.20220945784584896
0.9,0.23702503088259408,0.5607655112715569,0.20220945784584896
0.92,0.23702503088259408,0.5607655112715569,0.20220945784584896
0.9400000000000001,0.23702503088259408,0.5607655112715569,0.20220945784584896
0.96,0.23702503088259408,0.5607655112715569,0.20220945784584896
0.98,0.23702503088259408,0.5607655112715569,0.20220945784584896
1.0,0.23702503088259408,0.5607655112715569,0.20220945784584896
