fraction_of_volc,OH,H2O2,TMI
0.0,0.5038578383799699,0.11198320200751857,0.38415895961251156
0.02,0.5038578383799699,0.11198320200751857,0.38415895961251156
0.04,0.5038578383799699,0.11198320200751857,0.38415895961251156
0.06,0.5038578383799699,0.11198320200751857,0.38415895961251156
0.08,0.5038578383799699,0.11198320200751857,0.38415895961251156
0.1,0.5038578383799699,0.11198320200751857,0.38415895961251156
0.12,0.5038578383799699,0.11198320200751857,0.38415895961251156
0.14,0.5038578383799699,0.11198320200751857,0.38415895961251156
0.16,0.5038578383799699,0.11198320200751857,0.38415895961251156
0.18,0.5038578383799699,0.11198320200751857,0.38415895961251156
0.2,0.5038578383799699,0.11198320200751857,0.38415895961251156
0.22,0.5038578383799699,0.11198320200751857,0.38415895961251156
0.24,0.5038578383799699,0.11198320200751857,0.38415895961251156
0.26,0.5038578383799699,0.11198320200751857,0.38415895961251156
0.28,0.5038578383799699,0.11198320200751857,0.38415895961251156
0.3,0.5038578383799699,0.11198320200751857,0.38415895961251156
0.32,0.5038578383799699,0.11198320200751857,0.38415895961251156
0.34,0.5038578383799699,0.11198320200751857,0.38415895961251156
0.36,0.5038578383799699,0.11198320200751857,0.38415895961251156
0.38,0.5038578383799699,0.11198320200751857,0.38415895961251156
0.4,0.5038578383799699,0.11198320200751857,0.38415895961251156
0.42,0.5056886264082495,0.11598893889015453,0.37832243470159593
0.44,0.5075194144365293,0.1199946757727905,0.37248590979068025
0.46,0.5093502024648089,0.12400041265542645,0.3666493848797646
0.48,0.5111809904930886,0.1280061495380624,0.360812859968849
0.5,0.5130117785213683,0.1320118864206984,0.35497633505793336
0.52,0.514842566549648,0.13601762330333433,0.34913981014701767
0.54,0.5166733545779276,0.1400233601859703,0.34330328523610204
0.56,0.5185041426062074,0.14402909706860625,0.3374667603251864
0.58,0.520334930634487,0.14803483395124223,0.3316302354142707
0.6,0.5221657186627667,0.15204057083387817,0.3257937105033551
0.62,0.5239965066910464,0.15604630771651415,0.31995718559243946
0.64,0.5258272947193261,0.16005204459915012,0.3141206606815238
0.66,0.5276580827476057,0.16405778148178607,0.30828413577060815
0.68,0.5294888707758855,0.16806351836442202,0.3024476108596925
0.7000000000000001,0.5313196588041651,0.172069255247058,0.2966110859487769
0.72,0.5331504468324448,0.17607499212969396,0.29077456103786126
0.74,0.5349812348607245,0.1800807290123299,0.28493803612694557
0.76,0.5368120228890042,0.18408646589496586,0.27910151121602994
0.78,0.5386428109172838,0.18809220277760183,0.2732649863051143
0.8,0.5404735989455636,0.1920979396602378,0.2674284613941986
0.8200000000000001,0.5423043869738432,0.19610367654287375,0.261591936483283
0.84,0.5423043869738432,0.19610367654287375,0.261591936483283
0.86,0.5423043869738432,0.19610367654287375,0.261591936483283
0.88,0.5423043869738432,0.19610367654287375,0.261591936483283
0.9,0.5423043869738432,0.19610367654287375,0.261591936483283
0.92,0.5423043869738432,0.19610367654287375,0.261591936483283
0.9400000000000001,0.5423043869738432,0.19610367654287375,0.261591936483283
0.96,0.5423043869738432,0.19610367654287375,0.261591936483283
0.98,0.5423043869738432,0.19610367654287375,0.261591936483283
1.0,0.5423043869738432,0.19610367654287375,0.261591936483283
