fraction_of_volc,OH,H2O2,TMI
0.0,0.12956899935263969,0.7180928573472121,0.15233814330014825
0.02,0.12956899935263969,0.7180928573472121,0.15233814330014825
0.04,0.12956899935263969,0.7180928573472121,0.15233814330014825
0.06,0.12956899935263969,0.7180928573472121,0.15233814330014825
0.08,0.12956899935263969,0.7180928573472121,0.15233814330014825
0.1,0.12956899935263969,0.7180928573472121,0.15233814330014825
0.12,0.12956899935263969,0.7180928573472121,0.15233814330014825
0.14,0.12956899935263969,0.7180928573472121,0.15233814330014825
0.16,0.12956899935263969,0.7180928573472121,0.15233814330014825
0.18,0.12956899935263969,0.7180928573472121,0.15233814330014825
0.2,0.12956899935263969,0.7180928573472121,0.15233814330014825
0.22,0.12956899935263969,0.7180928573472121,0.15233814330014825
0.24,0.12956899935263969,0.7180928573472121,0.15233814330014825
0.26,0.12956899935263969,0.7180928573472121,0.15233814330014825
0.28,0.12956899935263969,0.7180928573472121,0.15233814330014825
0.3,0.12956899935263969,0.7180928573472121,0.15233814330014825
0.32,0.12956899935263969,0.7180928573472121,0.15233814330014825
0.34,0.12956899935263969,0.7180928573472121,0.15233814330014825
0.36,0.12956899935263969,0.7180928573472121,0.15233814330014825
0.38,0.12956899935263969,0.7180928573472121,0.15233814330014825
0.4,0.12956899935263969,0.7180928573472121,0.15233814330014825
0.42,0.12956899935263969,0.7180928573472121,0.15233814330014825
0.44,0.12956899935263969,0.7180928573472121,0.15233814330014825
0.46,0.12956899935263969,0.7180928573472121,0.15233814330014825
0.48,0.14422990427072122,0.7082505610945508,0.14751953463472797
0.5,0.15889080918880275,0.6984082648418896,0.1427009259693077
0.52,0.17355171410688425,0.6885659685892282,0.13788231730388745
0.54,0.18821261902496578,0.678723672336567,0.13306370863846717
0.56,0.2028735239430473,0.6688813760839057,0.1282450999730469
0.58,0.21753442886112884,0.6590390798312444,0.12342649130762662
0.6,0.23219533377921037,0.6491967835785832,0.11860788264220634
0.62,0.2468562386972919,0.6393544873259219,0.11378927397678607
0.64,0.2615171436153734,0.6295121910732607,0.1089706653113658
0.66,0.27617804853345496,0.6196698948205994,0.10415205664594553
0.68,0.2908389534515365,0.6098275985679382,0.09933344798052526
0.7000000000000001,0.305499858369618,0.5999853023152769,0.09451483931510499
0.72,0.3201607632876995,0.5901430060626156,0.08969623064968471
0.74,0.3348216682057811,0.5803007098099544,0.08487762198426443
0.76,0.34948257312386255,0.5704584135572931,0.08005901331884417
0.78,0.36414347804194414,0.5606161173046319,0.0752404046534239
0.8,0.3788043829600256,0.5507738210519706,0.07042179598800362
0.8200000000000001,0.3934652878781072,0.5409315247993094,0.06560318732258336
0.84,0.40812619279618867,0.5310892285466481,0.06078457865716308
0.86,0.42278709771427025,0.5212469322939868,0.0559659699917428
0.88,0.4374480026323518,0.5114046360413256,0.05114736132632252
0.9,0.4374480026323518,0.5114046360413256,0.05114736132632252
0.92,0.4374480026323518,0.5114046360413256,0.05114736132632252
0.9400000000000001,0.4374480026323518,0.5114046360413256,0.05114736132632252
0.96,0.4374480026323518,0.5114046360413256,0.05114736132632252
0.98,0.4374480026323518,0.5114046360413256,0.05114736132632252
1.0,0.4374480026323518,0.5114046360413256,0.05114736132632252
