fraction_of_volc,OH,H2O2,TMI
0.0,0.23703749410540906,0.0869657491037544,0.6759967567908365
0.02,0.23703749410540906,0.0869657491037544,0.6759967567908365
0.04,0.23703749410540906,0.0869657491037544,0.6759967567908365
0.06,0.23703749410540906,0.0869657491037544,0.6759967567908365
0.08,0.23703749410540906,0.0869657491037544,0.6759967567908365
0.1,0.23703749410540906,0.0869657491037544,0.6759967567908365
0.12,0.23703749410540906,0.0869657491037544,0.6759967567908365
0.14,0.23703749410540906,0.0869657491037544,0.6759967567908365
0.16,0.23703749410540906,0.0869657491037544,0.6759967567908365
0.18,0.23703749410540906,0.0869657491037544,0.6759967567908365
0.2,0.23703749410540906,0.0869657491037544,0.6759967567908365
0.22,0.23703749410540906,0.0869657491037544,0.6759967567908365
0.24,0.23703749410540906,0.0869657491037544,0.6759967567908365
0.26,0.23703749410540906,0.0869657491037544,0.6759967567908365
0.28,0.23703749410540906,0.0869657491037544,0.6759967567908365
0.3,0.23703749410540906,0.0869657491037544,0.6759967567908365
0.32,0.23703749410540906,0.0869657491037544,0.6759967567908365
0.34,0.23703749410540906,0.0869657491037544,0.6759967567908365
0.36,0.23703749410540906,0.0869657491037544,0.6759967567908365
0.38,0.23703749410540906,0.0869657491037544,0.6759967567908365
0.4,0.23703749410540906,0.0869657491037544,0.6759967567908365
0.42,0.23703749410540906,0.0869657491037544,0.6759967567908365
0.44,0.23703749410540906,0.0869657491037544,0.6759967567908365
0.46,0.23703749410540906,0.0869657491037544,0.6759967567908365
0.48,0.22717770116890024,0.09602106002071985,0.6768012388103799
0.5,0.21731790823239142,0.10507637093768529,0.6776057208299232
0.52,0.2074581152958826,0.11413168185465072,0.6784102028494666
0.54,0.19759832235937375,0.12318699277161617,0.67921468486901
0.56,0.18773852942286492,0.13224230368858161,0.6800191668885534
0.58,0.1778787364863561,0.14129761460554704,0.6808236489080968
0.6,0.16801894354984725,0.1503529255225125,0.6816281309276402
0.62,0.15815915061333846,0.15940823643947793,0.6824326129471835
0.64,0.1482993576768296,0.16846354735644337,0.6832370949667269
0.66,0.1384395647403208,0.17751885827340882,0.6840415769862703
0.68,0.12857977180381197,0.18657416919037426,0.6848460590058137
0.7000000000000001,0.11871997886730315,0.19562948010733971,0.685650541025357
0.72,0.10886018593079433,0.20468479102430515,0.6864550230449005
0.74,0.09900039299428548,0.21374010194127058,0.6872595050644439
0.76,0.08914060005777666,0.22279541285823604,0.6880639870839872
0.78,0.07928080712126784,0.23185072377520147,0.6888684691035306
0.8,0.06942101418475902,0.2409060346921669,0.689672951123074
0.8200000000000001,0.059561221248250196,0.24996134560913236,0.6904774331426173
0.84,0.04970142831174139,0.2590166565260978,0.6912819151621608
0.86,0.04970142831174139,0.2590166565260978,0.6912819151621608
0.88,0.04970142831174139,0.2590166565260978,0.6912819151621608
0.9,0.04970142831174139,0.2590166565260978,0.6912819151621608
0.92,0.04970142831174139,0.2590166565260978,0.6912819151621608
0.9400000000000001,0.04970142831174139,0.2590166565260978,0.6912819151621608
0.96,0.04970142831174139,0.2590166565260978,0.6912819151621608
0.98,0.04970142831174139,0.2590166565260978,0.6912819151621608
1.0,0.04970142831174139,0.2590166565260978,0.6912819151621608
