fraction_of_volc,OH,H2O2,TMI
0.0,0.3791529675549717,0.44131884344933814,0.17952818899569023
0.02,0.3791529675549717,0.44131884344933814,0.17952818899569023
0.04,0.3791529675549717,0.44131884344933814,0.17952818899569023
0.06,0.3791529675549717,0.44131884344933814,0.17952818899569023
0.08,0.3791529675549717,0.44131884344933814,0.17952818899569023
0.1,0.3791529675549717,0.44131884344933814,0.17952818899569023
0.12,0.3791529675549717,0.44131884344933814,0.17952818899569023
0.14,0.3791529675549717,0.44131884344933814,0.17952818899569023
0.16,0.3791529675549717,0.44131884344933814,0.17952818899569023
0.18,0.3791529675549717,0.44131884344933814,0.17952818899569023
0.2,0.3791529675549717,0.44131884344933814,0.17952818899569023
0.22,0.3791529675549717,0.44131884344933814,0.17952818899569023
0.24,0.3791529675549717,0.44131884344933814,0.17952818899569023
0.26,0.3791529675549717,0.44131884344933814,0.17952818899569023
0.28,0.3791529675549717,0.44131884344933814,0.17952818899569023
0.3,0.3791529675549717,0.44131884344933814,0.17952818899569023
0.32,0.3791529675549717,0.44131884344933814,0.17952818899569023
0.34,0.3791529675549717,0.44131884344933814,0.17952818899569023
0.36,0.3791529675549717,0.44131884344933814,0.17952818899569023
0.38,0.41041756279981145,0.3976933542227248,0.19188908297746382
0.4,0.4416821580446512,0.3540678649961114,0.2042499769592374
0.42,0.472946753289491,0.310442375769498,0.21661087094101103
0.44,0.5042113485343308,0.26681688654288466,0.22897176492278462
0.46,0.5354759437791705,0.2231913973162713,0.2413326589045582
0.48,0.5667405390240103,0.1795659080896579,0.25369355288633183
0.5,0.5980051342688502,0.13594041886304453,0.2660544468681054
0.52,0.6292697295136899,0.09231492963643115,0.278415340849879
0.54,0.6292697295136899,0.09231492963643115,0.278415340849879
0.56,0.6292697295136899,0.09231492963643115,0.278415340849879
0.58,0.6292697295136899,0.09231492963643115,0.278415340849879
0.6,0.6292697295136899,0.09231492963643115,0.278415340849879
0.62,0.6292697295136899,0.09231492963643115,0.278415340849879
0.64,0.6292697295136899,0.09231492963643115,0.278415340849879
0.66,0.6292697295136899,0.09231492963643115,0.278415340849879
0.68,0.6292697295136899,0.09231492963643115,0.278415340849879
0.7000000000000001,0.6292697295136899,0.09231492963643115,0.278415340849879
0.72,0.6292697295136899,0.09231492963643115,0.278415340849879
0.74,0.6292697295136899,0.09231492963643115,0.278415340849879
0.76,0.6292697295136899,0.09231492963643115,0.278415340849879
0.78,0.6292697295136899,0.09231492963643115,0.278415340849879
0.8,0.6292697295136899,0.09231492963643115,0.278415340849879
0.8200000000000001,0.6292697295136899,0.09231492963643115,0.278415340849879
0.84,0.6292697295136899,0.09231492963643115,0.278415340849879
0.86,0.6292697295136899,0.09231492963643115,0.278415340849879
0.88,0.6292697295136899,0.09231492963643115,0.278415340849879
0.9,0.6292697295136899,0.09231492963643115,0.278415340849879
0.92,0.6292697295136899,0.09231492963643115,0.278415340849879
0.9400000000000001,0.6292697295136899,0.09231492963643115,0.278415340849879
0.96,0.6292697295136899,0.09231492963643115,0.278415340849879
0.98,0.6292697295136899,0.09231492963643115,0.278415340849879
1.0,0.6292697295136899,0.09231492963643115,0.278415340849879
