fraction_of_volc,OH,H2O2,TMI
0.0,0.2600619448135503,0.10754154043971545,0.6323965147467342
0.02,0.2600619448135503,0.10754154043971545,0.6323965147467342
0.04,0.2600619448135503,0.10754154043971545,0.6323965147467342
0.06,0.31075093756813493,0.09345740225841837,0.5957916601734466
0.08,0.3614399303227196,0.07937326407712128,0.5591868056001591
0.1,0.4121289230773042,0.06528912589582421,0.5225819510268715
0.12,0.4628179158318888,0.051204987714527125,0.485977096453584
0.14,0.5135069085864734,0.03712084953323004,0.44937224188029645
0.16,0.564195901341058,0.02303671135193297,0.41276738730700896
0.18,0.6148848940956427,0.008952573170635884,0.3761625327337214
0.2,0.6148848940956427,0.008952573170635884,0.3761625327337214
0.22,0.6148848940956427,0.008952573170635884,0.3761625327337214
0.24,0.6148848940956427,0.008952573170635884,0.3761625327337214
0.26,0.6148848940956427,0.008952573170635884,0.3761625327337214
0.28,0.6148848940956427,0.008952573170635884,0.3761625327337214
0.3,0.6148848940956427,0.008952573170635884,0.3761625327337214
0.32,0.6148848940956427,0.008952573170635884,0.3761625327337214
0.34,0.6148848940956427,0.008952573170635884,0.3761625327337214
0.36,0.6148848940956427,0.008952573170635884,0.3761625327337214
0.38,0.6148848940956427,0.008952573170635884,0.3761625327337214
0.4,0.6148848940956427,0.008952573170635884,0.3761625327337214
0.42,0.6148848940956427,0.008952573170635884,0.3761625327337214
0.44,0.6148848940956427,0.008952573170635884,0.3761625327337214
0.46,0.6148848940956427,0.008952573170635884,0.3761625327337214
0.48,0.6148848940956427,0.008952573170635884,0.3761625327337214
0.5,0.6148848940956427,0.008952573170635884,0.3761625327337214
0.52,0.6148848940956427,0.008952573170635884,0.3761625327337214
0.54,0.6148848940956427,0.008952573170635884,0.3761625327337214
0.56,0.6148848940956427,0.008952573170635884,0.3761625327337214
0.58,0.6148848940956427,0.008952573170635884,0.3761625327337214
0.6,0.6148848940956427,0.008952573170635884,0.3761625327337214
0.62,0.6148848940956427,0.008952573170635884,0.3761625327337214
0.64,0.6148848940956427,0.008952573170635884,0.3761625327337214
0.66,0.6148848940956427,0.008952573170635884,0.3761625327337214
0.68,0.6148848940956427,0.008952573170635884,0.3761625327337214
0.7000000000000001,0.6148848940956427,0.008952573170635884,0.3761625327337214
0.72,0.6148848940956427,0.008952573170635884,0.3761625327337214
0.74,0.6148848940956427,0.008952573170635884,0.3761625327337214
0.76,0.6148848940956427,0.008952573170635884,0.3761625327337214
0.78,0.6148848940956427,0.008952573170635884,0.3761625327337214
0.8,0.6148848940956427,0.008952573170635884,0.3761625327337214
0.8200000000000001,0.6148848940956427,0.008952573170635884,0.3761625327337214
0.84,0.6148848940956427,0.008952573170635884,0.3761625327337214
0.86,0.6148848940956427,0.008952573170635884,0.3761625327337214
0.88,0.6148848940956427,0.008952573170635884,0.3761625327337214
0.9,0.6148848940956427,0.008952573170635884,0.3761625327337214
0.92,0.6148848940956427,0.008952573170635884,0.3761625327337214
0.9400000000000001,0.6148848940956427,0.008952573170635884,0.3761625327337214
0.96,0.6148848940956427,0.008952573170635884,0.3761625327337214
0.98,0.6148848940956427,0.008952573170635884,0.3761625327337214
1.0,0.6148848940956427,0.008952573170635884,0.3761625327337214
