fraction_of_volc,OH,H2O2,TMI
0.0,0.04393105068796104,0.6300962085091107,0.3259727408029281
0.02,0.04393105068796104,0.6300962085091107,0.3259727408029281
0.04,0.04393105068796104,0.6300962085091107,0.3259727408029281
0.06,0.04393105068796104,0.6300962085091107,0.3259727408029281
0.08,0.04393105068796104,0.6300962085091107,0.3259727408029281
0.1,0.04393105068796104,0.6300962085091107,0.3259727408029281
0.12,0.04393105068796104,0.6300962085091107,0.3259727408029281
0.14,0.04393105068796104,0.6300962085091107,0.3259727408029281
0.16,0.04393105068796104,0.6300962085091107,0.3259727408029281
0.18,0.04393105068796104,0.6300962085091107,0.3259727408029281
0.2,0.04393105068796104,0.6300962085091107,0.3259727408029281
0.22,0.04393105068796104,0.6300962085091107,0.3259727408029281
0.24,0.04393105068796104,0.6300962085091107,0.3259727408029281
0.26,0.04393105068796104,0.6300962085091107,0.3259727408029281
0.28,0.04393105068796104,0.6300962085091107,0.3259727408029281
0.3,0.060210735051356296,0.6119902031331064,0.3277990618155372
0.32,0.07649041941475156,0.593884197757102,0.3296253828281463
0.34,0.09277010377814682,0.5757781923810976,0.33145170384075545
0.36,0.10904978814154206,0.5576721870050932,0.33327802485336455
0.38,0.12532947250493734,0.5395661816290889,0.33510434586597365
0.4,0.1416091568683326,0.5214601762530845,0.33693066687858275
0.42,0.15788884123172783,0.5033541708770801,0.3387569878911919
0.44,0.1741685255951231,0.48524816550107575,0.340583308903801
0.46,0.19044820995851836,0.46714216012507137,0.3424096299164101
0.48,0.20672789432191363,0.449036154749067,0.3442359509290192
0.5,0.22300757868530888,0.4309301493730626,0.3460622719416283
0.52,0.23928726304870412,0.4128241439970583,0.34788859295423746
0.54,0.2555669474120994,0.3947181386210539,0.34971491396684656
0.56,0.2718466317754946,0.37661213324504955,0.35154123497945566
0.58,0.2881263161388899,0.3585061278690452,0.35336755599206476
0.6,0.30440600050228517,0.3404001224930408,0.3551938770046739
0.62,0.32068568486568044,0.3222941171170364,0.357020198017283
0.64,0.33696536922907566,0.30418811174103205,0.3588465190298921
0.66,0.35324505359247094,0.2860821063650277,0.3606728400425012
0.68,0.3695247379558662,0.2679761009890233,0.3624991610551104
0.7000000000000001,0.38580442231926143,0.24987009561301893,0.3643254820677195
0.72,0.4020841066826567,0.23176409023701455,0.3661518030803286
0.74,0.418363791046052,0.21365808486101018,0.3679781240929377
0.76,0.4346434754094472,0.19555207948500586,0.3698044451055468
0.78,0.4509231597728425,0.17744607410900148,0.37163076611815593
0.8,0.46720284413623775,0.1593400687329971,0.37345708713076503
0.8200000000000001,0.483482528499633,0.14123406335699276,0.37528340814337413
0.84,0.483482528499633,0.14123406335699276,0.37528340814337413
0.86,0.483482528499633,0.14123406335699276,0.37528340814337413
0.88,0.483482528499633,0.14123406335699276,0.37528340814337413
0.9,0.483482528499633,0.14123406335699276,0.37528340814337413
0.92,0.483482528499633,0.14123406335699276,0.37528340814337413
0.9400000000000001,0.483482528499633,0.14123406335699276,0.37528340814337413
0.96,0.483482528499633,0.14123406335699276,0.37528340814337413
0.98,0.483482528499633,0.14123406335699276,0.37528340814337413
1.0,0.483482528499633,0.14123406335699276,0.37528340814337413
