fraction_of_volc,OH,H2O2,TMI
0.0,0.26863951531106345,0.6470576107152683,0.08430287397366813
0.02,0.26863951531106345,0.6470576107152683,0.08430287397366813
0.04,0.2633929194599734,0.6275929671008508,0.10901411343917577
0.06,0.25814632360888334,0.6081283234864332,0.13372535290468343
0.08,0.2528997277577933,0.5886636798720155,0.1584365923701911
0.1,0.24765313190670324,0.5691990362575979,0.18314783183569872
0.12,0.2424065360556132,0.5497343926431804,0.2078590713012064
0.14,0.23715994020452313,0.5302697490287628,0.23257031076671403
0.16,0.2319133443534331,0.5108051054143452,0.25728155023222166
0.18,0.22666674850234306,0.49134046179992763,0.28199278969772934
0.2,0.221420152651253,0.47187581818551,0.30670402916323697
0.22,0.21617355680016295,0.4524111745710924,0.33141526862874465
0.24,0.2109269609490729,0.4329465309566748,0.3561265080942523
0.26,0.20568036509798285,0.4134818873422572,0.3808377475597599
0.28,0.2004337692468928,0.39401724372783964,0.4055489870252676
0.3,0.19518717339580277,0.37455260011342206,0.4302602264907752
0.32,0.18994057754471272,0.35508795649900443,0.4549714659562829
0.34,0.18469398169362267,0.33562331288458686,0.47968270542179053
0.36,0.17944738584253261,0.3161586692701693,0.5043939448872982
0.38,0.17420078999144256,0.29669402565575165,0.5291051843528058
0.4,0.1689541941403525,0.27722938204133407,0.5538164238183134
0.42,0.16370759828926246,0.2577647384269165,0.5785276632838211
0.44,0.1584610024381724,0.23830009481249886,0.6032389027493287
0.46,0.15321440658708235,0.2188354511980813,0.6279501422148364
0.48,0.1479678107359923,0.1993708075836637,0.652661381680344
0.5,0.14272121488490225,0.17990616396924608,0.6773726211458516
0.52,0.1374746190338122,0.1604415203548285,0.7020838606113593
0.54,0.13222802318272214,0.14097687674041093,0.726795100076867
0.56,0.12698142733163212,0.12151223312599335,0.7515063395423747
0.58,0.12173483148054207,0.10204758951157578,0.7762175790078822
0.6,0.12173483148054207,0.10204758951157578,0.7762175790078822
0.62,0.12173483148054207,0.10204758951157578,0.7762175790078822
0.64,0.12173483148054207,0.10204758951157578,0.7762175790078822
0.66,0.12173483148054207,0.10204758951157578,0.7762175790078822
0.68,0.12173483148054207,0.10204758951157578,0.7762175790078822
0.7000000000000001,0.12173483148054207,0.10204758951157578,0.7762175790078822
0.72,0.12173483148054207,0.10204758951157578,0.7762175790078822
0.74,0.12173483148054207,0.10204758951157578,0.7762175790078822
0.76,0.12173483148054207,0.10204758951157578,0.7762175790078822
0.78,0.12173483148054207,0.10204758951157578,0.7762175790078822
0.8,0.12173483148054207,0.10204758951157578,0.7762175790078822
0.8200000000000001,0.12173483148054207,0.10204758951157578,0.7762175790078822
0.84,0.12173483148054207,0.10204758951157578,0.7762175790078822
0.86,0.12173483148054207,0.10204758951157578,0.7762175790078822
0.88,0.12173483148054207,0.10204758951157578,0.7762175790078822
0.9,0.12173483148054207,0.10204758951157578,0.7762175790078822
0.92,0.12173483148054207,0.10204758951157578,0.7762175790078822
0.9400000000000001,0.12173483148054207,0.10204758951157578,0.7762175790078822
0.96,0.12173483148054207,0.10204758951157578,0.7762175790078822
0.98,0.12173483148054207,0.10204758951157578,0.7762175790078822
1.0,0.12173483148054207,0.10204758951157578,0.7762175790078822
