fraction_of_volc,OH,H2O2,TMI
0.0,0.3808881910781864,0.05358341397543948,0.565528394946374
0.02,0.3808881910781864,0.05358341397543948,0.565528394946374
0.04,0.3808881910781864,0.05358341397543948,0.565528394946374
0.06,0.3808881910781864,0.05358341397543948,0.565528394946374
0.08,0.3808881910781864,0.05358341397543948,0.565528394946374
0.1,0.3808881910781864,0.05358341397543948,0.565528394946374
0.12,0.3808881910781864,0.05358341397543948,0.565528394946374
0.14,0.3808881910781864,0.05358341397543948,0.565528394946374
0.16,0.3808881910781864,0.05358341397543948,0.565528394946374
0.18,0.3808881910781864,0.05358341397543948,0.565528394946374
0.2,0.3808881910781864,0.05358341397543948,0.565528394946374
0.22,0.3808881910781864,0.05358341397543948,0.565528394946374
0.24,0.3808881910781864,0.05358341397543948,0.565528394946374
0.26,0.3808881910781864,0.05358341397543948,0.565528394946374
0.28,0.3808881910781864,0.05358341397543948,0.565528394946374
0.3,0.3808881910781864,0.05358341397543948,0.565528394946374
0.32,0.3808881910781864,0.05358341397543948,0.565528394946374
0.34,0.3808881910781864,0.05358341397543948,0.565528394946374
0.36,0.3808881910781864,0.05358341397543948,0.565528394946374
0.38,0.3808881910781864,0.05358341397543948,0.565528394946374
0.4,0.38164584292880593,0.05108084283219572,0.5672733142389982
0.42,0.3824034947794254,0.048578271688951964,0.5690182335316225
0.44,0.38316114663004497,0.046075700545708205,0.5707631528242467
0.46,0.38391879848066446,0.043573129402464446,0.5725080721168709
0.48,0.384676450331284,0.04107055825922069,0.5742529914094952
0.5,0.38543410218190355,0.038567987115976934,0.5759979107021195
0.52,0.38619175403252304,0.036065415972733175,0.5777428299947437
0.54,0.3869494058831426,0.033562844829489416,0.5794877492873679
0.56,0.3877070577337621,0.031060273686245653,0.5812326685799922
0.58,0.3884647095843816,0.028557702543001894,0.5829775878726164
0.6,0.38922236143500116,0.026055131399758135,0.5847225071652407
0.62,0.38998001328562065,0.02355256025651438,0.586467426457865
0.64,0.3907376651362402,0.02104998911327062,0.5882123457504892
0.66,0.3914953169868597,0.01854741797002686,0.5899572650431134
0.68,0.39225296883747923,0.016044846826783102,0.5917021843357377
0.7000000000000001,0.3930106206880988,0.013542275683539343,0.593447103628362
0.72,0.39376827253871827,0.011039704540295583,0.5951920229209862
0.74,0.3945259243893378,0.008537133397051824,0.5969369422136104
0.76,0.3952835762399573,0.006034562253808065,0.5986818615062347
0.78,0.39604122809057685,0.003531991110564304,0.6004267807988589
0.8,0.39604122809057685,0.003531991110564304,0.6004267807988589
0.8200000000000001,0.39604122809057685,0.003531991110564304,0.6004267807988589
0.84,0.39604122809057685,0.003531991110564304,0.6004267807988589
0.86,0.39604122809057685,0.003531991110564304,0.6004267807988589
0.88,0.39604122809057685,0.003531991110564304,0.6004267807988589
0.9,0.39604122809057685,0.003531991110564304,0.6004267807988589
0.92,0.39604122809057685,0.003531991110564304,0.6004267807988589
0.9400000000000001,0.39604122809057685,0.003531991110564304,0.6004267807988589
0.96,0.39604122809057685,0.003531991110564304,0.6004267807988589
0.98,0.39604122809057685,0.003531991110564304,0.6004267807988589
1.0,0.39604122809057685,0.003531991110564304,0.6004267807988589
