fraction_of_volc,OH,H2O2,TMI
0.0,0.05522248239383458,0.26805260375407336,0.6767249138520921
0.02,0.05522248239383458,0.26805260375407336,0.6767249138520921
0.04,0.05522248239383458,0.26805260375407336,0.6767249138520921
0.06,0.05522248239383458,0.26805260375407336,0.6767249138520921
0.08,0.05522248239383458,0.26805260375407336,0.6767249138520921
0.1,0.05522248239383458,0.26805260375407336,0.6767249138520921
0.12,0.05522248239383458,0.26805260375407336,0.6767249138520921
0.14,0.05522248239383458,0.26805260375407336,0.6767249138520921
0.16,0.05522248239383458,0.26805260375407336,0.6767249138520921
0.18,0.05522248239383458,0.26805260375407336,0.6767249138520921
0.2,0.05522248239383458,0.26805260375407336,0.6767249138520921
0.22,0.05522248239383458,0.26805260375407336,0.6767249138520921
0.24,0.05522248239383458,0.26805260375407336,0.6767249138520921
0.26,0.05522248239383458,0.26805260375407336,0.6767249138520921
0.28,0.05522248239383458,0.26805260375407336,0.6767249138520921
0.3,0.05522248239383458,0.26805260375407336,0.6767249138520921
0.32,0.05522248239383458,0.26805260375407336,0.6767249138520921
0.34,0.05522248239383458,0.26805260375407336,0.6767249138520921
0.36,0.08233219338207065,0.27944099173404535,0.638226814883884
0.38,0.10944190437030674,0.29082937971401734,0.5997287159156759
0.4,0.13655161535854282,0.30221776769398934,0.5612306169474678
0.42,0.16366132634677888,0.31360615567396133,0.5227325179792597
0.44,0.190771037335015,0.3249945436539334,0.4842344190110516
0.46,0.21788074832325105,0.33638293163390537,0.4457363200428435
0.48,0.2449904593114871,0.34777131961387736,0.4072382210746354
0.5,0.2721001702997232,0.35915970759384935,0.3687401221064273
0.52,0.2721001702997232,0.35915970759384935,0.3687401221064273
0.54,0.2721001702997232,0.35915970759384935,0.3687401221064273
0.56,0.2721001702997232,0.35915970759384935,0.3687401221064273
0.58,0.2721001702997232,0.35915970759384935,0.3687401221064273
0.6,0.2721001702997232,0.35915970759384935,0.3687401221064273
0.62,0.2721001702997232,0.35915970759384935,0.3687401221064273
0.64,0.2721001702997232,0.35915970759384935,0.3687401221064273
0.66,0.2721001702997232,0.35915970759384935,0.3687401221064273
0.68,0.2721001702997232,0.35915970759384935,0.3687401221064273
0.7000000000000001,0.2721001702997232,0.35915970759384935,0.3687401221064273
0.72,0.2721001702997232,0.35915970759384935,0.3687401221064273
0.74,0.2721001702997232,0.35915970759384935,0.3687401221064273
0.76,0.2721001702997232,0.35915970759384935,0.3687401221064273
0.78,0.2721001702997232,0.35915970759384935,0.3687401221064273
0.8,0.2721001702997232,0.35915970759384935,0.3687401221064273
0.8200000000000001,0.2721001702997232,0.35915970759384935,0.3687401221064273
0.84,0.2721001702997232,0.35915970759384935,0.3687401221064273
0.86,0.2721001702997232,0.35915970759384935,0.3687401221064273
0.88,0.2721001702997232,0.35915970759384935,0.3687401221064273
0.9,0.2721001702997232,0.35915970759384935,0.3687401221064273
0.92,0.2721001702997232,0.35915970759384935,0.3687401221064273
0.9400000000000001,0.2721001702997232,0.35915970759384935,0.3687401221064273
0.96,0.2721001702997232,0.35915970759384935,0.3687401221064273
0.98,0.2721001702997232,0.35915970759384935,0.3687401221064273
1.0,0.2721001702997232,0.35915970759384935,0.3687401221064273
