fraction_of_volc,OH,H2O2,TMI
0.0,0.5546447298771298,0.14379845928009827,0.30155681084277197
0.02,0.5546447298771298,0.14379845928009827,0.30155681084277197
0.04,0.5546447298771298,0.14379845928009827,0.30155681084277197
0.06,0.5546447298771298,0.14379845928009827,0.30155681084277197
0.08,0.5546447298771298,0.14379845928009827,0.30155681084277197
0.1,0.5546447298771298,0.14379845928009827,0.30155681084277197
0.12,0.5546447298771298,0.14379845928009827,0.30155681084277197
0.14,0.5546447298771298,0.14379845928009827,0.30155681084277197
0.16,0.5546447298771298,0.14379845928009827,0.30155681084277197
0.18,0.5546447298771298,0.14379845928009827,0.30155681084277197
0.2,0.5546447298771298,0.14379845928009827,0.30155681084277197
0.22,0.5546447298771298,0.14379845928009827,0.30155681084277197
0.24,0.5546447298771298,0.14379845928009827,0.30155681084277197
0.26,0.5324333211136715,0.16514046263622645,0.3024262162501021
0.28,0.5102219123502132,0.18648246599235466,0.3032956216574321
0.3,0.4880105035867549,0.20782446934848287,0.30416502706476223
0.32,0.4657990948232966,0.22916647270461105,0.30503443247209233
0.34,0.44358768605983834,0.2505084760607392,0.3059038378794224
0.36,0.42137627729638005,0.27185047941686746,0.3067732432867525
0.38,0.39916486853292177,0.29319248277299564,0.30764264869408253
0.4,0.3769534597694635,0.3145344861291238,0.30851205410141264
0.42,0.3547420510060052,0.335876489485252,0.30938145950874274
0.44,0.3325306422425469,0.3572184928413802,0.3102508649160728
0.46,0.31031923347908863,0.3785604961975084,0.3111202703234029
0.48,0.2881078247156304,0.3999024995536366,0.311989675730733
0.5,0.2658964159521721,0.4212445029097648,0.31285908113806304
0.52,0.24368500718871383,0.442586506265893,0.31372848654539315
0.54,0.22147359842525555,0.4639285096220212,0.31459789195272325
0.56,0.19926218966179726,0.4852705129781494,0.3154672973600533
0.58,0.17705078089833898,0.5066125163342776,0.3163367027673834
0.6,0.1548393721348807,0.5279545196904057,0.31720610817471345
0.62,0.1326279633714224,0.549296523046534,0.31807551358204356
0.64,0.11041655460796412,0.5706385264026621,0.31894491898937366
0.66,0.08820514584450584,0.5919805297587903,0.3198143243967037
0.68,0.06599373708104758,0.6133225331149186,0.3206837298040338
0.7000000000000001,0.06599373708104758,0.6133225331149186,0.3206837298040338
0.72,0.06599373708104758,0.6133225331149186,0.3206837298040338
0.74,0.06599373708104758,0.6133225331149186,0.3206837298040338
0.76,0.06599373708104758,0.6133225331149186,0.3206837298040338
0.78,0.06599373708104758,0.6133225331149186,0.3206837298040338
0.8,0.06599373708104758,0.6133225331149186,0.3206837298040338
0.8200000000000001,0.06599373708104758,0.6133225331149186,0.3206837298040338
0.84,0.06599373708104758,0.6133225331149186,0.3206837298040338
0.86,0.06599373708104758,0.6133225331149186,0.3206837298040338
0.88,0.06599373708104758,0.6133225331149186,0.3206837298040338
0.9,0.06599373708104758,0.6133225331149186,0.3206837298040338
0.92,0.06599373708104758,0.6133225331149186,0.3206837298040338
0.9400000000000001,0.06599373708104758,0.6133225331149186,0.3206837298040338
0.96,0.06599373708104758,0.6133225331149186,0.3206837298040338
0.98,0.06599373708104758,0.6133225331149186,0.3206837298040338
1.0,0.06599373708104758,0.6133225331149186,0.3206837298040338
