fraction_of_volc,OH,H2O2,TMI
0.0,0.28285749452058406,0.19725997092008463,0.5198825345593312
0.02,0.28285749452058406,0.19725997092008463,0.5198825345593312
0.04,0.28285749452058406,0.19725997092008463,0.5198825345593312
0.06,0.28285749452058406,0.19725997092008463,0.5198825345593312
0.08,0.28285749452058406,0.19725997092008463,0.5198825345593312
0.1,0.28285749452058406,0.19725997092008463,0.5198825345593312
0.12,0.28285749452058406,0.19725997092008463,0.5198825345593312
0.14,0.28285749452058406,0.19725997092008463,0.5198825345593312
0.16,0.28285749452058406,0.19725997092008463,0.5198825345593312
0.18,0.28285749452058406,0.19725997092008463,0.5198825345593312
0.2,0.28285749452058406,0.19725997092008463,0.5198825345593312
0.22,0.28285749452058406,0.19725997092008463,0.5198825345593312
0.24,0.28285749452058406,0.19725997092008463,0.5198825345593312
0.26,0.28285749452058406,0.19725997092008463,0.5198825345593312
0.28,0.28285749452058406,0.19725997092008463,0.5198825345593312
0.3,0.280512893235571,0.19610129617075842,0.5233858105936705
0.32,0.2781682919505579,0.19494262142143218,0.5268890866280098
0.34,0.27582369066554485,0.19378394667210597,0.5303923626623491
0.36,0.2734790893805318,0.19262527192277973,0.5338956386966884
0.38,0.2711344880955187,0.19146659717345352,0.5373989147310276
0.4,0.26878988681050564,0.19030792242412728,0.5409021907653669
0.42,0.26644528552549257,0.18914924767480107,0.5444054667997063
0.44,0.2641006842404795,0.18799057292547483,0.5479087428340456
0.46,0.26175608295546643,0.18683189817614862,0.5514120188683849
0.48,0.25941148167045336,0.1856732234268224,0.5549152949027242
0.5,0.2570668803854403,0.18451454867749617,0.5584185709370635
0.52,0.2547222791004272,0.18335587392816996,0.5619218469714027
0.54,0.25237767781541415,0.18219719917884372,0.565425123005742
0.56,0.2500330765304011,0.1810385244295175,0.5689283990400813
0.58,0.24768847524538798,0.17987984968019127,0.5724316750744206
0.6,0.2453438739603749,0.17872117493086506,0.5759349511087599
0.62,0.24299927267536184,0.17756250018153885,0.5794382271430992
0.64,0.24065467139034877,0.1764038254322126,0.5829415031774385
0.66,0.2383100701053357,0.1752451506828864,0.5864447792117778
0.68,0.23596546882032263,0.17408647593356016,0.5899480552461172
0.7000000000000001,0.23362086753530956,0.17292780118423395,0.5934513312804564
0.72,0.23127626625029646,0.17176912643490772,0.5969546073147957
0.74,0.2289316649652834,0.1706104516855815,0.600457883349135
0.76,0.22658706368027032,0.1694517769362553,0.6039611593834743
0.78,0.22424246239525725,0.16829310218692906,0.6074644354178136
0.8,0.22189786111024418,0.16713442743760284,0.6109677114521529
0.8200000000000001,0.2195532598252311,0.1659757526882766,0.6144709874864922
0.84,0.21720865854021804,0.1648170779389504,0.6179742635208314
0.86,0.21486405725520497,0.16365840318962416,0.6214775395551707
0.88,0.2125194559701919,0.16249972844029795,0.62498081558951
0.9,0.21017485468517882,0.16134105369097174,0.6284840916238493
0.92,0.20783025340016575,0.1601823789416455,0.6319873676581886
0.9400000000000001,0.20783025340016575,0.1601823789416455,0.6319873676581886
0.96,0.20783025340016575,0.1601823789416455,0.6319873676581886
0.98,0.20783025340016575,0.1601823789416455,0.6319873676581886
1.0,0.20783025340016575,0.1601823789416455,0.6319873676581886
