fraction_of_volc,OH,H2O2,TMI
0.0,0.007250641036130396,0.0021710239487680214,0.9905783350151015
0.02,0.007250641036130396,0.0021710239487680214,0.9905783350151015
0.04,0.007250641036130396,0.0021710239487680214,0.9905783350151015
0.06,0.007250641036130396,0.0021710239487680214,0.9905783350151015
0.08,0.007250641036130396,0.0021710239487680214,0.9905783350151015
0.1,0.007250641036130396,0.0021710239487680214,0.9905783350151015
0.12,0.007250641036130396,0.0021710239487680214,0.9905783350151015
0.14,0.007250641036130396,0.0021710239487680214,0.9905783350151015
0.16,0.007250641036130396,0.0021710239487680214,0.9905783350151015
0.18,0.007250641036130396,0.0021710239487680214,0.9905783350151015
0.2,0.007250641036130396,0.0021710239487680214,0.9905783350151015
0.22,0.007250641036130396,0.0021710239487680214,0.9905783350151015
0.24,0.007250641036130396,0.0021710239487680214,0.9905783350151015
0.26,0.007250641036130396,0.0021710239487680214,0.9905783350151015
0.28,0.007250641036130396,0.0021710239487680214,0.9905783350151015
0.3,0.007250641036130396,0.0021710239487680214,0.9905783350151015
0.32,0.007250641036130396,0.0021710239487680214,0.9905783350151015
0.34,0.007250641036130396,0.0021710239487680214,0.9905783350151015
0.36,0.007250641036130396,0.0021710239487680214,0.9905783350151015
0.38,0.007250641036130396,0.0021710239487680214,0.9905783350151015
0.4,0.007250641036130396,0.0021710239487680214,0.9905783350151015
0.42,0.007250641036130396,0.0021710239487680214,0.9905783350151015
0.44,0.007250641036130396,0.0021710239487680214,0.9905783350151015
0.46,0.007250641036130396,0.0021710239487680214,0.9905783350151015
0.48,0.007250641036130396,0.0021710239487680214,0.9905783350151015
0.5,0.007250641036130396,0.0021710239487680214,0.9905783350151015
0.52,0.007250641036130396,0.0021710239487680214,0.9905783350151015
0.54,0.007250641036130396,0.0021710239487680214,0.9905783350151015
0.56,0.007250641036130396,0.0021710239487680214,0.9905783350151015
0.58,0.007250641036130396,0.0021710239487680214,0.9905783350151015
0.6,0.007250641036130396,0.0021710239487680214,0.9905783350151015
0.62,0.007250641036130396,0.0021710239487680214,0.9905783350151015
0.64,0.007250641036130396,0.0021710239487680214,0.9905783350151015
0.66,0.007250641036130396,0.0021710239487680214,0.9905783350151015
0.68,0.007250641036130396,0.0021710239487680214,0.9905783350151015
0.7000000000000001,0.04031472904814733,0.015182595787954025,0.9445026751638985
0.72,0.07337881706016426,0.028194167627140027,0.8984270153126956
0.74,0.1064429050721812,0.04120573946632603,0.8523513554614928
0.76,0.13950699308419814,0.054217311305512036,0.8062756956102898
0.78,0.17257108109621508,0.06722888314469803,0.7602000357590868
0.8,0.205635169108232,0.08024045498388403,0.7141243759078839
0.8200000000000001,0.23869925712024895,0.09325202682307004,0.668048716056681
0.84,0.27176334513226585,0.10626359866225604,0.621973056205478
0.86,0.3048274331442828,0.11927517050144204,0.5758973963542751
0.88,0.3378915211562997,0.13228674234062807,0.5298217365030722
0.9,0.3378915211562997,0.13228674234062807,0.5298217365030722
0.92,0.3378915211562997,0.13228674234062807,0.5298217365030722
0.9400000000000001,0.3378915211562997,0.13228674234062807,0.5298217365030722
0.96,0.3378915211562997,0.13228674234062807,0.5298217365030722
0.98,0.3378915211562997,0.13228674234062807,0.5298217365030722
1.0,0.3378915211562997,0.13228674234062807,0.5298217365030722
