fraction_of_volc,OH,H2O2,TMI
0.0,0.29308558254209116,0.6499488534001013,0.0569655640578075
0.02,0.29308558254209116,0.6499488534001013,0.0569655640578075
0.04,0.29308558254209116,0.6499488534001013,0.0569655640578075
0.06,0.29308558254209116,0.6499488534001013,0.0569655640578075
0.08,0.29308558254209116,0.6499488534001013,0.0569655640578075
0.1,0.29308558254209116,0.6499488534001013,0.0569655640578075
0.12,0.29308558254209116,0.6499488534001013,0.0569655640578075
0.14,0.29308558254209116,0.6499488534001013,0.0569655640578075
0.16,0.29308558254209116,0.6499488534001013,0.0569655640578075
0.18,0.29308558254209116,0.6499488534001013,0.0569655640578075
0.2,0.29308558254209116,0.6499488534001013,0.0569655640578075
0.22,0.29308558254209116,0.6499488534001013,0.0569655640578075
0.24,0.29308558254209116,0.6499488534001013,0.0569655640578075
0.26,0.29308558254209116,0.6499488534001013,0.0569655640578075
0.28,0.29308558254209116,0.6499488534001013,0.0569655640578075
0.3,0.292569597769149,0.575033901632408,0.132396500598443
0.32,0.2920536129962068,0.5001189498647147,0.2078274371390785
0.34,0.29153762822326457,0.4252039980970214,0.283258373679714
0.36,0.2910216434503224,0.3502890463293281,0.3586893102203495
0.38,0.2905056586773802,0.2753740945616348,0.434120246760985
0.4,0.289989673904438,0.2004591427939415,0.5095511833016205
0.42,0.2894736891314958,0.12554419102624814,0.584982119842256
0.44,0.2889577043585536,0.05062923925855485,0.6604130563828915
0.46,0.2889577043585536,0.05062923925855485,0.6604130563828915
0.48,0.2889577043585536,0.05062923925855485,0.6604130563828915
0.5,0.2889577043585536,0.05062923925855485,0.6604130563828915
0.52,0.2889577043585536,0.05062923925855485,0.6604130563828915
0.54,0.2889577043585536,0.05062923925855485,0.6604130563828915
0.56,0.2889577043585536,0.05062923925855485,0.6604130563828915
0.58,0.2889577043585536,0.05062923925855485,0.6604130563828915
0.6,0.2889577043585536,0.05062923925855485,0.6604130563828915
0.62,0.2889577043585536,0.05062923925855485,0.6604130563828915
0.64,0.2889577043585536,0.05062923925855485,0.6604130563828915
0.66,0.2889577043585536,0.05062923925855485,0.6604130563828915
0.68,0.2889577043585536,0.05062923925855485,0.6604130563828915
0.7000000000000001,0.2889577043585536,0.05062923925855485,0.6604130563828915
0.72,0.2889577043585536,0.05062923925855485,0.6604130563828915
0.74,0.2889577043585536,0.05062923925855485,0.6604130563828915
0.76,0.2889577043585536,0.05062923925855485,0.6604130563828915
0.78,0.2889577043585536,0.05062923925855485,0.6604130563828915
0.8,0.2889577043585536,0.05062923925855485,0.6604130563828915
0.8200000000000001,0.2889577043585536,0.05062923925855485,0.6604130563828915
0.84,0.2889577043585536,0.05062923925855485,0.6604130563828915
0.86,0.2889577043585536,0.05062923925855485,0.6604130563828915
0.88,0.2889577043585536,0.05062923925855485,0.6604130563828915
0.9,0.2889577043585536,0.05062923925855485,0.6604130563828915
0.92,0.2889577043585536,0.05062923925855485,0.6604130563828915
0.9400000000000001,0.2889577043585536,0.05062923925855485,0.6604130563828915
0.96,0.2889577043585536,0.05062923925855485,0.6604130563828915
0.98,0.2889577043585536,0.05062923925855485,0.6604130563828915
1.0,0.2889577043585536,0.05062923925855485,0.6604130563828915
