fraction_of_volc,OH,H2O2,TMI
0.0,0.18764193021390058,0.6533591210585441,0.15899894872755535
0.02,0.18764193021390058,0.6533591210585441,0.15899894872755535
0.04,0.18764193021390058,0.6533591210585441,0.15899894872755535
0.06,0.18764193021390058,0.6533591210585441,0.15899894872755535
0.08,0.18764193021390058,0.6533591210585441,0.15899894872755535
0.1,0.18764193021390058,0.6533591210585441,0.15899894872755535
0.12,0.18764193021390058,0.6533591210585441,0.15899894872755535
0.14,0.18764193021390058,0.6533591210585441,0.15899894872755535
0.16,0.18764193021390058,0.6533591210585441,0.15899894872755535
0.18,0.18764193021390058,0.6533591210585441,0.15899894872755535
0.2,0.18764193021390058,0.6533591210585441,0.15899894872755535
0.22,0.18764193021390058,0.6533591210585441,0.15899894872755535
0.24,0.18764193021390058,0.6533591210585441,0.15899894872755535
0.26,0.18764193021390058,0.6533591210585441,0.15899894872755535
0.28,0.18764193021390058,0.6533591210585441,0.15899894872755535
0.3,0.18764193021390058,0.6533591210585441,0.15899894872755535
0.32,0.18764193021390058,0.6533591210585441,0.15899894872755535
0.34,0.18764193021390058,0.6533591210585441,0.15899894872755535
0.36,0.18764193021390058,0.6533591210585441,0.15899894872755535
0.38,0.18764193021390058,0.6533591210585441,0.15899894872755535
0.4,0.18764193021390058,0.6533591210585441,0.15899894872755535
0.42,0.18764193021390058,0.6533591210585441,0.15899894872755535
0.44,0.18764193021390058,0.6533591210585441,0.15899894872755535
0.46,0.18764193021390058,0.6533591210585441,0.15899894872755535
0.48,0.18764193021390058,0.6533591210585441,0.15899894872755535
0.5,0.18764193021390058,0.6533591210585441,0.15899894872755535
0.52,0.18764193021390058,0.6533591210585441,0.15899894872755535
0.54,0.18764193021390058,0.6533591210585441,0.15899894872755535
0.56,0.18764193021390058,0.6533591210585441,0.15899894872755535
0.58,0.18764193021390058,0.6533591210585441,0.15899894872755535
0.6,0.18764193021390058,0.6533591210585441,0.15899894872755535
0.62,0.18764193021390058,0.6533591210585441,0.15899894872755535
0.64,0.18764193021390058,0.6533591210585441,0.15899894872755535
0.66,0.18764193021390058,0.6533591210585441,0.15899894872755535
0.68,0.18764193021390058,0.6533591210585441,0.15899894872755535
0.7000000000000001,0.18764193021390058,0.6533591210585441,0.15899894872755535
0.72,0.18764193021390058,0.6533591210585441,0.15899894872755535
0.74,0.18764193021390058,0.6533591210585441,0.15899894872755535
0.76,0.17633985688019202,0.6062283379755798,0.21743180514422808
0.78,0.1650377835464835,0.5590975548926157,0.27586466156090084
0.8,0.15373571021277493,0.5119667718096514,0.33429751797757357
0.8200000000000001,0.1424336368790664,0.4648359887266873,0.3927303743942463
0.84,0.13113156354535785,0.41770520564372304,0.451163230810919
0.86,0.1198294902116493,0.37057442256075884,0.5095960872275918
0.88,0.10852741687794076,0.32344363947779464,0.5680289436442645
0.9,0.09722534354423222,0.27631285639483044,0.6264618000609372
0.92,0.08592327021052368,0.22918207331186624,0.68489465647761
0.9400000000000001,0.07462119687681514,0.18205129022890204,0.7433275128942828
0.96,0.06331912354310659,0.1349205071459378,0.8017603693109555
0.98,0.06331912354310659,0.1349205071459378,0.8017603693109555
1.0,0.06331912354310659,0.1349205071459378,0.8017603693109555
