fraction_of_volc,OH,H2O2,TMI
0.0,0.22230444721027223,0.19065443586136097,0.5870411169283668
0.02,0.22230444721027223,0.19065443586136097,0.5870411169283668
0.04,0.22230444721027223,0.19065443586136097,0.5870411169283668
0.06,0.22230444721027223,0.19065443586136097,0.5870411169283668
0.08,0.22230444721027223,0.19065443586136097,0.5870411169283668
0.1,0.22230444721027223,0.19065443586136097,0.5870411169283668
0.12,0.22230444721027223,0.19065443586136097,0.5870411169283668
0.14,0.22230444721027223,0.19065443586136097,0.5870411169283668
0.16,0.22230444721027223,0.19065443586136097,0.5870411169283668
0.18,0.22230444721027223,0.19065443586136097,0.5870411169283668
0.2,0.22230444721027223,0.19065443586136097,0.5870411169283668
0.22,0.22230444721027223,0.19065443586136097,0.5870411169283668
0.24,0.22230444721027223,0.19065443586136097,0.5870411169283668
0.26,0.22230444721027223,0.19065443586136097,0.5870411169283668
0.28,0.22230444721027223,0.19065443586136097,0.5870411169283668
0.3,0.21923681980131188,0.225968097007105,0.5547950831915831
0.32,0.2161691923923515,0.26128175815284904,0.5225490494547995
0.34,0.21310156498339114,0.296595419298593,0.4903030157180158
0.36,0.21003393757443078,0.3319090804443371,0.4580569819812321
0.38,0.2069663101654704,0.36722274159008106,0.4258109482444485
0.4,0.20389868275651005,0.40253640273582514,0.39356491450766484
0.42,0.2008310553475497,0.4378500638815691,0.36131888077088115
0.44,0.1977634279385893,0.4731637250273132,0.3290728470340975
0.46,0.19469580052962895,0.5084773861730572,0.29682681329731386
0.48,0.1916281731206686,0.5437910473188012,0.26458077956053017
0.5,0.18856054571170822,0.5791047084645452,0.23233474582374652
0.52,0.18549291830274786,0.6144183696102893,0.20008871208696288
0.54,0.1824252908937875,0.6497320307560333,0.1678426783501792
0.56,0.17935766348482712,0.6850456919017773,0.13559664461339554
0.58,0.17629003607586677,0.7203593530475213,0.10335061087661185
0.6,0.1732224086669064,0.7556730141932654,0.0711045771398282
0.62,0.17015478125794603,0.7909866753390095,0.03885854340304451
0.64,0.16708715384898568,0.8263003364847534,0.006612509666260882
0.66,0.16708715384898568,0.8263003364847534,0.006612509666260882
0.68,0.16708715384898568,0.8263003364847534,0.006612509666260882
0.7000000000000001,0.16708715384898568,0.8263003364847534,0.006612509666260882
0.72,0.16708715384898568,0.8263003364847534,0.006612509666260882
0.74,0.16708715384898568,0.8263003364847534,0.006612509666260882
0.76,0.16708715384898568,0.8263003364847534,0.006612509666260882
0.78,0.16708715384898568,0.8263003364847534,0.006612509666260882
0.8,0.16708715384898568,0.8263003364847534,0.006612509666260882
0.8200000000000001,0.16708715384898568,0.8263003364847534,0.006612509666260882
0.84,0.16708715384898568,0.8263003364847534,0.006612509666260882
0.86,0.16708715384898568,0.8263003364847534,0.006612509666260882
0.88,0.16708715384898568,0.8263003364847534,0.006612509666260882
0.9,0.16708715384898568,0.8263003364847534,0.006612509666260882
0.92,0.16708715384898568,0.8263003364847534,0.006612509666260882
0.9400000000000001,0.16708715384898568,0.8263003364847534,0.006612509666260882
0.96,0.16708715384898568,0.8263003364847534,0.006612509666260882
0.98,0.16708715384898568,0.8263003364847534,0.006612509666260882
1.0,0.16708715384898568,0.8263003364847534,0.006612509666260882
