fraction_of_volc,OH,H2O2,TMI
0.0,0.21386819155057055,0.034852603865824734,0.7512792045836048
0.02,0.21386819155057055,0.034852603865824734,0.7512792045836048
0.04,0.21386819155057055,0.034852603865824734,0.7512792045836048
0.06,0.21386819155057055,0.034852603865824734,0.7512792045836048
0.08,0.21386819155057055,0.034852603865824734,0.7512792045836048
0.1,0.21386819155057055,0.034852603865824734,0.7512792045836048
0.12,0.21386819155057055,0.034852603865824734,0.7512792045836048
0.14,0.21386819155057055,0.034852603865824734,0.7512792045836048
0.16,0.21115639973212494,0.033563517670861964,0.7552800825970132
0.18,0.2084446079136793,0.032274431475899194,0.7592809606104215
0.2,0.2057328160952337,0.03098534528093642,0.7632818386238299
0.22,0.20302102427678806,0.029696259085973647,0.7672827166372382
0.24,0.20030923245834245,0.028407172891010878,0.7712835946506467
0.26,0.19759744063989684,0.027118086696048108,0.7752844726640551
0.28,0.1948856488214512,0.025829000501085334,0.7792853506774634
0.3,0.1921738570030056,0.02453991430612256,0.7832862286908718
0.32,0.18946206518456,0.02325082811115979,0.7872871067042803
0.34,0.18675027336611436,0.02196174191619702,0.7912879847176886
0.36,0.18403848154766875,0.020672655721234248,0.795288862731097
0.38,0.1813266897292231,0.019383569526271478,0.7992897407445053
0.4,0.1786148979107775,0.018094483331308704,0.8032906187579137
0.42,0.1786148979107775,0.018094483331308704,0.8032906187579137
0.44,0.1786148979107775,0.018094483331308704,0.8032906187579137
0.46,0.1786148979107775,0.018094483331308704,0.8032906187579137
0.48,0.1786148979107775,0.018094483331308704,0.8032906187579137
0.5,0.1786148979107775,0.018094483331308704,0.8032906187579137
0.52,0.1786148979107775,0.018094483331308704,0.8032906187579137
0.54,0.1786148979107775,0.018094483331308704,0.8032906187579137
0.56,0.1786148979107775,0.018094483331308704,0.8032906187579137
0.58,0.1786148979107775,0.018094483331308704,0.8032906187579137
0.6,0.1786148979107775,0.018094483331308704,0.8032906187579137
0.62,0.1786148979107775,0.018094483331308704,0.8032906187579137
0.64,0.1786148979107775,0.018094483331308704,0.8032906187579137
0.66,0.1786148979107775,0.018094483331308704,0.8032906187579137
0.68,0.1786148979107775,0.018094483331308704,0.8032906187579137
0.7000000000000001,0.1786148979107775,0.018094483331308704,0.8032906187579137
0.72,0.1786148979107775,0.018094483331308704,0.8032906187579137
0.74,0.1786148979107775,0.018094483331308704,0.8032906187579137
0.76,0.1786148979107775,0.018094483331308704,0.8032906187579137
0.78,0.1786148979107775,0.018094483331308704,0.8032906187579137
0.8,0.1786148979107775,0.018094483331308704,0.8032906187579137
0.8200000000000001,0.1786148979107775,0.018094483331308704,0.8032906187579137
0.84,0.1786148979107775,0.018094483331308704,0.8032906187579137
0.86,0.1786148979107775,0.018094483331308704,0.8032906187579137
0.88,0.1786148979107775,0.018094483331308704,0.8032906187579137
0.9,0.1786148979107775,0.018094483331308704,0.8032906187579137
0.92,0.1786148979107775,0.018094483331308704,0.8032906187579137
0.9400000000000001,0.1786148979107775,0.018094483331308704,0.8032906187579137
0.96,0.1786148979107775,0.018094483331308704,0.8032906187579137
0.98,0.1786148979107775,0.018094483331308704,0.8032906187579137
1.0,0.1786148979107775,0.018094483331308704,0.8032906187579137
