fraction_of_volc,OH,H2O2,TMI
0.0,0.029191102705956498,0.7162628812337765,0.25454601606026694
0.02,0.029191102705956498,0.7162628812337765,0.25454601606026694
0.04,0.029191102705956498,0.7162628812337765,0.25454601606026694
0.06,0.029191102705956498,0.7162628812337765,0.25454601606026694
0.08,0.029191102705956498,0.7162628812337765,0.25454601606026694
0.1,0.029191102705956498,0.7162628812337765,0.25454601606026694
0.12,0.029191102705956498,0.7162628812337765,0.25454601606026694
0.14,0.029191102705956498,0.7162628812337765,0.25454601606026694
0.16,0.029191102705956498,0.7162628812337765,0.25454601606026694
0.18,0.029191102705956498,0.7162628812337765,0.25454601606026694
0.2,0.029191102705956498,0.7162628812337765,0.25454601606026694
0.22,0.029191102705956498,0.7162628812337765,0.25454601606026694
0.24,0.029191102705956498,0.7162628812337765,0.25454601606026694
0.26,0.029191102705956498,0.7162628812337765,0.25454601606026694
0.28,0.04404335944181209,0.7099654110107343,0.2459912295474536
0.3,0.058895616177667684,0.703667940787692,0.23743644303464023
0.32,0.07374787291352328,0.6973704705646497,0.22888165652182685
0.34,0.08860012964937886,0.6910730003416076,0.2203268700090135
0.36,0.10345238638523445,0.6847755301185654,0.21177208349620014
0.38,0.11830464312109004,0.6784780598955231,0.20321729698338678
0.4,0.13315689985694562,0.6721805896724808,0.19466251047057342
0.42,0.14800915659280123,0.6658831194494387,0.18610772395776004
0.44,0.16286141332865683,0.6595856492263965,0.1775529374449467
0.46,0.17771367006451239,0.6532881790033542,0.16899815093213333
0.48,0.192565926800368,0.646990708780312,0.16044336441931997
0.5,0.2074181835362236,0.6406932385572698,0.15188857790650662
0.52,0.2222704402720792,0.6343957683342276,0.14333379139369323
0.54,0.23712269700793476,0.6280982981111853,0.1347790048808799
0.56,0.25197495374379036,0.6218008278881431,0.12622421836806652
0.58,0.26682721047964597,0.6155033576651009,0.11766943185525316
0.6,0.2816794672155015,0.6092058874420587,0.10911464534243981
0.62,0.29653172395135713,0.6029084172190164,0.10055985882962645
0.64,0.31138398068721274,0.5966109469959742,0.09200507231681307
0.66,0.3262362374230683,0.590313476772932,0.08345028580399971
0.68,0.3410884941589239,0.5840160065498898,0.07489549929118636
0.7000000000000001,0.3559407508947795,0.5777185363268476,0.06634071277837299
0.72,0.3559407508947795,0.5777185363268476,0.06634071277837299
0.74,0.3559407508947795,0.5777185363268476,0.06634071277837299
0.76,0.3559407508947795,0.5777185363268476,0.06634071277837299
0.78,0.3559407508947795,0.5777185363268476,0.06634071277837299
0.8,0.3559407508947795,0.5777185363268476,0.06634071277837299
0.8200000000000001,0.3559407508947795,0.5777185363268476,0.06634071277837299
0.84,0.3559407508947795,0.5777185363268476,0.06634071277837299
0.86,0.3559407508947795,0.5777185363268476,0.06634071277837299
0.88,0.3559407508947795,0.5777185363268476,0.06634071277837299
0.9,0.3559407508947795,0.5777185363268476,0.06634071277837299
0.92,0.3559407508947795,0.5777185363268476,0.06634071277837299
0.9400000000000001,0.3559407508947795,0.5777185363268476,0.06634071277837299
0.96,0.3559407508947795,0.5777185363268476,0.06634071277837299
0.98,0.3559407508947795,0.5777185363268476,0.06634071277837299
1.0,0.3559407508947795,0.5777185363268476,0.06634071277837299
