fraction_of_volc,OH,H2O2,TMI
0.0,0.38501715252448554,0.607514030471217,0.007468817004297276
0.02,0.38501715252448554,0.607514030471217,0.007468817004297276
0.04,0.38501715252448554,0.607514030471217,0.007468817004297276
0.06,0.38501715252448554,0.607514030471217,0.007468817004297276
0.08,0.38501715252448554,0.607514030471217,0.007468817004297276
0.1,0.38501715252448554,0.607514030471217,0.007468817004297276
0.12,0.38501715252448554,0.607514030471217,0.007468817004297276
0.14,0.38501715252448554,0.607514030471217,0.007468817004297276
0.16,0.38501715252448554,0.607514030471217,0.007468817004297276
0.18,0.38501715252448554,0.607514030471217,0.007468817004297276
0.2,0.38501715252448554,0.607514030471217,0.007468817004297276
0.22,0.38501715252448554,0.607514030471217,0.007468817004297276
0.24,0.38501715252448554,0.607514030471217,0.007468817004297276
0.26,0.38501715252448554,0.607514030471217,0.007468817004297276
0.28,0.38501715252448554,0.607514030471217,0.007468817004297276
0.3,0.38501715252448554,0.607514030471217,0.007468817004297276
0.32,0.38501715252448554,0.607514030471217,0.007468817004297276
0.34,0.38501715252448554,0.607514030471217,0.007468817004297276
0.36,0.38501715252448554,0.607514030471217,0.007468817004297276
0.38,0.38501715252448554,0.607514030471217,0.007468817004297276
0.4,0.38501715252448554,0.607514030471217,0.007468817004297276
0.42,0.38501715252448554,0.607514030471217,0.007468817004297276
0.44,0.38501715252448554,0.607514030471217,0.007468817004297276
0.46,0.38501715252448554,0.607514030471217,0.007468817004297276
0.48,0.38501715252448554,0.607514030471217,0.007468817004297276
0.5,0.38501715252448554,0.607514030471217,0.007468817004297276
0.52,0.38501715252448554,0.607514030471217,0.007468817004297276
0.54,0.38501715252448554,0.607514030471217,0.007468817004297276
0.56,0.38501715252448554,0.607514030471217,0.007468817004297276
0.58,0.38501715252448554,0.607514030471217,0.007468817004297276
0.6,0.38501715252448554,0.607514030471217,0.007468817004297276
0.62,0.4201844276518787,0.5622826882136747,0.01753288413444645
0.64,0.4553517027792719,0.5170513459561323,0.02759695126459562
0.66,0.4905189779066651,0.47182000369859,0.03766101839474479
0.68,0.5256862530340582,0.4265886614410477,0.04772508552489396
0.7000000000000001,0.5608535281614514,0.38135731918350535,0.057789152655043134
0.72,0.5960208032888445,0.336125976925963,0.0678532197851923
0.74,0.6311880784162378,0.2908946346684207,0.07791728691534147
0.76,0.666355353543631,0.24566329241087836,0.08798135404549065
0.78,0.7015226286710241,0.20043195015333604,0.09804542117563983
0.8,0.7366899037984174,0.1552006078957937,0.108109488305789
0.8200000000000001,0.7718571789258105,0.10996926563825138,0.11817355543593816
0.84,0.8070244540532037,0.06473792338070905,0.12823762256608734
0.86,0.8421917291805968,0.019506581123166673,0.13830168969623652
0.88,0.8421917291805968,0.019506581123166673,0.13830168969623652
0.9,0.8421917291805968,0.019506581123166673,0.13830168969623652
0.92,0.8421917291805968,0.019506581123166673,0.13830168969623652
0.9400000000000001,0.8421917291805968,0.019506581123166673,0.13830168969623652
0.96,0.8421917291805968,0.019506581123166673,0.13830168969623652
0.98,0.8421917291805968,0.019506581123166673,0.13830168969623652
1.0,0.8421917291805968,0.019506581123166673,0.13830168969623652
