fraction_of_volc,OH,H2O2,TMI
0.0,0.16692183304564065,0.49515554498246755,0.3379226219718917
0.02,0.16692183304564065,0.49515554498246755,0.3379226219718917
0.04,0.16692183304564065,0.49515554498246755,0.3379226219718917
0.06,0.16692183304564065,0.49515554498246755,0.3379226219718917
0.08,0.16692183304564065,0.49515554498246755,0.3379226219718917
0.1,0.16692183304564065,0.49515554498246755,0.3379226219718917
0.12,0.232598861861113,0.4620804203811212,0.30532071775776576
0.14,0.2982758906765854,0.42900529577977475,0.27271881354363975
0.16,0.36395291949205777,0.3959301711784284,0.2401169093295138
0.18,0.4296299483075301,0.362855046577082,0.2075150051153878
0.2,0.49530697712300253,0.32977992197573563,0.17491310090126183
0.22,0.5609840059384749,0.29670479737438926,0.14231119668713588
0.24,0.6266610347539472,0.26362967277304283,0.1097092924730099
0.26,0.6923380635694196,0.23055454817169646,0.07710738825888391
0.28,0.758015092384892,0.1974794235703501,0.04450548404475796
0.3,0.8236921212003644,0.16440429896900366,0.01190357983063195
0.32,0.8236921212003644,0.16440429896900366,0.01190357983063195
0.34,0.8236921212003644,0.16440429896900366,0.01190357983063195
0.36,0.8236921212003644,0.16440429896900366,0.01190357983063195
0.38,0.8236921212003644,0.16440429896900366,0.01190357983063195
0.4,0.8236921212003644,0.16440429896900366,0.01190357983063195
0.42,0.8236921212003644,0.16440429896900366,0.01190357983063195
0.44,0.8236921212003644,0.16440429896900366,0.01190357983063195
0.46,0.8236921212003644,0.16440429896900366,0.01190357983063195
0.48,0.8236921212003644,0.16440429896900366,0.01190357983063195
0.5,0.8236921212003644,0.16440429896900366,0.01190357983063195
0.52,0.8236921212003644,0.16440429896900366,0.01190357983063195
0.54,0.8236921212003644,0.16440429896900366,0.01190357983063195
0.56,0.8236921212003644,0.16440429896900366,0.01190357983063195
0.58,0.8236921212003644,0.16440429896900366,0.01190357983063195
0.6,0.8236921212003644,0.16440429896900366,0.01190357983063195
0.62,0.8236921212003644,0.16440429896900366,0.01190357983063195
0.64,0.8236921212003644,0.16440429896900366,0.01190357983063195
0.66,0.8236921212003644,0.16440429896900366,0.01190357983063195
0.68,0.8236921212003644,0.16440429896900366,0.01190357983063195
0.7000000000000001,0.8236921212003644,0.16440429896900366,0.01190357983063195
0.72,0.8236921212003644,0.16440429896900366,0.01190357983063195
0.74,0.8236921212003644,0.16440429896900366,0.01190357983063195
0.76,0.8236921212003644,0.16440429896900366,0.01190357983063195
0.78,0.8236921212003644,0.16440429896900366,0.01190357983063195
0.8,0.8236921212003644,0.16440429896900366,0.01190357983063195
0.8200000000000001,0.8236921212003644,0.16440429896900366,0.01190357983063195
0.84,0.8236921212003644,0.16440429896900366,0.01190357983063195
0.86,0.8236921212003644,0.16440429896900366,0.01190357983063195
0.88,0.8236921212003644,0.16440429896900366,0.01190357983063195
0.9,0.8236921212003644,0.16440429896900366,0.01190357983063195
0.92,0.8236921212003644,0.16440429896900366,0.01190357983063195
0.9400000000000001,0.8236921212003644,0.16440429896900366,0.01190357983063195
0.96,0.8236921212003644,0.16440429896900366,0.01190357983063195
0.98,0.8236921212003644,0.16440429896900366,0.01190357983063195
1.0,0.8236921212003644,0.16440429896900366,0.01190357983063195
