fraction_of_volc,OH,H2O2,TMI
0.0,0.5281582672140502,0.23347400663489096,0.23836772615105875
0.02,0.5281582672140502,0.23347400663489096,0.23836772615105875
0.04,0.5281582672140502,0.23347400663489096,0.23836772615105875
0.06,0.5281582672140502,0.23347400663489096,0.23836772615105875
0.08,0.5281582672140502,0.23347400663489096,0.23836772615105875
0.1,0.5281582672140502,0.23347400663489096,0.23836772615105875
0.12,0.5281582672140502,0.23347400663489096,0.23836772615105875
0.14,0.5281582672140502,0.23347400663489096,0.23836772615105875
0.16,0.5281582672140502,0.23347400663489096,0.23836772615105875
0.18,0.5281582672140502,0.23347400663489096,0.23836772615105875
0.2,0.5281582672140502,0.23347400663489096,0.23836772615105875
0.22,0.5281582672140502,0.23347400663489096,0.23836772615105875
0.24,0.5281582672140502,0.23347400663489096,0.23836772615105875
0.26,0.5281582672140502,0.23347400663489096,0.23836772615105875
0.28,0.5281582672140502,0.23347400663489096,0.23836772615105875
0.3,0.5281582672140502,0.23347400663489096,0.23836772615105875
0.32,0.5281582672140502,0.23347400663489096,0.23836772615105875
0.34,0.5281582672140502,0.23347400663489096,0.23836772615105875
0.36,0.5281582672140502,0.23347400663489096,0.23836772615105875
0.38,0.5281582672140502,0.23347400663489096,0.23836772615105875
0.4,0.5281582672140502,0.23347400663489096,0.23836772615105875
0.42,0.5281582672140502,0.23347400663489096,0.23836772615105875
0.44,0.5281582672140502,0.23347400663489096,0.23836772615105875
0.46,0.5281582672140502,0.23347400663489096,0.23836772615105875
0.48,0.5281582672140502,0.23347400663489096,0.23836772615105875
0.5,0.5281582672140502,0.23347400663489096,0.23836772615105875
0.52,0.5281582672140502,0.23347400663489096,0.23836772615105875
0.54,0.5281582672140502,0.23347400663489096,0.23836772615105875
0.56,0.5281582672140502,0.23347400663489096,0.23836772615105875
0.58,0.5281582672140502,0.23347400663489096,0.23836772615105875
0.6,0.5281582672140502,0.23347400663489096,0.23836772615105875
0.62,0.5281582672140502,0.23347400663489096,0.23836772615105875
0.64,0.5281582672140502,0.23347400663489096,0.23836772615105875
0.66,0.5042504621376861,0.24971772472173137,0.24603181314058245
0.68,0.480342657061322,0.2659614428085718,0.2536959001301062
0.7000000000000001,0.45643485198495787,0.2822051608954122,0.2613599871196299
0.72,0.4325270469085937,0.29844887898225264,0.2690240741091536
0.74,0.40861924183222964,0.314692597069093,0.2766881610986773
0.76,0.3847114367558655,0.33093631515593347,0.284352248088201
0.78,0.36080363167950136,0.3471800332427739,0.2920163350777247
0.8,0.3368958266031372,0.36342375132961435,0.2996804220672484
0.8200000000000001,0.31298802152677313,0.37966746941645474,0.3073445090567721
0.84,0.289080216450409,0.3959111875032951,0.3150085960462958
0.86,0.26517241137404485,0.41215490559013557,0.3226726830358195
0.88,0.24126460629768076,0.428398623676976,0.3303367700253432
0.9,0.21735680122131662,0.44464234176381645,0.3380008570148669
0.92,0.19344899614495248,0.4608860598506569,0.3456649440043906
0.9400000000000001,0.1695411910685884,0.4771297779374973,0.3533290309939143
0.96,0.1695411910685884,0.4771297779374973,0.3533290309939143
0.98,0.1695411910685884,0.4771297779374973,0.3533290309939143
1.0,0.1695411910685884,0.4771297779374973,0.3533290309939143
