fraction_of_volc,OH,H2O2,TMI
0.0,0.5546147941626315,0.1896166806400325,0.25576852519733595
0.02,0.5546147941626315,0.1896166806400325,0.25576852519733595
0.04,0.5546147941626315,0.1896166806400325,0.25576852519733595
0.06,0.5546147941626315,0.1896166806400325,0.25576852519733595
0.08,0.5546147941626315,0.1896166806400325,0.25576852519733595
0.1,0.5546147941626315,0.1896166806400325,0.25576852519733595
0.12,0.5546147941626315,0.1896166806400325,0.25576852519733595
0.14,0.5546147941626315,0.1896166806400325,0.25576852519733595
0.16,0.5546147941626315,0.1896166806400325,0.25576852519733595
0.18,0.5546147941626315,0.1896166806400325,0.25576852519733595
0.2,0.5546147941626315,0.1896166806400325,0.25576852519733595
0.22,0.5546147941626315,0.1896166806400325,0.25576852519733595
0.24,0.5546147941626315,0.1896166806400325,0.25576852519733595
0.26,0.5546147941626315,0.1896166806400325,0.25576852519733595
0.28,0.5546147941626315,0.1896166806400325,0.25576852519733595
0.3,0.5546147941626315,0.1896166806400325,0.25576852519733595
0.32,0.5546147941626315,0.1896166806400325,0.25576852519733595
0.34,0.5546147941626315,0.1896166806400325,0.25576852519733595
0.36,0.5546147941626315,0.1896166806400325,0.25576852519733595
0.38,0.5546147941626315,0.1896166806400325,0.25576852519733595
0.4,0.5546147941626315,0.1896166806400325,0.25576852519733595
0.42,0.5546147941626315,0.1896166806400325,0.25576852519733595
0.44,0.5546147941626315,0.1896166806400325,0.25576852519733595
0.46,0.5546147941626315,0.1896166806400325,0.25576852519733595
0.48,0.5546147941626315,0.1896166806400325,0.25576852519733595
0.5,0.5546147941626315,0.1896166806400325,0.25576852519733595
0.52,0.5546147941626315,0.1896166806400325,0.25576852519733595
0.54,0.5546147941626315,0.1896166806400325,0.25576852519733595
0.56,0.5546147941626315,0.1896166806400325,0.25576852519733595
0.58,0.5546147941626315,0.1896166806400325,0.25576852519733595
0.6,0.5546147941626315,0.1896166806400325,0.25576852519733595
0.62,0.5546147941626315,0.1896166806400325,0.25576852519733595
0.64,0.5546147941626315,0.1896166806400325,0.25576852519733595
0.66,0.5546147941626315,0.1896166806400325,0.25576852519733595
0.68,0.5546147941626315,0.1896166806400325,0.25576852519733595
0.7000000000000001,0.5546147941626315,0.1896166806400325,0.25576852519733595
0.72,0.5546147941626315,0.1896166806400325,0.25576852519733595
0.74,0.5546147941626315,0.1896166806400325,0.25576852519733595
0.76,0.5546147941626315,0.1896166806400325,0.25576852519733595
0.78,0.5546147941626315,0.1896166806400325,0.25576852519733595
0.8,0.5546147941626315,0.1896166806400325,0.25576852519733595
0.8200000000000001,0.5546147941626315,0.1896166806400325,0.25576852519733595
0.84,0.5105678234256068,0.22692888727534366,0.2625032892990495
0.86,0.4665208526885821,0.2642410939106548,0.26923805340076296
0.88,0.4224738819515575,0.30155330054596596,0.2759728175024765
0.9,0.3784269112145328,0.33886550718127717,0.28270758160418996
0.92,0.33437994047750813,0.37617771381658827,0.2894423457059035
0.9400000000000001,0.2903329697404835,0.4134899204518995,0.296177109807617
0.96,0.24628599900345882,0.4508021270872106,0.3029118739093305
0.98,0.2022390282664341,0.4881143337225218,0.30964663801104403
1.0,0.2022390282664341,0.4881143337225218,0.30964663801104403
