fraction_of_volc,OH,H2O2,TMI
0.0,0.12049709724687195,0.6677803174282929,0.21172258532483515
0.02,0.12049709724687195,0.6677803174282929,0.21172258532483515
0.04,0.12049709724687195,0.6677803174282929,0.21172258532483515
0.06,0.12049709724687195,0.6677803174282929,0.21172258532483515
0.08,0.12049709724687195,0.6677803174282929,0.21172258532483515
0.1,0.12049709724687195,0.6677803174282929,0.21172258532483515
0.12,0.12049709724687195,0.6677803174282929,0.21172258532483515
0.14,0.12049709724687195,0.6677803174282929,0.21172258532483515
0.16,0.12049709724687195,0.6677803174282929,0.21172258532483515
0.18,0.12049709724687195,0.6677803174282929,0.21172258532483515
0.2,0.12049709724687195,0.6677803174282929,0.21172258532483515
0.22,0.12049709724687195,0.6677803174282929,0.21172258532483515
0.24,0.12049709724687195,0.6677803174282929,0.21172258532483515
0.26,0.12049709724687195,0.6677803174282929,0.21172258532483515
0.28,0.12049709724687195,0.6677803174282929,0.21172258532483515
0.3,0.12049709724687195,0.6677803174282929,0.21172258532483515
0.32,0.12049709724687195,0.6677803174282929,0.21172258532483515
0.34,0.12049709724687195,0.6677803174282929,0.21172258532483515
0.36,0.12049709724687195,0.6677803174282929,0.21172258532483515
0.38,0.12049709724687195,0.6677803174282929,0.21172258532483515
0.4,0.12049709724687195,0.6677803174282929,0.21172258532483515
0.42,0.12049709724687195,0.6677803174282929,0.21172258532483515
0.44,0.12049709724687195,0.6677803174282929,0.21172258532483515
0.46,0.12049709724687195,0.6677803174282929,0.21172258532483515
0.48,0.12049709724687195,0.6677803174282929,0.21172258532483515
0.5,0.12049709724687195,0.6677803174282929,0.21172258532483515
0.52,0.12049709724687195,0.6677803174282929,0.21172258532483515
0.54,0.12049709724687195,0.6677803174282929,0.21172258532483515
0.56,0.12049709724687195,0.6677803174282929,0.21172258532483515
0.58,0.12049709724687195,0.6677803174282929,0.21172258532483515
0.6,0.12049709724687195,0.6677803174282929,0.21172258532483515
0.62,0.12049709724687195,0.6677803174282929,0.21172258532483515
0.64,0.12049709724687195,0.6677803174282929,0.21172258532483515
0.66,0.1290472411615368,0.6470692363065349,0.22388352253192828
0.68,0.13759738507620162,0.626358155184777,0.23604445973902144
0.7000000000000001,0.14614752899086647,0.605647074063019,0.2482053969461146
0.72,0.1546976729055313,0.584935992941261,0.26036633415320776
0.74,0.16324781682019612,0.564224911819503,0.27252727136030086
0.76,0.17179796073486098,0.543513830697745,0.284688208567394
0.78,0.1803481046495258,0.522802749575987,0.2968491457744872
0.8,0.18889824856419063,0.502091668454229,0.3090100829815803
0.8200000000000001,0.19744839247885548,0.481380587332471,0.32117102018867344
0.84,0.20599853639352028,0.46066950621071306,0.3333319573957666
0.86,0.21454868030818514,0.4399584250889551,0.3454928946028597
0.88,0.22309882422285,0.4192473439671971,0.3576538318099529
0.9,0.2316489681375148,0.3985362628454391,0.369814769017046
0.92,0.24019911205217964,0.3778251817236811,0.3819757062241392
0.9400000000000001,0.24019911205217964,0.3778251817236811,0.3819757062241392
0.96,0.24019911205217964,0.3778251817236811,0.3819757062241392
0.98,0.24019911205217964,0.3778251817236811,0.3819757062241392
1.0,0.24019911205217964,0.3778251817236811,0.3819757062241392
