fraction_of_volc,OH,H2O2,TMI
0.0,0.07180910269993235,0.33023541079341884,0.5979554865066486
0.02,0.07180910269993235,0.33023541079341884,0.5979554865066486
0.04,0.07180910269993235,0.33023541079341884,0.5979554865066486
0.06,0.07180910269993235,0.33023541079341884,0.5979554865066486
0.08,0.07180910269993235,0.33023541079341884,0.5979554865066486
0.1,0.07180910269993235,0.33023541079341884,0.5979554865066486
0.12,0.07180910269993235,0.33023541079341884,0.5979554865066486
0.14,0.07180910269993235,0.33023541079341884,0.5979554865066486
0.16,0.07180910269993235,0.33023541079341884,0.5979554865066486
0.18,0.07180910269993235,0.33023541079341884,0.5979554865066486
0.2,0.07180910269993235,0.33023541079341884,0.5979554865066486
0.22,0.07180910269993235,0.33023541079341884,0.5979554865066486
0.24,0.07180910269993235,0.33023541079341884,0.5979554865066486
0.26,0.07180910269993235,0.33023541079341884,0.5979554865066486
0.28,0.07180910269993235,0.33023541079341884,0.5979554865066486
0.3,0.07180910269993235,0.33023541079341884,0.5979554865066486
0.32,0.07180910269993235,0.33023541079341884,0.5979554865066486
0.34,0.07180910269993235,0.33023541079341884,0.5979554865066486
0.36,0.07180910269993235,0.33023541079341884,0.5979554865066486
0.38,0.07180910269993235,0.33023541079341884,0.5979554865066486
0.4,0.07180910269993235,0.33023541079341884,0.5979554865066486
0.42,0.07180910269993235,0.33023541079341884,0.5979554865066486
0.44,0.07180910269993235,0.33023541079341884,0.5979554865066486
0.46,0.07180910269993235,0.33023541079341884,0.5979554865066486
0.48,0.07324480858412913,0.32201189687897425,0.6047432945368965
0.5,0.07468051446832592,0.31378838296452966,0.6115311025671443
0.52,0.0761162203525227,0.30556486905008506,0.6183189105973921
0.54,0.0775519262367195,0.2973413551356405,0.6251067186276399
0.56,0.07898763212091628,0.2891178412211959,0.6318945266578877
0.58,0.08042333800511306,0.28089432730675135,0.6386823346881355
0.6,0.08185904388930985,0.27267081339230675,0.6454701427183833
0.62,0.08329474977350664,0.26444729947786216,0.6522579507486311
0.64,0.08473045565770342,0.25622378556341757,0.6590457587788789
0.66,0.08616616154190021,0.24800027164897298,0.6658335668091268
0.68,0.08760186742609699,0.2397767577345284,0.6726213748393746
0.7000000000000001,0.08903757331029377,0.2315532438200838,0.6794091828696224
0.72,0.09047327919449057,0.2233297299056392,0.6861969908998702
0.74,0.09190898507868735,0.21510621599119462,0.692984798930118
0.76,0.09334469096288414,0.20688270207675005,0.6997726069603658
0.78,0.09478039684708092,0.19865918816230546,0.7065604149906136
0.8,0.0962161027312777,0.19043567424786087,0.7133482230208614
0.8200000000000001,0.0976518086154745,0.18221216033341628,0.7201360310511092
0.84,0.09908751449967128,0.17398864641897172,0.726923839081357
0.86,0.09908751449967128,0.17398864641897172,0.726923839081357
0.88,0.09908751449967128,0.17398864641897172,0.726923839081357
0.9,0.09908751449967128,0.17398864641897172,0.726923839081357
0.92,0.09908751449967128,0.17398864641897172,0.726923839081357
0.9400000000000001,0.09908751449967128,0.17398864641897172,0.726923839081357
0.96,0.09908751449967128,0.17398864641897172,0.726923839081357
0.98,0.09908751449967128,0.17398864641897172,0.726923839081357
1.0,0.09908751449967128,0.17398864641897172,0.726923839081357
