fraction_of_volc,OH,H2O2,TMI
0.0,0.10535131153688662,0.5493749657167899,0.3452737227463234
0.02,0.10535131153688662,0.5493749657167899,0.3452737227463234
0.04,0.10535131153688662,0.5493749657167899,0.3452737227463234
0.06,0.10535131153688662,0.5493749657167899,0.3452737227463234
0.08,0.10535131153688662,0.5493749657167899,0.3452737227463234
0.1,0.10535131153688662,0.5493749657167899,0.3452737227463234
0.12,0.10535131153688662,0.5493749657167899,0.3452737227463234
0.14,0.10535131153688662,0.5493749657167899,0.3452737227463234
0.16,0.10535131153688662,0.5493749657167899,0.3452737227463234
0.18,0.10535131153688662,0.5493749657167899,0.3452737227463234
0.2,0.10535131153688662,0.5493749657167899,0.3452737227463234
0.22,0.10535131153688662,0.5493749657167899,0.3452737227463234
0.24,0.10535131153688662,0.5493749657167899,0.3452737227463234
0.26,0.10535131153688662,0.5493749657167899,0.3452737227463234
0.28,0.10535131153688662,0.5493749657167899,0.3452737227463234
0.3,0.10535131153688662,0.5493749657167899,0.3452737227463234
0.32,0.10535131153688662,0.5493749657167899,0.3452737227463234
0.34,0.10955066867767714,0.5403905262589825,0.3500588050633402
0.36,0.11375002581846766,0.5314060868011752,0.35484388738035705
0.38,0.11794938295925818,0.5224216473433679,0.35962896969737385
0.4,0.1221487401000487,0.5134372078855606,0.36441405201439064
0.42,0.12634809724083923,0.5044527684277532,0.3691991343314075
0.44,0.13054745438162974,0.49546832896994586,0.3739842166484243
0.46,0.13474681152242027,0.4864838895121385,0.3787692989654411
0.48,0.1389461686632108,0.4774994500543312,0.3835543812824579
0.5,0.1431455258040013,0.4685150105965239,0.38833946359947474
0.52,0.1473448829447918,0.45953057113871654,0.39312454591649154
0.54,0.15154424008558234,0.4505461316809092,0.3979096282335084
0.56,0.15574359722637288,0.4415616922231018,0.4026947105505252
0.58,0.15994295436716338,0.4325772527652945,0.407479792867542
0.6,0.16414231150795391,0.42359281330748716,0.4122648751845588
0.62,0.16834166864874445,0.41460837384967986,0.41704995750157564
0.64,0.17254102578953495,0.4056239343918725,0.42183503981859244
0.66,0.17674038293032546,0.39663949493406514,0.42662012213560924
0.68,0.180939740071116,0.38765505547625784,0.4314052044526261
0.7000000000000001,0.18513909721190652,0.3786706160184505,0.4361902867696429
0.72,0.18933845435269703,0.3696861765606432,0.4409753690866597
0.74,0.19353781149348756,0.3607017371028358,0.4457604514036765
0.76,0.1977371686342781,0.35171729764502846,0.45054553372069334
0.78,0.2019365257750686,0.3427328581872211,0.45533061603771013
0.8,0.2061358829158591,0.3337484187294138,0.460115698354727
0.8200000000000001,0.21033524005664964,0.3247639792716065,0.4649007806717438
0.84,0.21453459719744017,0.31577953981379914,0.4696858629887606
0.86,0.21873395433823067,0.3067951003559918,0.4744709453057774
0.88,0.2229333114790212,0.2978106608981844,0.47925602762279423
0.9,0.2271326686198117,0.2888262214403771,0.48404110993981103
0.92,0.2271326686198117,0.2888262214403771,0.48404110993981103
0.9400000000000001,0.2271326686198117,0.2888262214403771,0.48404110993981103
0.96,0.2271326686198117,0.2888262214403771,0.48404110993981103
0.98,0.2271326686198117,0.2888262214403771,0.48404110993981103
1.0,0.2271326686198117,0.2888262214403771,0.48404110993981103
