fraction_of_volc,OH,H2O2,TMI
0.0,0.10458665829334829,0.13822611955533082,0.757187222151321
0.02,0.10458665829334829,0.13822611955533082,0.757187222151321
0.04,0.11049819163140681,0.13625053056530714,0.753251277803286
0.06,0.11640972496946533,0.13427494157528347,0.7493153334552513
0.08,0.12232125830752386,0.13229935258525982,0.7453793891072164
0.1,0.12823279164558238,0.13032376359523615,0.7414434447591816
0.12,0.1341443249836409,0.12834817460521247,0.7375075004111467
0.14,0.14005585832169942,0.1263725856151888,0.7335715560631119
0.16,0.14596739165975794,0.12439699662516514,0.729635611715077
0.18,0.15187892499781647,0.12242140763514146,0.7256996673670421
0.2,0.157790458335875,0.1204458186451178,0.7217637230190073
0.22,0.1637019916739335,0.11847022965509413,0.7178277786709724
0.24,0.16961352501199206,0.11649464066507045,0.7138918343229376
0.26,0.17552505835005056,0.11451905167504679,0.7099558899749027
0.28,0.1814365916881091,0.11254346268502312,0.7060199456268679
0.3,0.1873481250261676,0.11056787369499946,0.702084001278833
0.32,0.19325965836422615,0.10859228470497578,0.6981480569307981
0.34,0.19917119170228464,0.10661669571495211,0.6942121125827633
0.36,0.2050827250403432,0.10464110672492845,0.6902761682347284
0.38,0.2109942583784017,0.10266551773490479,0.6863402238866936
0.4,0.21690579171646024,0.10068992874488111,0.6824042795386587
0.42,0.22281732505451873,0.09871433975485744,0.6784683351906238
0.44,0.22872885839257728,0.09673875076483376,0.674532390842589
0.46,0.2346403917306358,0.0947631617748101,0.6705964464945541
0.48,0.24055192506869433,0.09278757278478644,0.6666605021465193
0.5,0.24646345840675285,0.09081198379476277,0.6627245577984844
0.52,0.25237499174481137,0.0888363948047391,0.6587886134504495
0.54,0.25828652508286987,0.08686080581471542,0.6548526691024147
0.56,0.2641980584209284,0.08488521682469176,0.6509167247543798
0.58,0.27010959175898697,0.0829096278346681,0.646980780406345
0.6,0.27602112509704546,0.08093403884464442,0.6430448360583101
0.62,0.28193265843510396,0.07895844985462075,0.6391088917102753
0.64,0.2878441917731625,0.07698286086459707,0.6351729473622404
0.66,0.29375572511122106,0.07500727187457341,0.6312370030142056
0.68,0.29966725844927955,0.07303168288454974,0.6273010586661707
0.7000000000000001,0.30557879178733804,0.07105609389452608,0.6233651143181358
0.72,0.3114903251253966,0.0690805049045024,0.619429169970101
0.74,0.31740185846345514,0.06710491591447874,0.6154932256220661
0.76,0.32331339180151364,0.06512932692445507,0.6115572812740313
0.78,0.32922492513957213,0.0631537379344314,0.6076213369259964
0.8,0.3351364584776307,0.061178148944407734,0.6036853925779615
0.8200000000000001,0.34104799181568923,0.05920255995438406,0.5997494482299267
0.84,0.3469595251537477,0.0572269709643604,0.5958135038818918
0.86,0.3528710584918062,0.055251381974336725,0.591877559533857
0.88,0.35878259182986477,0.05327579298431306,0.5879416151858221
0.9,0.35878259182986477,0.05327579298431306,0.5879416151858221
0.92,0.35878259182986477,0.05327579298431306,0.5879416151858221
0.9400000000000001,0.35878259182986477,0.05327579298431306,0.5879416151858221
0.96,0.35878259182986477,0.05327579298431306,0.5879416151858221
0.98,0.35878259182986477,0.05327579298431306,0.5879416151858221
1.0,0.35878259182986477,0.05327579298431306,0.5879416151858221
