fraction_of_volc,OH,H2O2,TMI
0.0,0.2572026617701079,0.0670903656263778,0.6757069726035143
0.02,0.2572026617701079,0.0670903656263778,0.6757069726035143
0.04,0.2572026617701079,0.0670903656263778,0.6757069726035143
0.06,0.2572026617701079,0.0670903656263778,0.6757069726035143
0.08,0.2572026617701079,0.0670903656263778,0.6757069726035143
0.1,0.2572026617701079,0.0670903656263778,0.6757069726035143
0.12,0.2572026617701079,0.0670903656263778,0.6757069726035143
0.14,0.2572026617701079,0.0670903656263778,0.6757069726035143
0.16,0.2572026617701079,0.0670903656263778,0.6757069726035143
0.18,0.2572026617701079,0.0670903656263778,0.6757069726035143
0.2,0.2572026617701079,0.0670903656263778,0.6757069726035143
0.22,0.2572026617701079,0.0670903656263778,0.6757069726035143
0.24,0.2572026617701079,0.0670903656263778,0.6757069726035143
0.26,0.2572026617701079,0.0670903656263778,0.6757069726035143
0.28,0.2572026617701079,0.0670903656263778,0.6757069726035143
0.3,0.27214987724919876,0.07323034309137715,0.6546197796594241
0.32,0.2870970927282896,0.07937032055637648,0.633532586715334
0.34,0.30204430820738043,0.08551029802137583,0.6124453937712437
0.36,0.31699152368647127,0.09165027548637518,0.5913582008271535
0.38,0.3319387391655621,0.09779025295137453,0.5702710078830633
0.4,0.34688595464465294,0.10393023041637386,0.5491838149389732
0.42,0.3618331701237438,0.11007020788137321,0.5280966219948829
0.44,0.3767803856028346,0.11621018534637256,0.5070094290507927
0.46,0.39172760108192545,0.1223501628113719,0.48592223610670254
0.48,0.4066748165610163,0.12849014027637123,0.46483504316261237
0.5,0.4216220320401071,0.1346301177413706,0.44374785021852214
0.52,0.43656924751919796,0.14077009520636993,0.422660657274432
0.54,0.4515164629982888,0.1469100726713693,0.40157346433034175
0.56,0.46646367847737963,0.15305005013636863,0.3804862713862516
0.58,0.46646367847737963,0.15305005013636863,0.3804862713862516
0.6,0.46646367847737963,0.15305005013636863,0.3804862713862516
0.62,0.46646367847737963,0.15305005013636863,0.3804862713862516
0.64,0.46646367847737963,0.15305005013636863,0.3804862713862516
0.66,0.46646367847737963,0.15305005013636863,0.3804862713862516
0.68,0.46646367847737963,0.15305005013636863,0.3804862713862516
0.7000000000000001,0.46646367847737963,0.15305005013636863,0.3804862713862516
0.72,0.46646367847737963,0.15305005013636863,0.3804862713862516
0.74,0.46646367847737963,0.15305005013636863,0.3804862713862516
0.76,0.46646367847737963,0.15305005013636863,0.3804862713862516
0.78,0.46646367847737963,0.15305005013636863,0.3804862713862516
0.8,0.46646367847737963,0.15305005013636863,0.3804862713862516
0.8200000000000001,0.46646367847737963,0.15305005013636863,0.3804862713862516
0.84,0.46646367847737963,0.15305005013636863,0.3804862713862516
0.86,0.46646367847737963,0.15305005013636863,0.3804862713862516
0.88,0.46646367847737963,0.15305005013636863,0.3804862713862516
0.9,0.46646367847737963,0.15305005013636863,0.3804862713862516
0.92,0.46646367847737963,0.15305005013636863,0.3804862713862516
0.9400000000000001,0.46646367847737963,0.15305005013636863,0.3804862713862516
0.96,0.46646367847737963,0.15305005013636863,0.3804862713862516
0.98,0.46646367847737963,0.15305005013636863,0.3804862713862516
1.0,0.46646367847737963,0.15305005013636863,0.3804862713862516
