fraction_of_volc,OH,H2O2,TMI
0.0,0.6308003110921848,0.17322406502482138,0.1959756238829938
0.02,0.6308003110921848,0.17322406502482138,0.1959756238829938
0.04,0.6308003110921848,0.17322406502482138,0.1959756238829938
0.06,0.6308003110921848,0.17322406502482138,0.1959756238829938
0.08,0.6308003110921848,0.17322406502482138,0.1959756238829938
0.1,0.6308003110921848,0.17322406502482138,0.1959756238829938
0.12,0.6308003110921848,0.17322406502482138,0.1959756238829938
0.14,0.6308003110921848,0.17322406502482138,0.1959756238829938
0.16,0.6308003110921848,0.17322406502482138,0.1959756238829938
0.18,0.6308003110921848,0.17322406502482138,0.1959756238829938
0.2,0.6308003110921848,0.17322406502482138,0.1959756238829938
0.22,0.6308003110921848,0.17322406502482138,0.1959756238829938
0.24,0.6308003110921848,0.17322406502482138,0.1959756238829938
0.26,0.6308003110921848,0.17322406502482138,0.1959756238829938
0.28,0.6308003110921848,0.17322406502482138,0.1959756238829938
0.3,0.6308003110921848,0.17322406502482138,0.1959756238829938
0.32,0.6308003110921848,0.17322406502482138,0.1959756238829938
0.34,0.6308003110921848,0.17322406502482138,0.1959756238829938
0.36,0.6308003110921848,0.17322406502482138,0.1959756238829938
0.38,0.6308003110921848,0.17322406502482138,0.1959756238829938
0.4,0.6308003110921848,0.17322406502482138,0.1959756238829938
0.42,0.6308003110921848,0.17322406502482138,0.1959756238829938
0.44,0.6308003110921848,0.17322406502482138,0.1959756238829938
0.46,0.6308003110921848,0.17322406502482138,0.1959756238829938
0.48,0.6308003110921848,0.17322406502482138,0.1959756238829938
0.5,0.6308003110921848,0.17322406502482138,0.1959756238829938
0.52,0.6308003110921848,0.17322406502482138,0.1959756238829938
0.54,0.6308003110921848,0.17322406502482138,0.1959756238829938
0.56,0.6308003110921848,0.17322406502482138,0.1959756238829938
0.58,0.6308003110921848,0.17322406502482138,0.1959756238829938
0.6,0.6308003110921848,0.17322406502482138,0.1959756238829938
0.62,0.6308003110921848,0.17322406502482138,0.1959756238829938
0.64,0.5826058070959448,0.2148536100995311,0.20254058280452406
0.66,0.5344113030997049,0.2564831551742408,0.2091055417260543
0.68,0.4862167991034648,0.29811270024895054,0.21567050064758456
0.7000000000000001,0.43802229510722485,0.33974224532366026,0.2222354595691148
0.72,0.38982779111098487,0.38137179039837,0.22880041849064509
0.74,0.34163328711474483,0.4230013354730797,0.23536537741217534
0.76,0.29343878311850485,0.46463088054778945,0.2419303363337056
0.78,0.24524427912226487,0.5062604256224992,0.24849529525523584
0.8,0.1970497751260249,0.5478899706972089,0.2550602541767661
0.8200000000000001,0.14885527112978492,0.5895195157719186,0.26162521309829634
0.84,0.1006607671335449,0.6311490608466284,0.2681901720198266
0.86,0.1006607671335449,0.6311490608466284,0.2681901720198266
0.88,0.1006607671335449,0.6311490608466284,0.2681901720198266
0.9,0.1006607671335449,0.6311490608466284,0.2681901720198266
0.92,0.1006607671335449,0.6311490608466284,0.2681901720198266
0.9400000000000001,0.1006607671335449,0.6311490608466284,0.2681901720198266
0.96,0.1006607671335449,0.6311490608466284,0.2681901720198266
0.98,0.1006607671335449,0.6311490608466284,0.2681901720198266
1.0,0.1006607671335449,0.6311490608466284,0.2681901720198266
