fraction_of_volc,OH,H2O2,TMI
0.0,0.5271224263803963,0.29319527618900504,0.17968229743059852
0.02,0.5271224263803963,0.29319527618900504,0.17968229743059852
0.04,0.5271224263803963,0.29319527618900504,0.17968229743059852
0.06,0.5271224263803963,0.29319527618900504,0.17968229743059852
0.08,0.5271224263803963,0.29319527618900504,0.17968229743059852
0.1,0.5271224263803963,0.29319527618900504,0.17968229743059852
0.12,0.5271224263803963,0.29319527618900504,0.17968229743059852
0.14,0.5271224263803963,0.29319527618900504,0.17968229743059852
0.16,0.5271224263803963,0.29319527618900504,0.17968229743059852
0.18,0.518887102703116,0.29079714979442894,0.19031574750245497
0.2,0.5106517790258356,0.2883990233998528,0.20094919757431146
0.22,0.5024164553485553,0.2860008970052767,0.2115826476461679
0.24,0.4941811316712749,0.28360277061070055,0.2222160977180244
0.26,0.48594580799399456,0.28120464421612446,0.23284954778988085
0.28,0.47771048431671426,0.2788065178215483,0.24348299786173733
0.3,0.4694751606394339,0.2764083914269722,0.2541164479335938
0.32,0.46123983696215354,0.27401026503239606,0.26474989800545023
0.34,0.45300451328487323,0.27161213863781997,0.2753833480773067
0.36,0.4447691896075929,0.2692140122432438,0.2860167981491632
0.38,0.4365338659303125,0.2668158858486677,0.29665024822101965
0.4,0.4282985422530322,0.2644177594540916,0.3072836982928761
0.42,0.42006321857575185,0.2620196330595155,0.3179171483647326
0.44,0.4118278948984715,0.2596215066649393,0.32855059843658907
0.46,0.40359257122119113,0.25722338027036323,0.3391840485084455
0.48,0.3953572475439108,0.25482525387578714,0.349817498580302
0.5,0.38712192386663047,0.252427127481211,0.36045094865215843
0.52,0.3788866001893501,0.2500290010866349,0.3710843987240149
0.54,0.37065127651206975,0.24763087469205874,0.38171784879587134
0.56,0.36241595283478945,0.24523274829748265,0.39235129886772785
0.58,0.3541806291575091,0.24283462190290653,0.4029847489395843
0.6,0.3459453054802287,0.2404364955083304,0.4136181990114408
0.62,0.3377099818029484,0.23803836911375428,0.42425164908329727
0.64,0.32947465812566806,0.23564024271917816,0.4348850991551537
0.66,0.3212393344483877,0.23324211632460204,0.4455185492270102
0.68,0.31300401077110734,0.23084398993002592,0.45615199929886663
0.7000000000000001,0.31300401077110734,0.23084398993002592,0.45615199929886663
0.72,0.31300401077110734,0.23084398993002592,0.45615199929886663
0.74,0.31300401077110734,0.23084398993002592,0.45615199929886663
0.76,0.31300401077110734,0.23084398993002592,0.45615199929886663
0.78,0.31300401077110734,0.23084398993002592,0.45615199929886663
0.8,0.31300401077110734,0.23084398993002592,0.45615199929886663
0.8200000000000001,0.31300401077110734,0.23084398993002592,0.45615199929886663
0.84,0.31300401077110734,0.23084398993002592,0.45615199929886663
0.86,0.31300401077110734,0.23084398993002592,0.45615199929886663
0.88,0.31300401077110734,0.23084398993002592,0.45615199929886663
0.9,0.31300401077110734,0.23084398993002592,0.45615199929886663
0.92,0.31300401077110734,0.23084398993002592,0.45615199929886663
0.9400000000000001,0.31300401077110734,0.23084398993002592,0.45615199929886663
0.96,0.31300401077110734,0.23084398993002592,0.45615199929886663
0.98,0.31300401077110734,0.23084398993002592,0.45615199929886663
1.0,0.31300401077110734,0.23084398993002592,0.45615199929886663
