fraction_of_volc,OH,H2O2,TMI
0.0,0.14501266267191468,0.003435453438962453,0.851551883889123
0.02,0.14501266267191468,0.003435453438962453,0.851551883889123
0.04,0.14501266267191468,0.003435453438962453,0.851551883889123
0.06,0.14501266267191468,0.003435453438962453,0.851551883889123
0.08,0.14501266267191468,0.003435453438962453,0.851551883889123
0.1,0.14501266267191468,0.003435453438962453,0.851551883889123
0.12,0.14501266267191468,0.003435453438962453,0.851551883889123
0.14,0.14501266267191468,0.003435453438962453,0.851551883889123
0.16,0.14501266267191468,0.003435453438962453,0.851551883889123
0.18,0.14501266267191468,0.003435453438962453,0.851551883889123
0.2,0.14501266267191468,0.003435453438962453,0.851551883889123
0.22,0.14501266267191468,0.003435453438962453,0.851551883889123
0.24,0.14501266267191468,0.003435453438962453,0.851551883889123
0.26,0.14501266267191468,0.003435453438962453,0.851551883889123
0.28,0.14501266267191468,0.003435453438962453,0.851551883889123
0.3,0.14501266267191468,0.003435453438962453,0.851551883889123
0.32,0.14501266267191468,0.003435453438962453,0.851551883889123
0.34,0.14501266267191468,0.003435453438962453,0.851551883889123
0.36,0.14501266267191468,0.003435453438962453,0.851551883889123
0.38,0.14501266267191468,0.003435453438962453,0.851551883889123
0.4,0.14501266267191468,0.003435453438962453,0.851551883889123
0.42,0.14501266267191468,0.003435453438962453,0.851551883889123
0.44,0.14501266267191468,0.003435453438962453,0.851551883889123
0.46,0.14501266267191468,0.003435453438962453,0.851551883889123
0.48,0.14501266267191468,0.003435453438962453,0.851551883889123
0.5,0.14501266267191468,0.003435453438962453,0.851551883889123
0.52,0.14501266267191468,0.003435453438962453,0.851551883889123
0.54,0.14501266267191468,0.003435453438962453,0.851551883889123
0.56,0.14501266267191468,0.003435453438962453,0.851551883889123
0.58,0.14501266267191468,0.003435453438962453,0.851551883889123
0.6,0.14501266267191468,0.003435453438962453,0.851551883889123
0.62,0.14598238870155844,0.028076018650513394,0.8259415926479282
0.64,0.14695211473120218,0.052716583862064334,0.8003313014067336
0.66,0.1479218407608459,0.07735714907361527,0.7747210101655388
0.68,0.14889156679048968,0.10199771428516621,0.7491107189243442
0.7000000000000001,0.14986129282013344,0.12663827949671716,0.7235004276831495
0.72,0.15083101884977718,0.15127884470826808,0.6978901364419547
0.74,0.1518007448794209,0.17591940991981903,0.6722798452007601
0.76,0.15277047090906468,0.20055997513136997,0.6466695539595654
0.78,0.15374019693870844,0.22520054034292092,0.6210592627183708
0.8,0.15470992296835218,0.24984110555447187,0.595448971477176
0.8200000000000001,0.15470992296835218,0.24984110555447187,0.595448971477176
0.84,0.15470992296835218,0.24984110555447187,0.595448971477176
0.86,0.15470992296835218,0.24984110555447187,0.595448971477176
0.88,0.15470992296835218,0.24984110555447187,0.595448971477176
0.9,0.15470992296835218,0.24984110555447187,0.595448971477176
0.92,0.15470992296835218,0.24984110555447187,0.595448971477176
0.9400000000000001,0.15470992296835218,0.24984110555447187,0.595448971477176
0.96,0.15470992296835218,0.24984110555447187,0.595448971477176
0.98,0.15470992296835218,0.24984110555447187,0.595448971477176
1.0,0.15470992296835218,0.24984110555447187,0.595448971477176
