fraction_of_volc,OH,H2O2,TMI
0.0,0.22662782785999216,0.049569159990965214,0.7238030121490426
0.02,0.22662782785999216,0.049569159990965214,0.7238030121490426
0.04,0.22662782785999216,0.049569159990965214,0.7238030121490426
0.06,0.22662782785999216,0.049569159990965214,0.7238030121490426
0.08,0.22662782785999216,0.049569159990965214,0.7238030121490426
0.1,0.22662782785999216,0.049569159990965214,0.7238030121490426
0.12,0.22662782785999216,0.049569159990965214,0.7238030121490426
0.14,0.22662782785999216,0.049569159990965214,0.7238030121490426
0.16,0.22662782785999216,0.049569159990965214,0.7238030121490426
0.18,0.22662782785999216,0.049569159990965214,0.7238030121490426
0.2,0.22662782785999216,0.049569159990965214,0.7238030121490426
0.22,0.22662782785999216,0.049569159990965214,0.7238030121490426
0.24,0.22662782785999216,0.049569159990965214,0.7238030121490426
0.26,0.22662782785999216,0.049569159990965214,0.7238030121490426
0.28,0.22662782785999216,0.049569159990965214,0.7238030121490426
0.3,0.22662782785999216,0.049569159990965214,0.7238030121490426
0.32,0.22662782785999216,0.049569159990965214,0.7238030121490426
0.34,0.22662782785999216,0.049569159990965214,0.7238030121490426
0.36,0.22662782785999216,0.049569159990965214,0.7238030121490426
0.38,0.22662782785999216,0.049569159990965214,0.7238030121490426
0.4,0.22662782785999216,0.049569159990965214,0.7238030121490426
0.42,0.22662782785999216,0.049569159990965214,0.7238030121490426
0.44,0.22662782785999216,0.049569159990965214,0.7238030121490426
0.46,0.22662782785999216,0.049569159990965214,0.7238030121490426
0.48,0.22662782785999216,0.049569159990965214,0.7238030121490426
0.5,0.22662782785999216,0.049569159990965214,0.7238030121490426
0.52,0.22662782785999216,0.049569159990965214,0.7238030121490426
0.54,0.22662782785999216,0.049569159990965214,0.7238030121490426
0.56,0.22662782785999216,0.049569159990965214,0.7238030121490426
0.58,0.22662782785999216,0.049569159990965214,0.7238030121490426
0.6,0.22662782785999216,0.049569159990965214,0.7238030121490426
0.62,0.2120341682750509,0.053477928918822505,0.7344879028061266
0.64,0.19744050869010965,0.057386697846679796,0.7451727934632105
0.66,0.18284684910516838,0.06129546677453708,0.7558576841202945
0.68,0.1682531895202271,0.06520423570239438,0.7665425747773785
0.7000000000000001,0.15365952993528587,0.06911300463025166,0.7772274654344625
0.72,0.1390658703503446,0.07302177355810896,0.7879123560915464
0.74,0.12447221076540332,0.07693054248596624,0.7985972467486304
0.76,0.10987855118046207,0.08083931141382353,0.8092821374057144
0.78,0.09528489159552081,0.08474808034168083,0.8199670280627984
0.8,0.08069123201057954,0.08865684926953812,0.8306519187198823
0.8200000000000001,0.06609757242563827,0.09256561819739541,0.8413368093769663
0.84,0.051503912840697025,0.09647438712525269,0.8520217000340502
0.86,0.036910253255755754,0.10038315605310999,0.8627065906911342
0.88,0.02231659367081449,0.10429192498096727,0.8733914813482182
0.9,0.02231659367081449,0.10429192498096727,0.8733914813482182
0.92,0.02231659367081449,0.10429192498096727,0.8733914813482182
0.9400000000000001,0.02231659367081449,0.10429192498096727,0.8733914813482182
0.96,0.02231659367081449,0.10429192498096727,0.8733914813482182
0.98,0.02231659367081449,0.10429192498096727,0.8733914813482182
1.0,0.02231659367081449,0.10429192498096727,0.8733914813482182
