fraction_of_volc,OH,H2O2,TMI
0.0,0.7569383890857371,0.08424134513547249,0.15882026577879035
0.02,0.7569383890857371,0.08424134513547249,0.15882026577879035
0.04,0.7569383890857371,0.08424134513547249,0.15882026577879035
0.06,0.7559352534892233,0.08552027735379591,0.15854446915698076
0.08,0.7549321178927094,0.08679920957211933,0.15826867253517116
0.1,0.7539289822961956,0.08807814179044275,0.15799287591336156
0.12,0.7529258466996818,0.08935707400876616,0.15771707929155196
0.14,0.751922711103168,0.09063600622708959,0.15744128266974236
0.16,0.7509195755066542,0.09191493844541301,0.15716548604793276
0.18,0.7499164399101403,0.09319387066373643,0.1568896894261232
0.2,0.7489133043136266,0.09447280288205985,0.1566138928043136
0.22,0.7479101687171127,0.09575173510038328,0.156338096182504
0.24,0.7469070331205989,0.09703066731870669,0.1560622995606944
0.26,0.7459038975240851,0.09830959953703011,0.1557865029388848
0.28,0.7449007619275713,0.09958853175535354,0.1555107063170752
0.3,0.7438976263310575,0.10086746397367695,0.1552349096952656
0.32,0.7428944907345436,0.10214639619200037,0.154959113073456
0.34,0.7418913551380298,0.10342532841032379,0.1546833164516464
0.36,0.7408882195415161,0.10470426062864721,0.1544075198298368
0.38,0.7398850839450022,0.10598319284697064,0.1541317232080272
0.4,0.7388819483484884,0.10726212506529405,0.1538559265862176
0.42,0.7378788127519745,0.10854105728361747,0.15358012996440804
0.44,0.7368756771554608,0.10981998950194088,0.15330433334259844
0.46,0.7358725415589469,0.11109892172026431,0.15302853672078884
0.48,0.7348694059624331,0.11237785393858774,0.15275274009897924
0.5,0.7338662703659193,0.11365678615691116,0.15247694347716964
0.52,0.7328631347694055,0.11493571837523457,0.15220114685536004
0.54,0.7318599991728917,0.11621465059355798,0.15192535023355044
0.56,0.7308568635763778,0.11749358281188141,0.15164955361174084
0.58,0.729853727979864,0.11877251503020483,0.15137375698993125
0.6,0.7288505923833503,0.12005144724852826,0.15109796036812165
0.62,0.7278474567868364,0.12133037946685167,0.15082216374631205
0.64,0.7268443211903226,0.1226093116851751,0.15054636712450245
0.66,0.7258411855938087,0.12388824390349851,0.15027057050269288
0.68,0.724838049997295,0.12516717612182193,0.14999477388088328
0.7000000000000001,0.7238349144007812,0.12644610834014536,0.14971897725907368
0.72,0.7228317788042673,0.12772504055846878,0.14944318063726408
0.74,0.7218286432077535,0.1290039727767922,0.14916738401545449
0.76,0.7208255076112396,0.1302829049951156,0.1488915873936449
0.78,0.7198223720147259,0.13156183721343903,0.1486157907718353
0.8,0.7198223720147259,0.13156183721343903,0.1486157907718353
0.8200000000000001,0.7198223720147259,0.13156183721343903,0.1486157907718353
0.84,0.7198223720147259,0.13156183721343903,0.1486157907718353
0.86,0.7198223720147259,0.13156183721343903,0.1486157907718353
0.88,0.7198223720147259,0.13156183721343903,0.1486157907718353
0.9,0.7198223720147259,0.13156183721343903,0.1486157907718353
0.92,0.7198223720147259,0.13156183721343903,0.1486157907718353
0.9400000000000001,0.7198223720147259,0.13156183721343903,0.1486157907718353
0.96,0.7198223720147259,0.13156183721343903,0.1486157907718353
0.98,0.7198223720147259,0.13156183721343903,0.1486157907718353
1.0,0.7198223720147259,0.13156183721343903,0.1486157907718353
