fraction_of_volc,OH,H2O2,TMI
0.0,0.15017111783609063,0.8174120064171515,0.032416875746757855
0.02,0.15017111783609063,0.8174120064171515,0.032416875746757855
0.04,0.15017111783609063,0.8174120064171515,0.032416875746757855
0.06,0.15017111783609063,0.8174120064171515,0.032416875746757855
0.08,0.15017111783609063,0.8174120064171515,0.032416875746757855
0.1,0.15017111783609063,0.8174120064171515,0.032416875746757855
0.12,0.15017111783609063,0.8174120064171515,0.032416875746757855
0.14,0.15017111783609063,0.8174120064171515,0.032416875746757855
0.16,0.15017111783609063,0.8174120064171515,0.032416875746757855
0.18,0.15017111783609063,0.8174120064171515,0.032416875746757855
0.2,0.15017111783609063,0.8174120064171515,0.032416875746757855
0.22,0.15017111783609063,0.8174120064171515,0.032416875746757855
0.24,0.15017111783609063,0.8174120064171515,0.032416875746757855
0.26,0.15017111783609063,0.8174120064171515,0.032416875746757855
0.28,0.15017111783609063,0.8174120064171515,0.032416875746757855
0.3,0.15017111783609063,0.8174120064171515,0.032416875746757855
0.32,0.15017111783609063,0.8174120064171515,0.032416875746757855
0.34,0.15017111783609063,0.8174120064171515,0.032416875746757855
0.36,0.15017111783609063,0.8174120064171515,0.032416875746757855
0.38,0.15017111783609063,0.8174120064171515,0.032416875746757855
0.4,0.15017111783609063,0.8174120064171515,0.032416875746757855
0.42,0.15017111783609063,0.8174120064171515,0.032416875746757855
0.44,0.15017111783609063,0.8174120064171515,0.032416875746757855
0.46,0.15017111783609063,0.8174120064171515,0.032416875746757855
0.48,0.15017111783609063,0.8174120064171515,0.032416875746757855
0.5,0.15017111783609063,0.8174120064171515,0.032416875746757855
0.52,0.15017111783609063,0.8174120064171515,0.032416875746757855
0.54,0.15017111783609063,0.8174120064171515,0.032416875746757855
0.56,0.15017111783609063,0.8174120064171515,0.032416875746757855
0.58,0.15017111783609063,0.8174120064171515,0.032416875746757855
0.6,0.15017111783609063,0.8174120064171515,0.032416875746757855
0.62,0.15017111783609063,0.8174120064171515,0.032416875746757855
0.64,0.17768148154378766,0.7827350065068786,0.03958351194933377
0.66,0.20519184525148465,0.7480580065966056,0.0467501481519097
0.68,0.23270220895918164,0.7133810066863328,0.05391678435448562
0.7000000000000001,0.2602125726668787,0.6787040067760598,0.061083420557061535
0.72,0.2877229363745757,0.6440270068657868,0.06825005675963745
0.74,0.3152333000822727,0.609350006955514,0.07541669296221337
0.76,0.3427436637899697,0.574673007045241,0.0825833291647893
0.78,0.37025402749766667,0.5399960071349681,0.08974996536736521
0.8,0.39776439120536367,0.5053190072246951,0.09691660156994114
0.8200000000000001,0.42527475491306066,0.47064200731442224,0.10408323777251705
0.84,0.45278511862075776,0.43596500740414934,0.11124987397509298
0.86,0.48029548232845476,0.4012880074938764,0.11841651017766891
0.88,0.5078058460361518,0.36661100758360343,0.12558314638024481
0.9,0.5353162097438487,0.33193400767333053,0.13274978258282075
0.92,0.5628265734515457,0.29725700776305763,0.13991641878539665
0.9400000000000001,0.5903369371592427,0.2625800078527847,0.14708305498797258
0.96,0.6178473008669397,0.22790300794251173,0.1542496911905485
0.98,0.6453576645746367,0.19322600803223888,0.16141632739312442
1.0,0.6453576645746367,0.19322600803223888,0.16141632739312442
