fraction_of_volc,OH,H2O2,TMI
0.0,0.416981116819835,0.3293817248780601,0.25363715830210487
0.02,0.416981116819835,0.3293817248780601,0.25363715830210487
0.04,0.416981116819835,0.3293817248780601,0.25363715830210487
0.06,0.416981116819835,0.3293817248780601,0.25363715830210487
0.08,0.416981116819835,0.3293817248780601,0.25363715830210487
0.1,0.416981116819835,0.3293817248780601,0.25363715830210487
0.12,0.416981116819835,0.3293817248780601,0.25363715830210487
0.14,0.416981116819835,0.3293817248780601,0.25363715830210487
0.16,0.416981116819835,0.3293817248780601,0.25363715830210487
0.18,0.416981116819835,0.3293817248780601,0.25363715830210487
0.2,0.416981116819835,0.3293817248780601,0.25363715830210487
0.22,0.416981116819835,0.3293817248780601,0.25363715830210487
0.24,0.416981116819835,0.3293817248780601,0.25363715830210487
0.26,0.416981116819835,0.3293817248780601,0.25363715830210487
0.28,0.416981116819835,0.3293817248780601,0.25363715830210487
0.3,0.416981116819835,0.3293817248780601,0.25363715830210487
0.32,0.416981116819835,0.3293817248780601,0.25363715830210487
0.34,0.416981116819835,0.3293817248780601,0.25363715830210487
0.36,0.416981116819835,0.3293817248780601,0.25363715830210487
0.38,0.416981116819835,0.3293817248780601,0.25363715830210487
0.4,0.416981116819835,0.3293817248780601,0.25363715830210487
0.42,0.416981116819835,0.3293817248780601,0.25363715830210487
0.44,0.416981116819835,0.3293817248780601,0.25363715830210487
0.46,0.416981116819835,0.3293817248780601,0.25363715830210487
0.48,0.416981116819835,0.3293817248780601,0.25363715830210487
0.5,0.416981116819835,0.3293817248780601,0.25363715830210487
0.52,0.416981116819835,0.3293817248780601,0.25363715830210487
0.54,0.416981116819835,0.3293817248780601,0.25363715830210487
0.56,0.416981116819835,0.3293817248780601,0.25363715830210487
0.58,0.416981116819835,0.3293817248780601,0.25363715830210487
0.6,0.416981116819835,0.3293817248780601,0.25363715830210487
0.62,0.416981116819835,0.3293817248780601,0.25363715830210487
0.64,0.416981116819835,0.3293817248780601,0.25363715830210487
0.66,0.416981116819835,0.3293817248780601,0.25363715830210487
0.68,0.416981116819835,0.3293817248780601,0.25363715830210487
0.7000000000000001,0.416981116819835,0.3293817248780601,0.25363715830210487
0.72,0.416981116819835,0.3293817248780601,0.25363715830210487
0.74,0.416981116819835,0.3293817248780601,0.25363715830210487
0.76,0.416981116819835,0.3293817248780601,0.25363715830210487
0.78,0.416981116819835,0.3293817248780601,0.25363715830210487
0.8,0.40912711655715905,0.3044464954335821,0.2864263880092588
0.8200000000000001,0.40127311629448315,0.27951126598910414,0.31921561771641277
0.84,0.3934191160318072,0.2545760365446261,0.35200484742356675
0.86,0.3855651157691312,0.22964080710014811,0.38479407713072067
0.88,0.3777111155064553,0.2047055776556701,0.4175833068378746
0.9,0.36985711524377934,0.17977034821119212,0.45037253654502857
0.92,0.3620031149811034,0.15483511876671413,0.48316176625218255
0.9400000000000001,0.35414911471842747,0.12989988932223612,0.5159509959593365
0.96,0.3462951144557515,0.1049646598777581,0.5487402256664904
0.98,0.3462951144557515,0.1049646598777581,0.5487402256664904
1.0,0.3462951144557515,0.1049646598777581,0.5487402256664904
