fraction_of_volc,OH,H2O2,TMI
0.0,0.441471286276321,0.48016861834697944,0.07836009537669977
0.02,0.441471286276321,0.48016861834697944,0.07836009537669977
0.04,0.441471286276321,0.48016861834697944,0.07836009537669977
0.06,0.441471286276321,0.48016861834697944,0.07836009537669977
0.08,0.441471286276321,0.48016861834697944,0.07836009537669977
0.1,0.441471286276321,0.48016861834697944,0.07836009537669977
0.12,0.441471286276321,0.48016861834697944,0.07836009537669977
0.14,0.441471286276321,0.48016861834697944,0.07836009537669977
0.16,0.441471286276321,0.48016861834697944,0.07836009537669977
0.18,0.441471286276321,0.48016861834697944,0.07836009537669977
0.2,0.441471286276321,0.48016861834697944,0.07836009537669977
0.22,0.441471286276321,0.48016861834697944,0.07836009537669977
0.24,0.441471286276321,0.48016861834697944,0.07836009537669977
0.26,0.441471286276321,0.48016861834697944,0.07836009537669977
0.28,0.441471286276321,0.48016861834697944,0.07836009537669977
0.3,0.441471286276321,0.48016861834697944,0.07836009537669977
0.32,0.441471286276321,0.48016861834697944,0.07836009537669977
0.34,0.441471286276321,0.48016861834697944,0.07836009537669977
0.36,0.441471286276321,0.48016861834697944,0.07836009537669977
0.38,0.446155666855897,0.47424315944267653,0.07960117370142664
0.4,0.450840047435473,0.4683177005383736,0.08084225202615349
0.42,0.45552442801504905,0.4623922416340708,0.08208333035088035
0.44,0.4602088085946251,0.4564667827297679,0.08332440867560721
0.46,0.4648931891742011,0.45054132382546497,0.08456548700033406
0.48,0.4695775697537771,0.4446158649211621,0.08580656532506092
0.5,0.47426195033335317,0.4386904060168592,0.08704764364978779
0.52,0.47894633091292915,0.4327649471125563,0.08828872197451464
0.54,0.4836307114925052,0.4268394882082534,0.0895298002992415
0.56,0.48831509207208124,0.4209140293039505,0.09077087862396836
0.58,0.4929994726516572,0.41498857039964765,0.09201195694869521
0.6,0.49768385323123326,0.40906311149534474,0.09325303527342207
0.62,0.49768385323123326,0.40906311149534474,0.09325303527342207
0.64,0.49768385323123326,0.40906311149534474,0.09325303527342207
0.66,0.49768385323123326,0.40906311149534474,0.09325303527342207
0.68,0.49768385323123326,0.40906311149534474,0.09325303527342207
0.7000000000000001,0.49768385323123326,0.40906311149534474,0.09325303527342207
0.72,0.49768385323123326,0.40906311149534474,0.09325303527342207
0.74,0.49768385323123326,0.40906311149534474,0.09325303527342207
0.76,0.49768385323123326,0.40906311149534474,0.09325303527342207
0.78,0.49768385323123326,0.40906311149534474,0.09325303527342207
0.8,0.49768385323123326,0.40906311149534474,0.09325303527342207
0.8200000000000001,0.49768385323123326,0.40906311149534474,0.09325303527342207
0.84,0.49768385323123326,0.40906311149534474,0.09325303527342207
0.86,0.49768385323123326,0.40906311149534474,0.09325303527342207
0.88,0.49768385323123326,0.40906311149534474,0.09325303527342207
0.9,0.49768385323123326,0.40906311149534474,0.09325303527342207
0.92,0.49768385323123326,0.40906311149534474,0.09325303527342207
0.9400000000000001,0.49768385323123326,0.40906311149534474,0.09325303527342207
0.96,0.49768385323123326,0.40906311149534474,0.09325303527342207
0.98,0.49768385323123326,0.40906311149534474,0.09325303527342207
1.0,0.49768385323123326,0.40906311149534474,0.09325303527342207
