fraction_of_volc,OH,H2O2,TMI
0.0,0.2581533673396968,0.6410246986831258,0.10082193397717742
0.02,0.2581533673396968,0.6410246986831258,0.10082193397717742
0.04,0.2581533673396968,0.6410246986831258,0.10082193397717742
0.06,0.2581533673396968,0.6410246986831258,0.10082193397717742
0.08,0.2581533673396968,0.6410246986831258,0.10082193397717742
0.1,0.2581533673396968,0.6410246986831258,0.10082193397717742
0.12,0.2581533673396968,0.6410246986831258,0.10082193397717742
0.14,0.2581533673396968,0.6410246986831258,0.10082193397717742
0.16,0.2581533673396968,0.6410246986831258,0.10082193397717742
0.18,0.2581533673396968,0.6410246986831258,0.10082193397717742
0.2,0.2581533673396968,0.6410246986831258,0.10082193397717742
0.22,0.2581533673396968,0.6410246986831258,0.10082193397717742
0.24,0.2581533673396968,0.6410246986831258,0.10082193397717742
0.26,0.2581533673396968,0.6410246986831258,0.10082193397717742
0.28,0.2581533673396968,0.6410246986831258,0.10082193397717742
0.3,0.2581533673396968,0.6410246986831258,0.10082193397717742
0.32,0.2581533673396968,0.6410246986831258,0.10082193397717742
0.34,0.2581533673396968,0.6410246986831258,0.10082193397717742
0.36,0.2581533673396968,0.6410246986831258,0.10082193397717742
0.38,0.2581533673396968,0.6410246986831258,0.10082193397717742
0.4,0.2581533673396968,0.6410246986831258,0.10082193397717742
0.42,0.2581533673396968,0.6410246986831258,0.10082193397717742
0.44,0.2581533673396968,0.6410246986831258,0.10082193397717742
0.46,0.2581533673396968,0.6410246986831258,0.10082193397717742
0.48,0.2581533673396968,0.6410246986831258,0.10082193397717742
0.5,0.2581533673396968,0.6410246986831258,0.10082193397717742
0.52,0.2581533673396968,0.6410246986831258,0.10082193397717742
0.54,0.2581533673396968,0.6410246986831258,0.10082193397717742
0.56,0.2581533673396968,0.6410246986831258,0.10082193397717742
0.58,0.2581533673396968,0.6410246986831258,0.10082193397717742
0.6,0.2581533673396968,0.6410246986831258,0.10082193397717742
0.62,0.2581533673396968,0.6410246986831258,0.10082193397717742
0.64,0.2581533673396968,0.6410246986831258,0.10082193397717742
0.66,0.2581533673396968,0.6410246986831258,0.10082193397717742
0.68,0.2581533673396968,0.6410246986831258,0.10082193397717742
0.7000000000000001,0.2581533673396968,0.6410246986831258,0.10082193397717742
0.72,0.2581533673396968,0.6410246986831258,0.10082193397717742
0.74,0.2581533673396968,0.6410246986831258,0.10082193397717742
0.76,0.2581533673396968,0.6410246986831258,0.10082193397717742
0.78,0.2581533673396968,0.6410246986831258,0.10082193397717742
0.8,0.2581533673396968,0.6410246986831258,0.10082193397717742
0.8200000000000001,0.25325243154930044,0.5827425602090435,0.1640050082416561
0.84,0.24835149575890406,0.5244604217349612,0.2271880825061348
0.86,0.2434505599685077,0.46617828326087885,0.2903711567706135
0.88,0.23854962417811132,0.40789614478679653,0.35355423103509215
0.9,0.23364868838771496,0.3496140063127142,0.4167373052995708
0.92,0.2287477525973186,0.29133186783863185,0.47992037956404954
0.9400000000000001,0.22384681680692226,0.23304972936454954,0.5431034538285282
0.96,0.21894588101652587,0.17476759089046726,0.6062865280930069
0.98,0.21894588101652587,0.17476759089046726,0.6062865280930069
1.0,0.21894588101652587,0.17476759089046726,0.6062865280930069
