fraction_of_volc,OH,H2O2,TMI
0.0,0.11239597252464155,0.630170572076967,0.25743345539839135
0.02,0.11239597252464155,0.630170572076967,0.25743345539839135
0.04,0.11239597252464155,0.630170572076967,0.25743345539839135
0.06,0.11239597252464155,0.630170572076967,0.25743345539839135
0.08,0.11239597252464155,0.630170572076967,0.25743345539839135
0.1,0.11239597252464155,0.630170572076967,0.25743345539839135
0.12,0.11239597252464155,0.630170572076967,0.25743345539839135
0.14,0.11239597252464155,0.630170572076967,0.25743345539839135
0.16,0.11239597252464155,0.630170572076967,0.25743345539839135
0.18,0.11239597252464155,0.630170572076967,0.25743345539839135
0.2,0.11239597252464155,0.630170572076967,0.25743345539839135
0.22,0.11239597252464155,0.630170572076967,0.25743345539839135
0.24,0.11239597252464155,0.630170572076967,0.25743345539839135
0.26,0.11239597252464155,0.630170572076967,0.25743345539839135
0.28,0.11239597252464155,0.630170572076967,0.25743345539839135
0.3,0.11239597252464155,0.630170572076967,0.25743345539839135
0.32,0.11239597252464155,0.630170572076967,0.25743345539839135
0.34,0.11239597252464155,0.630170572076967,0.25743345539839135
0.36,0.11239597252464155,0.630170572076967,0.25743345539839135
0.38,0.11239597252464155,0.630170572076967,0.25743345539839135
0.4,0.12818828658229098,0.6232436754967765,0.24856803792093243
0.42,0.1439806006399404,0.616316778916586,0.2397026204434735
0.44,0.1597729146975898,0.6093898823363956,0.2308372029660146
0.46,0.17556522875523922,0.602462985756205,0.22197178548855567
0.48,0.19135754281288864,0.5955360891760145,0.21310636801109673
0.5,0.20714985687053808,0.588609192595824,0.2042409505336378
0.52,0.22294217092818752,0.5816822960156336,0.19537553305617888
0.54,0.23873448498583694,0.5747553994354431,0.18651011557871996
0.56,0.25452679904348635,0.5678285028552525,0.17764469810126104
0.58,0.27031911310113577,0.560901606275062,0.16877928062380212
0.6,0.2861114271587852,0.5539747096948716,0.1599138631463432
0.62,0.3019037412164346,0.5470478131146811,0.15104844566888426
0.64,0.317696055274084,0.5401209165344906,0.14218302819142536
0.66,0.3334883693317335,0.5331940199543,0.13331761071396642
0.68,0.3492806833893829,0.5262671233741096,0.1244521932365075
0.7000000000000001,0.3650729974470323,0.5193402267939191,0.11558677575904858
0.72,0.3808653115046817,0.5124133302137286,0.10672135828158966
0.74,0.39665762556233114,0.5054864336335381,0.09785594080413074
0.76,0.41244993961998055,0.4985595370533476,0.08899052332667182
0.78,0.42824225367762997,0.49163264047315713,0.0801251058492129
0.8,0.44403456773527944,0.4847057438929666,0.07125968837175395
0.8200000000000001,0.45982688179292885,0.4777788473127761,0.06239427089429503
0.84,0.47561919585057827,0.4708519507325856,0.05352885341683611
0.86,0.4914115099082277,0.4639250541523951,0.04466343593937719
0.88,0.507203823965877,0.45699815757220463,0.03579801846191827
0.9,0.5229961380235265,0.4500712609920141,0.02693260098445935
0.92,0.5229961380235265,0.4500712609920141,0.02693260098445935
0.9400000000000001,0.5229961380235265,0.4500712609920141,0.02693260098445935
0.96,0.5229961380235265,0.4500712609920141,0.02693260098445935
0.98,0.5229961380235265,0.4500712609920141,0.02693260098445935
1.0,0.5229961380235265,0.4500712609920141,0.02693260098445935
