fraction_of_volc,OH,H2O2,TMI
0.0,0.31364637056044364,0.56051897359942,0.1258346558401364
0.02,0.31364637056044364,0.56051897359942,0.1258346558401364
0.04,0.31364637056044364,0.56051897359942,0.1258346558401364
0.06,0.31364637056044364,0.56051897359942,0.1258346558401364
0.08,0.31364637056044364,0.56051897359942,0.1258346558401364
0.1,0.31364637056044364,0.56051897359942,0.1258346558401364
0.12,0.31364637056044364,0.56051897359942,0.1258346558401364
0.14,0.31364637056044364,0.56051897359942,0.1258346558401364
0.16,0.31364637056044364,0.56051897359942,0.1258346558401364
0.18,0.31364637056044364,0.56051897359942,0.1258346558401364
0.2,0.31364637056044364,0.56051897359942,0.1258346558401364
0.22,0.31364637056044364,0.56051897359942,0.1258346558401364
0.24,0.31364637056044364,0.56051897359942,0.1258346558401364
0.26,0.31364637056044364,0.56051897359942,0.1258346558401364
0.28,0.31364637056044364,0.56051897359942,0.1258346558401364
0.3,0.31364637056044364,0.56051897359942,0.1258346558401364
0.32,0.3104828300627616,0.5421440835659499,0.14737308637128854
0.34,0.3073192895650796,0.5237691935324797,0.16891151690244072
0.36,0.3041557490673975,0.5053943034990096,0.1904499474335929
0.38,0.3009922085697155,0.4870194134655395,0.21198837796474504
0.4,0.29782866807203345,0.46864452343206936,0.2335268084958972
0.42,0.2946651275743514,0.45026963339859927,0.25506523902704936
0.44,0.2915015870766694,0.4318947433651291,0.2766036695582015
0.46,0.2883380465789874,0.41351985333165897,0.2981421000893537
0.48,0.28517450608130535,0.3951449632981888,0.31968053062050583
0.5,0.28201096558362326,0.3767700732647187,0.341218961151658
0.52,0.27884742508594124,0.3583951832312486,0.3627573916828102
0.54,0.2756838845882592,0.34002029319777843,0.3842958222139623
0.56,0.2725203440905772,0.3216454031643083,0.40583425274511453
0.58,0.26935680359289516,0.3032705131308382,0.42737268327626665
0.6,0.2661932630952131,0.28489562309736804,0.44891111380741877
0.62,0.26302972259753105,0.2665207330638979,0.470449544338571
0.64,0.259866182099849,0.24814584303042775,0.4919879748697231
0.66,0.256702641602167,0.2297709529969576,0.5135264054008754
0.68,0.256702641602167,0.2297709529969576,0.5135264054008754
0.7000000000000001,0.256702641602167,0.2297709529969576,0.5135264054008754
0.72,0.256702641602167,0.2297709529969576,0.5135264054008754
0.74,0.256702641602167,0.2297709529969576,0.5135264054008754
0.76,0.256702641602167,0.2297709529969576,0.5135264054008754
0.78,0.256702641602167,0.2297709529969576,0.5135264054008754
0.8,0.256702641602167,0.2297709529969576,0.5135264054008754
0.8200000000000001,0.256702641602167,0.2297709529969576,0.5135264054008754
0.84,0.256702641602167,0.2297709529969576,0.5135264054008754
0.86,0.256702641602167,0.2297709529969576,0.5135264054008754
0.88,0.256702641602167,0.2297709529969576,0.5135264054008754
0.9,0.256702641602167,0.2297709529969576,0.5135264054008754
0.92,0.256702641602167,0.2297709529969576,0.5135264054008754
0.9400000000000001,0.256702641602167,0.2297709529969576,0.5135264054008754
0.96,0.256702641602167,0.2297709529969576,0.5135264054008754
0.98,0.256702641602167,0.2297709529969576,0.5135264054008754
1.0,0.256702641602167,0.2297709529969576,0.5135264054008754
