fraction_of_volc,OH,H2O2,TMI
0.0,0.17940360588295426,0.3345839525511623,0.48601244156588336
0.02,0.17940360588295426,0.3345839525511623,0.48601244156588336
0.04,0.17940360588295426,0.3345839525511623,0.48601244156588336
0.06,0.17940360588295426,0.3345839525511623,0.48601244156588336
0.08,0.17940360588295426,0.3345839525511623,0.48601244156588336
0.1,0.17940360588295426,0.3345839525511623,0.48601244156588336
0.12,0.17940360588295426,0.3345839525511623,0.48601244156588336
0.14,0.17940360588295426,0.3345839525511623,0.48601244156588336
0.16,0.17940360588295426,0.3345839525511623,0.48601244156588336
0.18,0.17940360588295426,0.3345839525511623,0.48601244156588336
0.2,0.17940360588295426,0.3345839525511623,0.48601244156588336
0.22,0.17940360588295426,0.3345839525511623,0.48601244156588336
0.24,0.17940360588295426,0.3345839525511623,0.48601244156588336
0.26,0.17940360588295426,0.3345839525511623,0.48601244156588336
0.28,0.17940360588295426,0.3345839525511623,0.48601244156588336
0.3,0.17940360588295426,0.3345839525511623,0.48601244156588336
0.32,0.17940360588295426,0.3345839525511623,0.48601244156588336
0.34,0.17940360588295426,0.3345839525511623,0.48601244156588336
0.36,0.19681788485163457,0.3269258146848552,0.47625630046351014
0.38,0.21423216382031487,0.31926767681854806,0.466500159361137
0.4,0.2316464427889952,0.31160953895224097,0.45674401825876376
0.42,0.24906072175767552,0.3039514010859339,0.44698787715639055
0.44,0.2664750007263558,0.2962932632196268,0.4372317360540174
0.46,0.28388927969503613,0.28863512535331964,0.42747559495164417
0.48,0.30130355866371644,0.28097698748701255,0.417719453849271
0.5,0.31871783763239675,0.27331884962070546,0.4079633127468978
0.52,0.33613211660107706,0.2656607117543983,0.39820717164452457
0.54,0.35354639556975737,0.2580025738880912,0.3884510305421514
0.56,0.3709606745384377,0.25034443602178413,0.3786948894397782
0.58,0.38837495350711804,0.24268629815547701,0.36893874833740503
0.6,0.40578923247579834,0.2350281602891699,0.3591826072350318
0.62,0.42320351144447865,0.2273700224228628,0.3494264661326586
0.64,0.44061779041315896,0.2197118845565557,0.3396703250302854
0.66,0.45803206938183927,0.21205374669024857,0.3299141839279122
0.68,0.4754463483505196,0.20439560882394148,0.32015804282553906
0.7000000000000001,0.4928606273191999,0.19673747095763436,0.31040190172316584
0.72,0.5102749062878802,0.18907933309132727,0.3006457606207926
0.74,0.5276891852565605,0.18142119522502015,0.2908896195184194
0.76,0.5451034642252408,0.17376305735871306,0.28113347841604625
0.78,0.5625177431939211,0.16610491949240594,0.27137733731367303
0.8,0.5799320221626014,0.15844678162609882,0.26162119621129987
0.8200000000000001,0.5973463011312817,0.15078864375979173,0.25186505510892665
0.84,0.614760580099962,0.1431305058934846,0.24210891400655346
0.86,0.6321748590686423,0.13547236802717752,0.23235277290418027
0.88,0.6495891380373227,0.1278142301608704,0.22259663180180705
0.9,0.667003417006003,0.12015609229456328,0.21284049069943384
0.92,0.6844176959746833,0.11249795442825619,0.20308434959706068
0.9400000000000001,0.7018319749433636,0.10483981656194907,0.19332820849468746
0.96,0.7192462539120439,0.09718167869564197,0.1835720673923143
0.98,0.7192462539120439,0.09718167869564197,0.1835720673923143
1.0,0.7192462539120439,0.09718167869564197,0.1835720673923143
