fraction_of_volc,OH,H2O2,TMI
0.0,0.16195781800840015,0.7747692027963241,0.06327297919527575
0.02,0.16195781800840015,0.7747692027963241,0.06327297919527575
0.04,0.16195781800840015,0.7747692027963241,0.06327297919527575
0.06,0.16195781800840015,0.7747692027963241,0.06327297919527575
0.08,0.16195781800840015,0.7747692027963241,0.06327297919527575
0.1,0.16195781800840015,0.7747692027963241,0.06327297919527575
0.12,0.16195781800840015,0.7747692027963241,0.06327297919527575
0.14,0.16195781800840015,0.7747692027963241,0.06327297919527575
0.16,0.16195781800840015,0.7747692027963241,0.06327297919527575
0.18,0.16195781800840015,0.7747692027963241,0.06327297919527575
0.2,0.16195781800840015,0.7747692027963241,0.06327297919527575
0.22,0.16195781800840015,0.7747692027963241,0.06327297919527575
0.24,0.16195781800840015,0.7747692027963241,0.06327297919527575
0.26,0.16195781800840015,0.7747692027963241,0.06327297919527575
0.28,0.16195781800840015,0.7747692027963241,0.06327297919527575
0.3,0.16195781800840015,0.7747692027963241,0.06327297919527575
0.32,0.16195781800840015,0.7747692027963241,0.06327297919527575
0.34,0.16195781800840015,0.7747692027963241,0.06327297919527575
0.36,0.16195781800840015,0.7747692027963241,0.06327297919527575
0.38,0.16195781800840015,0.7747692027963241,0.06327297919527575
0.4,0.16195781800840015,0.7747692027963241,0.06327297919527575
0.42,0.16195781800840015,0.7747692027963241,0.06327297919527575
0.44,0.16195781800840015,0.7747692027963241,0.06327297919527575
0.46,0.16195781800840015,0.7747692027963241,0.06327297919527575
0.48,0.16195781800840015,0.7747692027963241,0.06327297919527575
0.5,0.16195781800840015,0.7747692027963241,0.06327297919527575
0.52,0.16195781800840015,0.7747692027963241,0.06327297919527575
0.54,0.1876161766487397,0.7426859107999155,0.06969791255134479
0.56,0.21327453528907928,0.7106026188035068,0.07612284590741383
0.58,0.23893289392941885,0.6785193268070983,0.08254777926348288
0.6,0.2645912525697584,0.6464360348106897,0.08897271261955192
0.62,0.29024961121009796,0.6143527428142811,0.09539764597562095
0.64,0.31590796985043756,0.5822694508178725,0.10182257933169
0.66,0.3415663284907771,0.5501861588214638,0.10824751268775903
0.68,0.36722468713111667,0.5181028668250552,0.11467244604382809
0.7000000000000001,0.3928830457714562,0.48601957482864666,0.12109737939989712
0.72,0.41854140441179577,0.453936282832238,0.12752231275596615
0.74,0.4441997630521354,0.4218529908358294,0.1339472461120352
0.76,0.46985812169247493,0.3897696988394208,0.14037217946810426
0.78,0.4955164803328145,0.35768640684301223,0.1467971128241733
0.8,0.5211748389731541,0.3256031148466036,0.15322204618024232
0.8200000000000001,0.5468331976134937,0.29351982285019496,0.15964697953631138
0.84,0.5724915562538332,0.2614365308537864,0.16607191289238044
0.86,0.5981499148941727,0.2293532388573778,0.17249684624844946
0.88,0.6238082735345123,0.19726994686096921,0.1789217796045185
0.9,0.6494666321748519,0.16518665486456058,0.18534671296058755
0.92,0.6494666321748519,0.16518665486456058,0.18534671296058755
0.9400000000000001,0.6494666321748519,0.16518665486456058,0.18534671296058755
0.96,0.6494666321748519,0.16518665486456058,0.18534671296058755
0.98,0.6494666321748519,0.16518665486456058,0.18534671296058755
1.0,0.6494666321748519,0.16518665486456058,0.18534671296058755
