fraction_of_volc,OH,H2O2,TMI
0.0,0.69973317597138,0.09349610368316348,0.20677072034545668
0.02,0.69973317597138,0.09349610368316348,0.20677072034545668
0.04,0.69973317597138,0.09349610368316348,0.20677072034545668
0.06,0.69973317597138,0.09349610368316348,0.20677072034545668
0.08,0.69973317597138,0.09349610368316348,0.20677072034545668
0.1,0.69973317597138,0.09349610368316348,0.20677072034545668
0.12,0.69973317597138,0.09349610368316348,0.20677072034545668
0.14,0.69973317597138,0.09349610368316348,0.20677072034545668
0.16,0.69973317597138,0.09349610368316348,0.20677072034545668
0.18,0.69973317597138,0.09349610368316348,0.20677072034545668
0.2,0.69973317597138,0.09349610368316348,0.20677072034545668
0.22,0.69973317597138,0.09349610368316348,0.20677072034545668
0.24,0.69973317597138,0.09349610368316348,0.20677072034545668
0.26,0.69973317597138,0.09349610368316348,0.20677072034545668
0.28,0.6677543356499703,0.10726922248806352,0.2249764418619663
0.3,0.6357754953285606,0.12104234129296354,0.24318216337847595
0.32,0.603796655007151,0.13481546009786358,0.2613878848949856
0.34,0.5718178146857413,0.1485885789027636,0.2795936064114952
0.36,0.5398389743643316,0.16236169770766362,0.29779932792800484
0.38,0.507860134042922,0.17613481651256369,0.31600504944451446
0.4,0.4758812937215123,0.1899079353174637,0.33421077096102414
0.42,0.4439024534001026,0.20368105412236373,0.35241649247753376
0.44,0.4119236130786929,0.21745417292726377,0.3706222139940434
0.46,0.3799447727572832,0.23122729173216378,0.38882793551055306
0.48,0.3479659324358736,0.24500041053706384,0.4070336570270627
0.5,0.3159870921144639,0.25877352934196385,0.4252393785435723
0.52,0.2840082517930542,0.2725466481468639,0.4434451000600819
0.54,0.2520294114716446,0.2863197669517639,0.4616508215765916
0.56,0.2200505711502349,0.30009288575666393,0.4798565430931012
0.58,0.18807173082882522,0.313866004561564,0.49806226460961084
0.6,0.1560928905074156,0.327639123366464,0.5162679861261205
0.62,0.12411405018600585,0.34141224217136407,0.53447370764263
0.64,0.09213520986459622,0.3551853609762641,0.5526794291591397
0.66,0.06015636954318653,0.3689584797811641,0.5708851506756494
0.68,0.06015636954318653,0.3689584797811641,0.5708851506756494
0.7000000000000001,0.06015636954318653,0.3689584797811641,0.5708851506756494
0.72,0.06015636954318653,0.3689584797811641,0.5708851506756494
0.74,0.06015636954318653,0.3689584797811641,0.5708851506756494
0.76,0.06015636954318653,0.3689584797811641,0.5708851506756494
0.78,0.06015636954318653,0.3689584797811641,0.5708851506756494
0.8,0.06015636954318653,0.3689584797811641,0.5708851506756494
0.8200000000000001,0.06015636954318653,0.3689584797811641,0.5708851506756494
0.84,0.06015636954318653,0.3689584797811641,0.5708851506756494
0.86,0.06015636954318653,0.3689584797811641,0.5708851506756494
0.88,0.06015636954318653,0.3689584797811641,0.5708851506756494
0.9,0.06015636954318653,0.3689584797811641,0.5708851506756494
0.92,0.06015636954318653,0.3689584797811641,0.5708851506756494
0.9400000000000001,0.06015636954318653,0.3689584797811641,0.5708851506756494
0.96,0.06015636954318653,0.3689584797811641,0.5708851506756494
0.98,0.06015636954318653,0.3689584797811641,0.5708851506756494
1.0,0.06015636954318653,0.3689584797811641,0.5708851506756494
