fraction_of_volc,OH,H2O2,TMI
0.0,0.02988484409115529,0.0789917483966639,0.8911234075121808
0.02,0.02988484409115529,0.0789917483966639,0.8911234075121808
0.04,0.02988484409115529,0.0789917483966639,0.8911234075121808
0.06,0.02988484409115529,0.0789917483966639,0.8911234075121808
0.08,0.02988484409115529,0.0789917483966639,0.8911234075121808
0.1,0.02988484409115529,0.0789917483966639,0.8911234075121808
0.12,0.02988484409115529,0.0789917483966639,0.8911234075121808
0.14,0.02988484409115529,0.0789917483966639,0.8911234075121808
0.16,0.02988484409115529,0.0789917483966639,0.8911234075121808
0.18,0.02988484409115529,0.0789917483966639,0.8911234075121808
0.2,0.02988484409115529,0.0789917483966639,0.8911234075121808
0.22,0.02988484409115529,0.0789917483966639,0.8911234075121808
0.24,0.02988484409115529,0.0789917483966639,0.8911234075121808
0.26,0.02988484409115529,0.0789917483966639,0.8911234075121808
0.28,0.02988484409115529,0.0789917483966639,0.8911234075121808
0.3,0.02988484409115529,0.0789917483966639,0.8911234075121808
0.32,0.02988484409115529,0.0789917483966639,0.8911234075121808
0.34,0.02988484409115529,0.0789917483966639,0.8911234075121808
0.36,0.02988484409115529,0.0789917483966639,0.8911234075121808
0.38,0.02988484409115529,0.0789917483966639,0.8911234075121808
0.4,0.02988484409115529,0.0789917483966639,0.8911234075121808
0.42,0.06074919893453691,0.07681587413357294,0.8624349269318902
0.44,0.09161355377791852,0.07463999987048198,0.8337464463515994
0.46,0.12247790862130013,0.07246412560739102,0.8050579657713088
0.48,0.15334226346468177,0.07028825134430006,0.7763694851910181
0.5,0.1842066183080634,0.0681123770812091,0.7476810046107275
0.52,0.215070973151445,0.06593650281811814,0.7189925240304369
0.54,0.24593532799482662,0.06376062855502718,0.6903040434501462
0.56,0.2767996828382082,0.06158475429193621,0.6616155628698555
0.58,0.30766403768158984,0.05940888002884525,0.6329270822895648
0.6,0.33852839252497147,0.05723300576575429,0.6042386017092742
0.62,0.3693927473683531,0.05505713150266332,0.5755501211289835
0.64,0.40025710221173466,0.05288125723957236,0.5468616405486929
0.66,0.4311214570551163,0.0507053829764814,0.5181731599684023
0.68,0.4619858118984979,0.04852950871339044,0.4894846793881116
0.7000000000000001,0.49285016674187954,0.04635363445029948,0.4607961988078209
0.72,0.5237145215852612,0.04417776018720852,0.43210771822753025
0.74,0.5545788764286428,0.04200188592411756,0.4034192376472396
0.76,0.5854432312720245,0.0398260116610266,0.37473075706694897
0.78,0.5854432312720245,0.0398260116610266,0.37473075706694897
0.8,0.5854432312720245,0.0398260116610266,0.37473075706694897
0.8200000000000001,0.5854432312720245,0.0398260116610266,0.37473075706694897
0.84,0.5854432312720245,0.0398260116610266,0.37473075706694897
0.86,0.5854432312720245,0.0398260116610266,0.37473075706694897
0.88,0.5854432312720245,0.0398260116610266,0.37473075706694897
0.9,0.5854432312720245,0.0398260116610266,0.37473075706694897
0.92,0.5854432312720245,0.0398260116610266,0.37473075706694897
0.9400000000000001,0.5854432312720245,0.0398260116610266,0.37473075706694897
0.96,0.5854432312720245,0.0398260116610266,0.37473075706694897
0.98,0.5854432312720245,0.0398260116610266,0.37473075706694897
1.0,0.5854432312720245,0.0398260116610266,0.37473075706694897
