fraction_of_volc,OH,H2O2,TMI
0.0,0.30592000418561194,0.04023864925556814,0.6538413465588198
0.02,0.30592000418561194,0.04023864925556814,0.6538413465588198
0.04,0.30592000418561194,0.04023864925556814,0.6538413465588198
0.06,0.30592000418561194,0.04023864925556814,0.6538413465588198
0.08,0.30592000418561194,0.04023864925556814,0.6538413465588198
0.1,0.30592000418561194,0.04023864925556814,0.6538413465588198
0.12,0.30592000418561194,0.04023864925556814,0.6538413465588198
0.14,0.30592000418561194,0.04023864925556814,0.6538413465588198
0.16,0.30592000418561194,0.04023864925556814,0.6538413465588198
0.18,0.30592000418561194,0.04023864925556814,0.6538413465588198
0.2,0.30592000418561194,0.04023864925556814,0.6538413465588198
0.22,0.30592000418561194,0.04023864925556814,0.6538413465588198
0.24,0.30592000418561194,0.04023864925556814,0.6538413465588198
0.26,0.30592000418561194,0.04023864925556814,0.6538413465588198
0.28,0.30592000418561194,0.04023864925556814,0.6538413465588198
0.3,0.30592000418561194,0.04023864925556814,0.6538413465588198
0.32,0.30592000418561194,0.04023864925556814,0.6538413465588198
0.34,0.30592000418561194,0.04023864925556814,0.6538413465588198
0.36,0.30592000418561194,0.04023864925556814,0.6538413465588198
0.38,0.30592000418561194,0.04023864925556814,0.6538413465588198
0.4,0.30592000418561194,0.04023864925556814,0.6538413465588198
0.42,0.30592000418561194,0.04023864925556814,0.6538413465588198
0.44,0.30592000418561194,0.04023864925556814,0.6538413465588198
0.46,0.3011450013535129,0.04538358753849157,0.6534714111079953
0.48,0.2963699985214138,0.050528525821414996,0.653101475657171
0.5,0.2915949956893148,0.05567346410433843,0.6527315402063466
0.52,0.28681999285721577,0.060818402387261855,0.6523616047555222
0.54,0.28204499002511674,0.06596334067018529,0.6519916693046979
0.56,0.27726998719301765,0.07110827895310873,0.6516217338538735
0.58,0.2724949843609186,0.07625321723603215,0.651251798403049
0.6,0.2677199815288196,0.08139815551895557,0.6508818629522247
0.62,0.2629449786967205,0.08654309380187901,0.6505119275014003
0.64,0.2581699758646215,0.09168803208480245,0.6501419920505759
0.66,0.25339497303252245,0.09683297036772587,0.6497720565997516
0.68,0.2486199702004234,0.1019779086506493,0.6494021211489271
0.7000000000000001,0.24384496736832437,0.10712284693357273,0.6490321856981027
0.72,0.2390699645362253,0.11226778521649616,0.6486622502472784
0.74,0.23429496170412628,0.11741272349941959,0.648292314796454
0.76,0.22951995887202722,0.12255766178234302,0.6479223793456296
0.78,0.22474495603992817,0.12770260006526646,0.6475524438948053
0.8,0.21996995320782914,0.13284753834818988,0.6471825084439808
0.8200000000000001,0.2151949503757301,0.1379924766311133,0.6468125729931564
0.84,0.21041994754363105,0.14313741491403675,0.6464426375423321
0.86,0.205644944711532,0.14828235319696018,0.6460727020915077
0.88,0.205644944711532,0.14828235319696018,0.6460727020915077
0.9,0.205644944711532,0.14828235319696018,0.6460727020915077
0.92,0.205644944711532,0.14828235319696018,0.6460727020915077
0.9400000000000001,0.205644944711532,0.14828235319696018,0.6460727020915077
0.96,0.205644944711532,0.14828235319696018,0.6460727020915077
0.98,0.205644944711532,0.14828235319696018,0.6460727020915077
1.0,0.205644944711532,0.14828235319696018,0.6460727020915077
