fraction_of_volc,OH,H2O2,TMI
0.0,0.4218155320397165,0.26475239743046114,0.3134320705298224
0.02,0.4218155320397165,0.26475239743046114,0.3134320705298224
0.04,0.4218155320397165,0.26475239743046114,0.3134320705298224
0.06,0.4218155320397165,0.26475239743046114,0.3134320705298224
0.08,0.4218155320397165,0.26475239743046114,0.3134320705298224
0.1,0.4218155320397165,0.26475239743046114,0.3134320705298224
0.12,0.4218155320397165,0.26475239743046114,0.3134320705298224
0.14,0.4218155320397165,0.26475239743046114,0.3134320705298224
0.16,0.4218155320397165,0.26475239743046114,0.3134320705298224
0.18,0.4218155320397165,0.26475239743046114,0.3134320705298224
0.2,0.4218155320397165,0.26475239743046114,0.3134320705298224
0.22,0.4218155320397165,0.26475239743046114,0.3134320705298224
0.24,0.4218155320397165,0.26475239743046114,0.3134320705298224
0.26,0.4218155320397165,0.26475239743046114,0.3134320705298224
0.28,0.4218155320397165,0.26475239743046114,0.3134320705298224
0.3,0.4218155320397165,0.26475239743046114,0.3134320705298224
0.32,0.4218155320397165,0.26475239743046114,0.3134320705298224
0.34,0.4218155320397165,0.26475239743046114,0.3134320705298224
0.36,0.4218155320397165,0.26475239743046114,0.3134320705298224
0.38,0.4218155320397165,0.26475239743046114,0.3134320705298224
0.4,0.4218155320397165,0.26475239743046114,0.3134320705298224
0.42,0.3977075761764617,0.2618457463847887,0.3404466774387496
0.44,0.3735996203132069,0.2589390953391163,0.36746128434767683
0.46,0.3494916644499521,0.25603244429344385,0.39447589125660404
0.48,0.32538370858669735,0.2531257932477714,0.42149049816553125
0.5,0.30127575272344254,0.25021914220209895,0.4485051050744585
0.52,0.2771677968601878,0.24731249115642653,0.4755197119833857
0.54,0.25305984099693296,0.2444058401107541,0.5025343188923129
0.56,0.22895188513367817,0.24149918906508167,0.5295489258012401
0.58,0.20484392927042339,0.23859253801940922,0.5565635327101673
0.6,0.1807359734071686,0.2356858869737368,0.5835781396190945
0.62,0.1566280175439138,0.23277923592806438,0.6105927465280218
0.64,0.132520061680659,0.22987258488239193,0.637607353436949
0.66,0.10841210581740424,0.22696593383671948,0.6646219603458762
0.68,0.08430414995414941,0.22405928279104706,0.6916365672548034
0.7000000000000001,0.08430414995414941,0.22405928279104706,0.6916365672548034
0.72,0.08430414995414941,0.22405928279104706,0.6916365672548034
0.74,0.08430414995414941,0.22405928279104706,0.6916365672548034
0.76,0.08430414995414941,0.22405928279104706,0.6916365672548034
0.78,0.08430414995414941,0.22405928279104706,0.6916365672548034
0.8,0.08430414995414941,0.22405928279104706,0.6916365672548034
0.8200000000000001,0.08430414995414941,0.22405928279104706,0.6916365672548034
0.84,0.08430414995414941,0.22405928279104706,0.6916365672548034
0.86,0.08430414995414941,0.22405928279104706,0.6916365672548034
0.88,0.08430414995414941,0.22405928279104706,0.6916365672548034
0.9,0.08430414995414941,0.22405928279104706,0.6916365672548034
0.92,0.08430414995414941,0.22405928279104706,0.6916365672548034
0.9400000000000001,0.08430414995414941,0.22405928279104706,0.6916365672548034
0.96,0.08430414995414941,0.22405928279104706,0.6916365672548034
0.98,0.08430414995414941,0.22405928279104706,0.6916365672548034
1.0,0.08430414995414941,0.22405928279104706,0.6916365672548034
