fraction_of_volc,OH,H2O2,TMI
0.0,0.03253532476684239,0.5581364778885081,0.4093281973446496
0.02,0.03253532476684239,0.5581364778885081,0.4093281973446496
0.04,0.03253532476684239,0.5581364778885081,0.4093281973446496
0.06,0.03253532476684239,0.5581364778885081,0.4093281973446496
0.08,0.09045762302354532,0.5316818642223254,0.37786051275412924
0.1,0.14837992128024824,0.5052272505561428,0.34639282816360895
0.12,0.20630221953695116,0.4787726368899602,0.31492514357308865
0.14,0.2642245177936541,0.4523180232237776,0.2834574589825683
0.16,0.322146816050357,0.425863409557595,0.25198977439204795
0.18,0.3800691143070599,0.39940879589141237,0.22052208980152765
0.2,0.43799141256376284,0.3729541822252298,0.18905440521100733
0.22,0.49591371082046576,0.3464995685590472,0.157586720620487
0.24,0.5538360090771687,0.32004495489286455,0.1261190360299667
0.26,0.6117583073338716,0.29359034122668193,0.09465135143944636
0.28,0.6696806055905745,0.2671357275604993,0.06318366684892601
0.3,0.7276029038472774,0.24068111389431665,0.03171598225840572
0.32,0.7276029038472774,0.24068111389431665,0.03171598225840572
0.34,0.7276029038472774,0.24068111389431665,0.03171598225840572
0.36,0.7276029038472774,0.24068111389431665,0.03171598225840572
0.38,0.7276029038472774,0.24068111389431665,0.03171598225840572
0.4,0.7276029038472774,0.24068111389431665,0.03171598225840572
0.42,0.7276029038472774,0.24068111389431665,0.03171598225840572
0.44,0.7276029038472774,0.24068111389431665,0.03171598225840572
0.46,0.7276029038472774,0.24068111389431665,0.03171598225840572
0.48,0.7276029038472774,0.24068111389431665,0.03171598225840572
0.5,0.7276029038472774,0.24068111389431665,0.03171598225840572
0.52,0.7276029038472774,0.24068111389431665,0.03171598225840572
0.54,0.7276029038472774,0.24068111389431665,0.03171598225840572
0.56,0.7276029038472774,0.24068111389431665,0.03171598225840572
0.58,0.7276029038472774,0.24068111389431665,0.03171598225840572
0.6,0.7276029038472774,0.24068111389431665,0.03171598225840572
0.62,0.7276029038472774,0.24068111389431665,0.03171598225840572
0.64,0.7276029038472774,0.24068111389431665,0.03171598225840572
0.66,0.7276029038472774,0.24068111389431665,0.03171598225840572
0.68,0.7276029038472774,0.24068111389431665,0.03171598225840572
0.7000000000000001,0.7276029038472774,0.24068111389431665,0.03171598225840572
0.72,0.7276029038472774,0.24068111389431665,0.03171598225840572
0.74,0.7276029038472774,0.24068111389431665,0.03171598225840572
0.76,0.7276029038472774,0.24068111389431665,0.03171598225840572
0.78,0.7276029038472774,0.24068111389431665,0.03171598225840572
0.8,0.7276029038472774,0.24068111389431665,0.03171598225840572
0.8200000000000001,0.7276029038472774,0.24068111389431665,0.03171598225840572
0.84,0.7276029038472774,0.24068111389431665,0.03171598225840572
0.86,0.7276029038472774,0.24068111389431665,0.03171598225840572
0.88,0.7276029038472774,0.24068111389431665,0.03171598225840572
0.9,0.7276029038472774,0.24068111389431665,0.03171598225840572
0.92,0.7276029038472774,0.24068111389431665,0.03171598225840572
0.9400000000000001,0.7276029038472774,0.24068111389431665,0.03171598225840572
0.96,0.7276029038472774,0.24068111389431665,0.03171598225840572
0.98,0.7276029038472774,0.24068111389431665,0.03171598225840572
1.0,0.7276029038472774,0.24068111389431665,0.03171598225840572
