fraction_of_volc,OH,H2O2,TMI
0.0,0.1192935052654901,0.20215658126227512,0.6785499134722349
0.02,0.1192935052654901,0.20215658126227512,0.6785499134722349
0.04,0.1192935052654901,0.20215658126227512,0.6785499134722349
0.06,0.1192935052654901,0.20215658126227512,0.6785499134722349
0.08,0.1192935052654901,0.20215658126227512,0.6785499134722349
0.1,0.1192935052654901,0.20215658126227512,0.6785499134722349
0.12,0.1192935052654901,0.20215658126227512,0.6785499134722349
0.14,0.1192935052654901,0.20215658126227512,0.6785499134722349
0.16,0.1192935052654901,0.20215658126227512,0.6785499134722349
0.18,0.1192935052654901,0.20215658126227512,0.6785499134722349
0.2,0.1192935052654901,0.20215658126227512,0.6785499134722349
0.22,0.1192935052654901,0.20215658126227512,0.6785499134722349
0.24,0.1192935052654901,0.20215658126227512,0.6785499134722349
0.26,0.1192935052654901,0.20215658126227512,0.6785499134722349
0.28,0.1192935052654901,0.20215658126227512,0.6785499134722349
0.3,0.1192935052654901,0.20215658126227512,0.6785499134722349
0.32,0.1192935052654901,0.20215658126227512,0.6785499134722349
0.34,0.1192935052654901,0.20215658126227512,0.6785499134722349
0.36,0.1192935052654901,0.20215658126227512,0.6785499134722349
0.38,0.1192935052654901,0.20215658126227512,0.6785499134722349
0.4,0.1192935052654901,0.20215658126227512,0.6785499134722349
0.42,0.1192935052654901,0.20215658126227512,0.6785499134722349
0.44,0.1192935052654901,0.20215658126227512,0.6785499134722349
0.46,0.1192935052654901,0.20215658126227512,0.6785499134722349
0.48,0.1192935052654901,0.20215658126227512,0.6785499134722349
0.5,0.1192935052654901,0.20215658126227512,0.6785499134722349
0.52,0.1192935052654901,0.20215658126227512,0.6785499134722349
0.54,0.1192935052654901,0.20215658126227512,0.6785499134722349
0.56,0.1192935052654901,0.20215658126227512,0.6785499134722349
0.58,0.1192935052654901,0.20215658126227512,0.6785499134722349
0.6,0.1192935052654901,0.20215658126227512,0.6785499134722349
0.62,0.1192935052654901,0.20215658126227512,0.6785499134722349
0.64,0.1192935052654901,0.20215658126227512,0.6785499134722349
0.66,0.1192935052654901,0.20215658126227512,0.6785499134722349
0.68,0.14494265507888388,0.20956989762834646,0.6454874472927699
0.7000000000000001,0.17059180489227765,0.2169832139944178,0.6124249811133047
0.72,0.19624095470567143,0.22439653036048915,0.5793625149338395
0.74,0.2218901045190652,0.23180984672656046,0.5463000487543744
0.76,0.247539254332459,0.2392231630926318,0.5132375825749094
0.78,0.27318840414585277,0.24663647945870315,0.4801751163954442
0.8,0.29883755395924655,0.2540497958247745,0.44711265021597907
0.8200000000000001,0.32448670377264033,0.26146311219084584,0.41405018403651395
0.84,0.3501358535860341,0.2688764285569172,0.3809877178570488
0.86,0.3501358535860341,0.2688764285569172,0.3809877178570488
0.88,0.3501358535860341,0.2688764285569172,0.3809877178570488
0.9,0.3501358535860341,0.2688764285569172,0.3809877178570488
0.92,0.3501358535860341,0.2688764285569172,0.3809877178570488
0.9400000000000001,0.3501358535860341,0.2688764285569172,0.3809877178570488
0.96,0.3501358535860341,0.2688764285569172,0.3809877178570488
0.98,0.3501358535860341,0.2688764285569172,0.3809877178570488
1.0,0.3501358535860341,0.2688764285569172,0.3809877178570488
