fraction_of_volc,OH,H2O2,TMI
0.0,0.5339447365048489,0.06496447918343211,0.4010907843117192
0.02,0.5339447365048489,0.06496447918343211,0.4010907843117192
0.04,0.5339447365048489,0.06496447918343211,0.4010907843117192
0.06,0.5339447365048489,0.06496447918343211,0.4010907843117192
0.08,0.5339447365048489,0.06496447918343211,0.4010907843117192
0.1,0.5339447365048489,0.06496447918343211,0.4010907843117192
0.12,0.5339447365048489,0.06496447918343211,0.4010907843117192
0.14,0.5339447365048489,0.06496447918343211,0.4010907843117192
0.16,0.5339447365048489,0.06496447918343211,0.4010907843117192
0.18,0.5339447365048489,0.06496447918343211,0.4010907843117192
0.2,0.5339447365048489,0.06496447918343211,0.4010907843117192
0.22,0.5339447365048489,0.06496447918343211,0.4010907843117192
0.24,0.5339447365048489,0.06496447918343211,0.4010907843117192
0.26,0.5339447365048489,0.06496447918343211,0.4010907843117192
0.28,0.5339447365048489,0.06496447918343211,0.4010907843117192
0.3,0.49714066677716207,0.07482850627390285,0.4280308269489352
0.32,0.4603365970494753,0.0846925333643736,0.4549708695861512
0.34,0.42353252732178853,0.09455656045484434,0.48191091222336724
0.36,0.3867284575941018,0.10442058754531508,0.5088509548605832
0.38,0.349924387866415,0.11428461463578582,0.5357909974977992
0.4,0.3131203181387282,0.12414864172625656,0.5627310401350152
0.42,0.27631624841104147,0.1340126688167273,0.5896710827722312
0.44,0.23951217868335467,0.14387669590719804,0.6166111254094473
0.46,0.20270810895566788,0.15374072299766878,0.6435511680466632
0.48,0.16590403922798114,0.16360475008813952,0.6704912106838793
0.5,0.12909996950029434,0.17346877717861028,0.6974312533210953
0.52,0.09229589977260755,0.18333280426908102,0.7243712959583113
0.54,0.09229589977260755,0.18333280426908102,0.7243712959583113
0.56,0.09229589977260755,0.18333280426908102,0.7243712959583113
0.58,0.09229589977260755,0.18333280426908102,0.7243712959583113
0.6,0.09229589977260755,0.18333280426908102,0.7243712959583113
0.62,0.09229589977260755,0.18333280426908102,0.7243712959583113
0.64,0.09229589977260755,0.18333280426908102,0.7243712959583113
0.66,0.09229589977260755,0.18333280426908102,0.7243712959583113
0.68,0.09229589977260755,0.18333280426908102,0.7243712959583113
0.7000000000000001,0.09229589977260755,0.18333280426908102,0.7243712959583113
0.72,0.09229589977260755,0.18333280426908102,0.7243712959583113
0.74,0.09229589977260755,0.18333280426908102,0.7243712959583113
0.76,0.09229589977260755,0.18333280426908102,0.7243712959583113
0.78,0.09229589977260755,0.18333280426908102,0.7243712959583113
0.8,0.09229589977260755,0.18333280426908102,0.7243712959583113
0.8200000000000001,0.09229589977260755,0.18333280426908102,0.7243712959583113
0.84,0.09229589977260755,0.18333280426908102,0.7243712959583113
0.86,0.09229589977260755,0.18333280426908102,0.7243712959583113
0.88,0.09229589977260755,0.18333280426908102,0.7243712959583113
0.9,0.09229589977260755,0.18333280426908102,0.7243712959583113
0.92,0.09229589977260755,0.18333280426908102,0.7243712959583113
0.9400000000000001,0.09229589977260755,0.18333280426908102,0.7243712959583113
0.96,0.09229589977260755,0.18333280426908102,0.7243712959583113
0.98,0.09229589977260755,0.18333280426908102,0.7243712959583113
1.0,0.09229589977260755,0.18333280426908102,0.7243712959583113
