fraction_of_volc,OH,H2O2,TMI
0.0,0.12301764964497378,0.4429691060131029,0.4340132443419233
0.02,0.12301764964497378,0.4429691060131029,0.4340132443419233
0.04,0.12301764964497378,0.4429691060131029,0.4340132443419233
0.06,0.12301764964497378,0.4429691060131029,0.4340132443419233
0.08,0.12301764964497378,0.4429691060131029,0.4340132443419233
0.1,0.12301764964497378,0.4429691060131029,0.4340132443419233
0.12,0.12034407926101302,0.4548007019473047,0.42485521879168225
0.14,0.11767050887705226,0.4666322978815065,0.4156971932414412
0.16,0.1149969384930915,0.47846389381570825,0.4065391676912002
0.18,0.11232336810913074,0.49029548974991005,0.39738114214095915
0.2,0.10964979772516999,0.5021270856841118,0.3882231165907181
0.22,0.10697622734120923,0.5139586816183136,0.3790650910404771
0.24,0.10430265695724847,0.5257902775525154,0.3699070654902361
0.26,0.10162908657328772,0.5376218734867172,0.3607490399399951
0.28,0.09895551618932695,0.549453469420919,0.35159101438975404
0.3,0.0962819458053662,0.5612850653551208,0.342432988839513
0.32,0.09360837542140543,0.5731166612893226,0.333274963289272
0.34,0.09093480503744468,0.5849482572235244,0.32411693773903094
0.36,0.08826123465348393,0.5967798531577262,0.3149589121887899
0.38,0.08558766426952316,0.6086114490919279,0.3058008866385489
0.4,0.08291409388556241,0.6204430450261297,0.29664286108830784
0.42,0.08024052350160166,0.6322746409603315,0.2874848355380668
0.44,0.07756695311764089,0.6441062368945333,0.2783268099878258
0.46,0.07489338273368012,0.6559378328287351,0.26916878443758474
0.48,0.07221981234971939,0.6677694287629369,0.2600107588873437
0.5,0.06954624196575862,0.6796010246971387,0.2508527333371027
0.52,0.06687267158179785,0.6914326206313405,0.24169470778686167
0.54,0.0641991011978371,0.7032642165655423,0.23253668223662063
0.56,0.06152553081387634,0.715095812499744,0.2233786566863796
0.58,0.058851960429915584,0.7269274084339459,0.21422063113613857
0.6,0.05617839004595483,0.7387590043681476,0.20506260558589753
0.62,0.053504819661994066,0.7505906003023494,0.1959045800356565
0.64,0.050831249278033314,0.7624221962365512,0.18674655448541547
0.66,0.04815767889407256,0.774253792170753,0.17758852893517446
0.68,0.045484108510111795,0.7860853881049548,0.16843050338493343
0.7000000000000001,0.04281053812615104,0.7979169840391565,0.1592724778346924
0.72,0.04013696774219028,0.8097485799733584,0.15011445228445136
0.74,0.037463397358229525,0.82158017590756,0.14095642673421033
0.76,0.03478982697426877,0.833411771841762,0.1317984011839693
0.78,0.03211625659030801,0.8452433677759636,0.12264037563372826
0.8,0.029442686206347258,0.8570749637101654,0.11348235008348723
0.8200000000000001,0.029442686206347258,0.8570749637101654,0.11348235008348723
0.84,0.029442686206347258,0.8570749637101654,0.11348235008348723
0.86,0.029442686206347258,0.8570749637101654,0.11348235008348723
0.88,0.029442686206347258,0.8570749637101654,0.11348235008348723
0.9,0.029442686206347258,0.8570749637101654,0.11348235008348723
0.92,0.029442686206347258,0.8570749637101654,0.11348235008348723
0.9400000000000001,0.029442686206347258,0.8570749637101654,0.11348235008348723
0.96,0.029442686206347258,0.8570749637101654,0.11348235008348723
0.98,0.029442686206347258,0.8570749637101654,0.11348235008348723
1.0,0.029442686206347258,0.8570749637101654,0.11348235008348723
