fraction_of_volc,OH,H2O2,TMI
0.0,0.05428177577432813,0.6557917294335681,0.2899264947921036
0.02,0.05428177577432813,0.6557917294335681,0.2899264947921036
0.04,0.05428177577432813,0.6557917294335681,0.2899264947921036
0.06,0.05428177577432813,0.6557917294335681,0.2899264947921036
0.08,0.05428177577432813,0.6557917294335681,0.2899264947921036
0.1,0.05428177577432813,0.6557917294335681,0.2899264947921036
0.12,0.05428177577432813,0.6557917294335681,0.2899264947921036
0.14,0.05428177577432813,0.6557917294335681,0.2899264947921036
0.16,0.05428177577432813,0.6557917294335681,0.2899264947921036
0.18,0.05428177577432813,0.6557917294335681,0.2899264947921036
0.2,0.05428177577432813,0.6557917294335681,0.2899264947921036
0.22,0.05428177577432813,0.6557917294335681,0.2899264947921036
0.24,0.05428177577432813,0.6557917294335681,0.2899264947921036
0.26,0.05428177577432813,0.6557917294335681,0.2899264947921036
0.28,0.08033759729584924,0.6374422254741384,0.2822201772300122
0.3,0.10639341881737037,0.6190927215147086,0.27451385966792086
0.32,0.1324492403388915,0.6007432175552789,0.26680754210582946
0.34,0.1585050618604126,0.5823937135958491,0.2591012245437381
0.36,0.18456088338193374,0.5640442096364194,0.2513949069816467
0.38,0.21061670490345485,0.5456947056769896,0.24368858941955532
0.4,0.236672526424976,0.5273452017175599,0.23598227185746395
0.42,0.2627283479464971,0.5089956977581301,0.22827595429537256
0.44,0.2887841694680182,0.49064619379870045,0.2205696367332812
0.46,0.31483999098953935,0.47229668983927064,0.21286331917118984
0.48,0.3408958125110605,0.45394718587984095,0.20515700160909844
0.5,0.3669516340325816,0.4355976819204112,0.19745068404700705
0.52,0.3930074555541027,0.41724817796098146,0.1897443664849157
0.54,0.41906327707562385,0.3988986740015517,0.18203804892282432
0.56,0.44511909859714494,0.38054917004212196,0.17433173136073293
0.58,0.4711749201186661,0.3621996660826922,0.16662541379864154
0.6,0.4972307416401872,0.34385016212326247,0.15891909623655018
0.62,0.5232865631617083,0.3255006581638327,0.15121277867445881
0.64,0.5493423846832294,0.307151154204403,0.14350646111236742
0.66,0.5753982062047506,0.28880165024497323,0.13580014355027606
0.68,0.6014540277262717,0.2704521462855435,0.12809382598818467
0.7000000000000001,0.6275098492477929,0.25210264232611374,0.1203875084260933
0.72,0.6535656707693139,0.233753138366684,0.11268119086400191
0.74,0.679621492290835,0.2154036344072543,0.10497487330191055
0.76,0.7056773138123562,0.19705413044782455,0.09726855573981916
0.78,0.7317331353338773,0.1787046264883948,0.0895622381777278
0.8,0.7577889568553984,0.16035512252896506,0.0818559206156364
0.8200000000000001,0.7838447783769196,0.1420056185695353,0.07414960305354504
0.84,0.8099005998984407,0.1236561146101055,0.06644328549145365
0.86,0.8359564214199617,0.10530661065067587,0.05873696792936229
0.88,0.8359564214199617,0.10530661065067587,0.05873696792936229
0.9,0.8359564214199617,0.10530661065067587,0.05873696792936229
0.92,0.8359564214199617,0.10530661065067587,0.05873696792936229
0.9400000000000001,0.8359564214199617,0.10530661065067587,0.05873696792936229
0.96,0.8359564214199617,0.10530661065067587,0.05873696792936229
0.98,0.8359564214199617,0.10530661065067587,0.05873696792936229
1.0,0.8359564214199617,0.10530661065067587,0.05873696792936229
