fraction_of_volc,OH,H2O2,TMI
0.0,0.04698732379662438,0.7536878065974015,0.1993248696059742
0.02,0.04698732379662438,0.7536878065974015,0.1993248696059742
0.04,0.04698732379662438,0.7536878065974015,0.1993248696059742
0.06,0.04698732379662438,0.7536878065974015,0.1993248696059742
0.08,0.04698732379662438,0.7536878065974015,0.1993248696059742
0.1,0.04698732379662438,0.7536878065974015,0.1993248696059742
0.12,0.04698732379662438,0.7536878065974015,0.1993248696059742
0.14,0.04698732379662438,0.7536878065974015,0.1993248696059742
0.16,0.04698732379662438,0.7536878065974015,0.1993248696059742
0.18,0.04698732379662438,0.7536878065974015,0.1993248696059742
0.2,0.04698732379662438,0.7536878065974015,0.1993248696059742
0.22,0.04698732379662438,0.7536878065974015,0.1993248696059742
0.24,0.04698732379662438,0.7536878065974015,0.1993248696059742
0.26,0.04698732379662438,0.7536878065974015,0.1993248696059742
0.28,0.04698732379662438,0.7536878065974015,0.1993248696059742
0.3,0.04698732379662438,0.7536878065974015,0.1993248696059742
0.32,0.04698732379662438,0.7536878065974015,0.1993248696059742
0.34,0.04698732379662438,0.7536878065974015,0.1993248696059742
0.36,0.04698732379662438,0.7536878065974015,0.1993248696059742
0.38,0.04698732379662438,0.7536878065974015,0.1993248696059742
0.4,0.04698732379662438,0.7536878065974015,0.1993248696059742
0.42,0.04698732379662438,0.7536878065974015,0.1993248696059742
0.44,0.04698732379662438,0.7536878065974015,0.1993248696059742
0.46,0.04698732379662438,0.7536878065974015,0.1993248696059742
0.48,0.04698732379662438,0.7536878065974015,0.1993248696059742
0.5,0.04698732379662438,0.7536878065974015,0.1993248696059742
0.52,0.04698732379662438,0.7536878065974015,0.1993248696059742
0.54,0.11905695850964362,0.6601061250298244,0.2208369164605322
0.56,0.19112659322266284,0.5665244434622471,0.24234896331509018
0.58,0.2631962279356821,0.4729427618946699,0.26386101016964814
0.6,0.33526586264870134,0.37936108032709265,0.2853730570242061
0.62,0.4073354973617206,0.2857793987595154,0.3068851038787641
0.64,0.4794051320747398,0.19219771719193823,0.3283971507333221
0.66,0.5514747667877591,0.09861603562436094,0.3499091975878801
0.68,0.5514747667877591,0.09861603562436094,0.3499091975878801
0.7000000000000001,0.5514747667877591,0.09861603562436094,0.3499091975878801
0.72,0.5514747667877591,0.09861603562436094,0.3499091975878801
0.74,0.5514747667877591,0.09861603562436094,0.3499091975878801
0.76,0.5514747667877591,0.09861603562436094,0.3499091975878801
0.78,0.5514747667877591,0.09861603562436094,0.3499091975878801
0.8,0.5514747667877591,0.09861603562436094,0.3499091975878801
0.8200000000000001,0.5514747667877591,0.09861603562436094,0.3499091975878801
0.84,0.5514747667877591,0.09861603562436094,0.3499091975878801
0.86,0.5514747667877591,0.09861603562436094,0.3499091975878801
0.88,0.5514747667877591,0.09861603562436094,0.3499091975878801
0.9,0.5514747667877591,0.09861603562436094,0.3499091975878801
0.92,0.5514747667877591,0.09861603562436094,0.3499091975878801
0.9400000000000001,0.5514747667877591,0.09861603562436094,0.3499091975878801
0.96,0.5514747667877591,0.09861603562436094,0.3499091975878801
0.98,0.5514747667877591,0.09861603562436094,0.3499091975878801
1.0,0.5514747667877591,0.09861603562436094,0.3499091975878801
