fraction_of_volc,OH,H2O2,TMI
0.0,0.1756488942614072,0.7923659043647163,0.03198520137387649
0.02,0.1756488942614072,0.7923659043647163,0.03198520137387649
0.04,0.1756488942614072,0.7923659043647163,0.03198520137387649
0.06,0.1756488942614072,0.7923659043647163,0.03198520137387649
0.08,0.1756488942614072,0.7923659043647163,0.03198520137387649
0.1,0.1756488942614072,0.7923659043647163,0.03198520137387649
0.12,0.1756488942614072,0.7923659043647163,0.03198520137387649
0.14,0.1756488942614072,0.7923659043647163,0.03198520137387649
0.16,0.1756488942614072,0.7923659043647163,0.03198520137387649
0.18,0.1756488942614072,0.7923659043647163,0.03198520137387649
0.2,0.1756488942614072,0.7923659043647163,0.03198520137387649
0.22,0.1756488942614072,0.7923659043647163,0.03198520137387649
0.24,0.1756488942614072,0.7923659043647163,0.03198520137387649
0.26,0.1756488942614072,0.7923659043647163,0.03198520137387649
0.28,0.1756488942614072,0.7923659043647163,0.03198520137387649
0.3,0.1756488942614072,0.7923659043647163,0.03198520137387649
0.32,0.1756488942614072,0.7923659043647163,0.03198520137387649
0.34,0.1756488942614072,0.7923659043647163,0.03198520137387649
0.36,0.1756488942614072,0.7923659043647163,0.03198520137387649
0.38,0.1756488942614072,0.7923659043647163,0.03198520137387649
0.4,0.1756488942614072,0.7923659043647163,0.03198520137387649
0.42,0.1731574344211878,0.7792051865727925,0.0476373790060197
0.44,0.1706659745809684,0.7660444687808687,0.06328955663816291
0.46,0.16817451474074904,0.7528837509889449,0.07894173427030612
0.48,0.16568305490052965,0.739723033197021,0.09459391190244933
0.5,0.16319159506031025,0.7265623154050972,0.11024608953459254
0.52,0.16070013522009086,0.7134015976131733,0.12589826716673574
0.54,0.15820867537987146,0.7002408798212496,0.14155044479887896
0.56,0.15571721553965207,0.6870801620293258,0.15720262243102218
0.58,0.1532257556994327,0.6739194442374019,0.1728548000631654
0.6,0.1507342958592133,0.6607587264454782,0.1885069776953086
0.62,0.1482428360189939,0.6475980086535543,0.20415915532745177
0.64,0.1457513761787745,0.6344372908616305,0.21981133295959498
0.66,0.14325991633855512,0.6212765730697066,0.2354635105917382
0.68,0.14076845649833575,0.6081158552777828,0.2511156882238814
0.7000000000000001,0.13827699665811635,0.594955137485859,0.26676786585602463
0.72,0.13578553681789696,0.5817944196939352,0.28242004348816785
0.74,0.13329407697767756,0.5686337019020113,0.29807222112031106
0.76,0.13080261713745817,0.5554729841100876,0.3137243987524543
0.78,0.1283111572972388,0.5423122663181638,0.3293765763845975
0.8,0.1258196974570194,0.5291515485262399,0.3450287540167407
0.8200000000000001,0.12332823761680001,0.5159908307343161,0.3606809316488839
0.84,0.12083677777658061,0.5028301129423922,0.3763331092810271
0.86,0.11834531793636122,0.4896693951504685,0.3919852869131703
0.88,0.11585385809614183,0.47650867735854463,0.4076374645453135
0.9,0.11585385809614183,0.47650867735854463,0.4076374645453135
0.92,0.11585385809614183,0.47650867735854463,0.4076374645453135
0.9400000000000001,0.11585385809614183,0.47650867735854463,0.4076374645453135
0.96,0.11585385809614183,0.47650867735854463,0.4076374645453135
0.98,0.11585385809614183,0.47650867735854463,0.4076374645453135
1.0,0.11585385809614183,0.47650867735854463,0.4076374645453135
