fraction_of_volc,OH,H2O2,TMI
0.0,0.38487856528135045,0.3285859887583848,0.28653544596026465
0.02,0.38487856528135045,0.3285859887583848,0.28653544596026465
0.04,0.38487856528135045,0.3285859887583848,0.28653544596026465
0.06,0.38487856528135045,0.3285859887583848,0.28653544596026465
0.08,0.38487856528135045,0.3285859887583848,0.28653544596026465
0.1,0.38487856528135045,0.3285859887583848,0.28653544596026465
0.12,0.38487856528135045,0.3285859887583848,0.28653544596026465
0.14,0.38487856528135045,0.3285859887583848,0.28653544596026465
0.16,0.38487856528135045,0.3285859887583848,0.28653544596026465
0.18,0.38487856528135045,0.3285859887583848,0.28653544596026465
0.2,0.38487856528135045,0.3285859887583848,0.28653544596026465
0.22,0.38487856528135045,0.3285859887583848,0.28653544596026465
0.24,0.38487856528135045,0.3285859887583848,0.28653544596026465
0.26,0.38487856528135045,0.3285859887583848,0.28653544596026465
0.28,0.38487856528135045,0.3285859887583848,0.28653544596026465
0.3,0.38487856528135045,0.3285859887583848,0.28653544596026465
0.32,0.38487856528135045,0.3285859887583848,0.28653544596026465
0.34,0.38487856528135045,0.3285859887583848,0.28653544596026465
0.36,0.38487856528135045,0.3285859887583848,0.28653544596026465
0.38,0.38487856528135045,0.3285859887583848,0.28653544596026465
0.4,0.38487856528135045,0.3285859887583848,0.28653544596026465
0.42,0.38487856528135045,0.3285859887583848,0.28653544596026465
0.44,0.38487856528135045,0.3285859887583848,0.28653544596026465
0.46,0.38487856528135045,0.3285859887583848,0.28653544596026465
0.48,0.38487856528135045,0.3285859887583848,0.28653544596026465
0.5,0.38487856528135045,0.3285859887583848,0.28653544596026465
0.52,0.38487856528135045,0.3285859887583848,0.28653544596026465
0.54,0.38487856528135045,0.3285859887583848,0.28653544596026465
0.56,0.38487856528135045,0.3285859887583848,0.28653544596026465
0.58,0.38487856528135045,0.3285859887583848,0.28653544596026465
0.6,0.4241375770316399,0.30833059841378796,0.2675318245545721
0.62,0.4633965887819293,0.2880752080691911,0.24852820314887952
0.64,0.5026556005322187,0.2678198177245943,0.22952458174318693
0.66,0.5419146122825081,0.24756442737999743,0.21052096033749437
0.68,0.5811736240327976,0.2273090370354006,0.1915173389318018
0.7000000000000001,0.620432635783087,0.20705364669080373,0.17251371752610922
0.72,0.6596916475333765,0.1867982563462069,0.15351009612041666
0.74,0.6989506592836658,0.16654286600161006,0.1345064747147241
0.76,0.7382096710339554,0.14628747565701322,0.11550285330903154
0.78,0.7774686827842447,0.1260320853124164,0.09649923190333898
0.8,0.8167276945345342,0.10577669496781952,0.07749561049764639
0.8200000000000001,0.8559867062848237,0.08552130462322269,0.05849198909195383
0.84,0.8952457180351131,0.06526591427862583,0.039488367686261266
0.86,0.9345047297854024,0.04501052393402899,0.020484746280568678
0.88,0.9737637415356919,0.024755133589432144,0.0014811248748761343
0.9,0.9737637415356919,0.024755133589432144,0.0014811248748761343
0.92,0.9737637415356919,0.024755133589432144,0.0014811248748761343
0.9400000000000001,0.9737637415356919,0.024755133589432144,0.0014811248748761343
0.96,0.9737637415356919,0.024755133589432144,0.0014811248748761343
0.98,0.9737637415356919,0.024755133589432144,0.0014811248748761343
1.0,0.9737637415356919,0.024755133589432144,0.0014811248748761343
