fraction_of_volc,OH,H2O2,TMI
0.0,0.6886168381521297,0.2890275759724216,0.02235558587544875
0.02,0.6886168381521297,0.2890275759724216,0.02235558587544875
0.04,0.6886168381521297,0.2890275759724216,0.02235558587544875
0.06,0.6886168381521297,0.2890275759724216,0.02235558587544875
0.08,0.6787311504963607,0.2773506958245653,0.043918153679074104
0.1,0.6688454628405917,0.26567381567670895,0.06548072148269946
0.12,0.6589597751848227,0.2539969355288526,0.08704328928632481
0.14,0.6490740875290537,0.2423200553809962,0.10860585708995016
0.16,0.6391883998732847,0.23064317523313987,0.1301684248935755
0.18,0.6293027122175157,0.21896629508528354,0.15173099269720086
0.2,0.6194170245617466,0.2072894149374272,0.1732935605008262
0.22,0.6095313369059777,0.19561253478957083,0.19485612830445156
0.24,0.5996456492502087,0.18393565464171446,0.21641869610807693
0.26,0.5897599615944397,0.17225877449385812,0.23798126391170227
0.28,0.5798742739386706,0.16058189434600179,0.2595438317153276
0.3,0.5699885862829017,0.14890501419814545,0.28110639951895294
0.32,0.5601028986271327,0.13722813405028908,0.3026689673225783
0.34,0.5502172109713637,0.12555125390243274,0.3242315351262036
0.36,0.5403315233155946,0.11387437375457637,0.345794102929829
0.38,0.5304458356598256,0.10219749360672004,0.36735667073345435
0.4,0.5205601480040567,0.0905206134588637,0.3889192385370797
0.42,0.5106744603482877,0.07884373331100733,0.4104818063407051
0.44,0.5007887726925186,0.06716685316315099,0.4320443741443304
0.46,0.5007887726925186,0.06716685316315099,0.4320443741443304
0.48,0.5007887726925186,0.06716685316315099,0.4320443741443304
0.5,0.5007887726925186,0.06716685316315099,0.4320443741443304
0.52,0.5007887726925186,0.06716685316315099,0.4320443741443304
0.54,0.5007887726925186,0.06716685316315099,0.4320443741443304
0.56,0.5007887726925186,0.06716685316315099,0.4320443741443304
0.58,0.5007887726925186,0.06716685316315099,0.4320443741443304
0.6,0.5007887726925186,0.06716685316315099,0.4320443741443304
0.62,0.5007887726925186,0.06716685316315099,0.4320443741443304
0.64,0.5007887726925186,0.06716685316315099,0.4320443741443304
0.66,0.5007887726925186,0.06716685316315099,0.4320443741443304
0.68,0.5007887726925186,0.06716685316315099,0.4320443741443304
0.7000000000000001,0.5007887726925186,0.06716685316315099,0.4320443741443304
0.72,0.5007887726925186,0.06716685316315099,0.4320443741443304
0.74,0.5007887726925186,0.06716685316315099,0.4320443741443304
0.76,0.5007887726925186,0.06716685316315099,0.4320443741443304
0.78,0.5007887726925186,0.06716685316315099,0.4320443741443304
0.8,0.5007887726925186,0.06716685316315099,0.4320443741443304
0.8200000000000001,0.5007887726925186,0.06716685316315099,0.4320443741443304
0.84,0.5007887726925186,0.06716685316315099,0.4320443741443304
0.86,0.5007887726925186,0.06716685316315099,0.4320443741443304
0.88,0.5007887726925186,0.06716685316315099,0.4320443741443304
0.9,0.5007887726925186,0.06716685316315099,0.4320443741443304
0.92,0.5007887726925186,0.06716685316315099,0.4320443741443304
0.9400000000000001,0.5007887726925186,0.06716685316315099,0.4320443741443304
0.96,0.5007887726925186,0.06716685316315099,0.4320443741443304
0.98,0.5007887726925186,0.06716685316315099,0.4320443741443304
1.0,0.5007887726925186,0.06716685316315099,0.4320443741443304
