fraction_of_volc,OH,H2O2,TMI
0.0,0.16626173181960852,0.5177891119862974,0.31594915619409397
0.02,0.16626173181960852,0.5177891119862974,0.31594915619409397
0.04,0.16626173181960852,0.5177891119862974,0.31594915619409397
0.06,0.16626173181960852,0.5177891119862974,0.31594915619409397
0.08,0.16626173181960852,0.5177891119862974,0.31594915619409397
0.1,0.16626173181960852,0.5177891119862974,0.31594915619409397
0.12,0.16626173181960852,0.5177891119862974,0.31594915619409397
0.14,0.16626173181960852,0.5177891119862974,0.31594915619409397
0.16,0.16626173181960852,0.5177891119862974,0.31594915619409397
0.18,0.16626173181960852,0.5177891119862974,0.31594915619409397
0.2,0.16626173181960852,0.5177891119862974,0.31594915619409397
0.22,0.16626173181960852,0.5177891119862974,0.31594915619409397
0.24,0.16626173181960852,0.5177891119862974,0.31594915619409397
0.26,0.16626173181960852,0.5177891119862974,0.31594915619409397
0.28,0.16626173181960852,0.5177891119862974,0.31594915619409397
0.3,0.16626173181960852,0.5177891119862974,0.31594915619409397
0.32,0.16626173181960852,0.5177891119862974,0.31594915619409397
0.34,0.16626173181960852,0.5177891119862974,0.31594915619409397
0.36,0.16626173181960852,0.5177891119862974,0.31594915619409397
0.38,0.16626173181960852,0.5177891119862974,0.31594915619409397
0.4,0.16626173181960852,0.5177891119862974,0.31594915619409397
0.42,0.16626173181960852,0.5177891119862974,0.31594915619409397
0.44,0.16626173181960852,0.5177891119862974,0.31594915619409397
0.46,0.16626173181960852,0.5177891119862974,0.31594915619409397
0.48,0.16626173181960852,0.5177891119862974,0.31594915619409397
0.5,0.15977031602113978,0.525383494690595,0.31484618928826513
0.52,0.15327890022267104,0.5329778773948926,0.3137432223824363
0.54,0.1467874844242023,0.5405722600991901,0.31264025547660745
0.56,0.14029606862573357,0.5481666428034877,0.3115372885707786
0.58,0.13380465282726484,0.5557610255077853,0.3104343216649498
0.6,0.1273132370287961,0.5633554082120829,0.30933135475912094
0.62,0.12082182123032738,0.5709497909163804,0.3082283878532921
0.64,0.11433040543185864,0.578544173620678,0.30712542094746326
0.66,0.1078389896333899,0.5861385563249757,0.30602245404163436
0.68,0.10134757383492117,0.5937329390292733,0.3049194871358055
0.7000000000000001,0.09485615803645243,0.6013273217335708,0.3038165202299767
0.72,0.08836474223798371,0.6089217044378684,0.30271355332414784
0.74,0.08187332643951498,0.616516087142166,0.301610586418319
0.76,0.07538191064104624,0.6241104698464636,0.30050761951249017
0.78,0.0688904948425775,0.6317048525507611,0.2994046526066613
0.8,0.06239907904410877,0.6392992352550587,0.2983016857008325
0.8200000000000001,0.05590766324564003,0.6468936179593563,0.29719871879500365
0.84,0.05590766324564003,0.6468936179593563,0.29719871879500365
0.86,0.05590766324564003,0.6468936179593563,0.29719871879500365
0.88,0.05590766324564003,0.6468936179593563,0.29719871879500365
0.9,0.05590766324564003,0.6468936179593563,0.29719871879500365
0.92,0.05590766324564003,0.6468936179593563,0.29719871879500365
0.9400000000000001,0.05590766324564003,0.6468936179593563,0.29719871879500365
0.96,0.05590766324564003,0.6468936179593563,0.29719871879500365
0.98,0.05590766324564003,0.6468936179593563,0.29719871879500365
1.0,0.05590766324564003,0.6468936179593563,0.29719871879500365
