fraction_of_volc,OH,H2O2,TMI
0.0,0.04640534412638127,0.6631305038907553,0.29046415198286324
0.02,0.04640534412638127,0.6631305038907553,0.29046415198286324
0.04,0.04640534412638127,0.6631305038907553,0.29046415198286324
0.06,0.04640534412638127,0.6631305038907553,0.29046415198286324
0.08,0.04640534412638127,0.6631305038907553,0.29046415198286324
0.1,0.04640534412638127,0.6631305038907553,0.29046415198286324
0.12,0.04640534412638127,0.6631305038907553,0.29046415198286324
0.14,0.04640534412638127,0.6631305038907553,0.29046415198286324
0.16,0.04640534412638127,0.6631305038907553,0.29046415198286324
0.18,0.04640534412638127,0.6631305038907553,0.29046415198286324
0.2,0.04640534412638127,0.6631305038907553,0.29046415198286324
0.22,0.04640534412638127,0.6631305038907553,0.29046415198286324
0.24,0.04640534412638127,0.6631305038907553,0.29046415198286324
0.26,0.045961127813108266,0.672946427973453,0.28109244421343854
0.28,0.045516911499835264,0.6827623520561508,0.27172073644401384
0.3,0.04507269518656227,0.6925782761388485,0.26234902867458915
0.32,0.044628478873289266,0.7023942002215462,0.25297732090516445
0.34,0.044184262560016264,0.7122101243042439,0.24360561313573972
0.36,0.04374004624674326,0.7220260483869416,0.23423390536631503
0.38,0.04329582993347026,0.7318419724696393,0.2248621975968903
0.4,0.04285161362019726,0.741657896552337,0.2154904898274656
0.42,0.04240739730692426,0.7514738206350348,0.2061187820580409
0.44,0.04196318099365126,0.7612897447177325,0.1967470742886162
0.46,0.04151896468037826,0.7711056688004302,0.1873753665191915
0.48,0.04107474836710526,0.7809215928831279,0.1780036587497668
0.5,0.040630532053832255,0.7907375169658256,0.16863195098034212
0.52,0.04018631574055925,0.8005534410485233,0.1592602432109174
0.54,0.03974209942728626,0.810369365131221,0.1498885354414927
0.56,0.039297883114013256,0.8201852892139188,0.140516827672068
0.58,0.038853666800740254,0.8300012132966165,0.1311451199026433
0.6,0.03840945048746725,0.8398171373793142,0.1217734121332186
0.62,0.03796523417419426,0.8496330614620119,0.11240170436379388
0.64,0.037521017860921255,0.8594489855447096,0.10302999659436918
0.66,0.03707680154764825,0.8692649096274073,0.09365828882494448
0.68,0.03663258523437525,0.879080833710105,0.08428658105551978
0.7000000000000001,0.03618836892110225,0.8888967577928027,0.07491487328609509
0.72,0.035744152607829247,0.8987126818755005,0.06554316551667039
0.74,0.035299936294556244,0.9085286059581982,0.05617145774724566
0.76,0.03485571998128325,0.9183445300408959,0.046799749977820965
0.78,0.03441150366801025,0.9281604541235936,0.03742804220839624
0.8,0.033967287354737245,0.9379763782062913,0.028056334438971542
0.8200000000000001,0.033967287354737245,0.9379763782062913,0.028056334438971542
0.84,0.033967287354737245,0.9379763782062913,0.028056334438971542
0.86,0.033967287354737245,0.9379763782062913,0.028056334438971542
0.88,0.033967287354737245,0.9379763782062913,0.028056334438971542
0.9,0.033967287354737245,0.9379763782062913,0.028056334438971542
0.92,0.033967287354737245,0.9379763782062913,0.028056334438971542
0.9400000000000001,0.033967287354737245,0.9379763782062913,0.028056334438971542
0.96,0.033967287354737245,0.9379763782062913,0.028056334438971542
0.98,0.033967287354737245,0.9379763782062913,0.028056334438971542
1.0,0.033967287354737245,0.9379763782062913,0.028056334438971542
