fraction_of_volc,OH,H2O2,TMI
0.0,0.42210400748638643,0.22778079524033604,0.3501151972732774
0.02,0.42210400748638643,0.22778079524033604,0.3501151972732774
0.04,0.42210400748638643,0.22778079524033604,0.3501151972732774
0.06,0.42210400748638643,0.22778079524033604,0.3501151972732774
0.08,0.42210400748638643,0.22778079524033604,0.3501151972732774
0.1,0.42210400748638643,0.22778079524033604,0.3501151972732774
0.12,0.42210400748638643,0.22778079524033604,0.3501151972732774
0.14,0.42210400748638643,0.22778079524033604,0.3501151972732774
0.16,0.42210400748638643,0.22778079524033604,0.3501151972732774
0.18,0.42210400748638643,0.22778079524033604,0.3501151972732774
0.2,0.42210400748638643,0.22778079524033604,0.3501151972732774
0.22,0.42210400748638643,0.22778079524033604,0.3501151972732774
0.24,0.42210400748638643,0.22778079524033604,0.3501151972732774
0.26,0.42210400748638643,0.22778079524033604,0.3501151972732774
0.28,0.42210400748638643,0.22778079524033604,0.3501151972732774
0.3,0.40804876074130597,0.23368710550047117,0.35826413375822275
0.32,0.3939935139962255,0.23959341576060633,0.36641307024316805
0.34,0.3799382672511451,0.24549972602074147,0.37456200672811335
0.36,0.36588302050606464,0.2514060362808766,0.3827109432130587
0.38,0.3518277737609842,0.25731234654101176,0.39085987969800406
0.4,0.33777252701590377,0.2632186568011469,0.39900881618294937
0.42,0.3237172802708233,0.269124967061282,0.40715775266789467
0.44,0.30966203352574284,0.2750312773214172,0.41530668915284
0.46,0.30966203352574284,0.2750312773214172,0.41530668915284
0.48,0.30966203352574284,0.2750312773214172,0.41530668915284
0.5,0.30966203352574284,0.2750312773214172,0.41530668915284
0.52,0.30966203352574284,0.2750312773214172,0.41530668915284
0.54,0.30966203352574284,0.2750312773214172,0.41530668915284
0.56,0.30966203352574284,0.2750312773214172,0.41530668915284
0.58,0.30966203352574284,0.2750312773214172,0.41530668915284
0.6,0.30966203352574284,0.2750312773214172,0.41530668915284
0.62,0.30966203352574284,0.2750312773214172,0.41530668915284
0.64,0.30966203352574284,0.2750312773214172,0.41530668915284
0.66,0.30966203352574284,0.2750312773214172,0.41530668915284
0.68,0.30966203352574284,0.2750312773214172,0.41530668915284
0.7000000000000001,0.30966203352574284,0.2750312773214172,0.41530668915284
0.72,0.30966203352574284,0.2750312773214172,0.41530668915284
0.74,0.30966203352574284,0.2750312773214172,0.41530668915284
0.76,0.30966203352574284,0.2750312773214172,0.41530668915284
0.78,0.30966203352574284,0.2750312773214172,0.41530668915284
0.8,0.30966203352574284,0.2750312773214172,0.41530668915284
0.8200000000000001,0.30966203352574284,0.2750312773214172,0.41530668915284
0.84,0.30966203352574284,0.2750312773214172,0.41530668915284
0.86,0.30966203352574284,0.2750312773214172,0.41530668915284
0.88,0.30966203352574284,0.2750312773214172,0.41530668915284
0.9,0.30966203352574284,0.2750312773214172,0.41530668915284
0.92,0.30966203352574284,0.2750312773214172,0.41530668915284
0.9400000000000001,0.30966203352574284,0.2750312773214172,0.41530668915284
0.96,0.30966203352574284,0.2750312773214172,0.41530668915284
0.98,0.30966203352574284,0.2750312773214172,0.41530668915284
1.0,0.30966203352574284,0.2750312773214172,0.41530668915284
