fraction_of_volc,OH,H2O2,TMI
0.0,0.4566864737760572,0.33595582748499286,0.2073576987389501
0.02,0.4566864737760572,0.33595582748499286,0.2073576987389501
0.04,0.4566864737760572,0.33595582748499286,0.2073576987389501
0.06,0.4566864737760572,0.33595582748499286,0.2073576987389501
0.08,0.4566864737760572,0.33595582748499286,0.2073576987389501
0.1,0.4566864737760572,0.33595582748499286,0.2073576987389501
0.12,0.4566864737760572,0.33595582748499286,0.2073576987389501
0.14,0.4566864737760572,0.33595582748499286,0.2073576987389501
0.16,0.4566864737760572,0.33595582748499286,0.2073576987389501
0.18,0.4566864737760572,0.33595582748499286,0.2073576987389501
0.2,0.4566864737760572,0.33595582748499286,0.2073576987389501
0.22,0.4566864737760572,0.33595582748499286,0.2073576987389501
0.24,0.4566864737760572,0.33595582748499286,0.2073576987389501
0.26,0.4566864737760572,0.33595582748499286,0.2073576987389501
0.28,0.4566864737760572,0.33595582748499286,0.2073576987389501
0.3,0.4566864737760572,0.33595582748499286,0.2073576987389501
0.32,0.4566864737760572,0.33595582748499286,0.2073576987389501
0.34,0.4566864737760572,0.33595582748499286,0.2073576987389501
0.36,0.4566864737760572,0.33595582748499286,0.2073576987389501
0.38,0.4566864737760572,0.33595582748499286,0.2073576987389501
0.4,0.4566864737760572,0.33595582748499286,0.2073576987389501
0.42,0.4566864737760572,0.33595582748499286,0.2073576987389501
0.44,0.4566864737760572,0.33595582748499286,0.2073576987389501
0.46,0.4566864737760572,0.33595582748499286,0.2073576987389501
0.48,0.4551233806146074,0.33971057186373604,0.20516604752165676
0.5,0.4535602874531576,0.3434653162424792,0.2029743963043634
0.52,0.4519971942917077,0.34722006062122235,0.20078274508707006
0.54,0.4504341011302579,0.35097480499996553,0.19859109386977672
0.56,0.4488710079688081,0.3547295493787087,0.19639944265248338
0.58,0.44730791480735826,0.3584842937574519,0.19420779143519
0.6,0.4457448216459084,0.362239038136195,0.19201614021789667
0.62,0.4441817284844586,0.3659937825149382,0.18982448900060334
0.64,0.44261863532300877,0.3697485268936814,0.18763283778330997
0.66,0.44105554216155896,0.37350327127242455,0.18544118656601663
0.68,0.4394924490001091,0.3772580156511677,0.1832495353487233
0.7000000000000001,0.4379293558386593,0.38101276002991086,0.18105788413142995
0.72,0.43636626267720946,0.38476750440865404,0.17886623291413659
0.74,0.43480316951575965,0.3885222487873972,0.17667458169684325
0.76,0.4332400763543098,0.3922769931661404,0.1744829304795499
0.78,0.43167698319285996,0.3960317375448835,0.17229127926225657
0.8,0.43011389003141015,0.3997864819236267,0.1700996280449632
0.8200000000000001,0.42855079686996034,0.4035412263023699,0.16790797682766986
0.84,0.42698770370851047,0.407295970681113,0.16571632561037652
0.86,0.42542461054706066,0.4110507150598562,0.16352467439308316
0.88,0.42386151738561084,0.41480545943859937,0.16133302317578982
0.9,0.42386151738561084,0.41480545943859937,0.16133302317578982
0.92,0.42386151738561084,0.41480545943859937,0.16133302317578982
0.9400000000000001,0.42386151738561084,0.41480545943859937,0.16133302317578982
0.96,0.42386151738561084,0.41480545943859937,0.16133302317578982
0.98,0.42386151738561084,0.41480545943859937,0.16133302317578982
1.0,0.42386151738561084,0.41480545943859937,0.16133302317578982
