fraction_of_volc,OH,H2O2,TMI
0.0,0.8477589703585736,0.09171345750471009,0.060527572136716216
0.02,0.8477589703585736,0.09171345750471009,0.060527572136716216
0.04,0.8477589703585736,0.09171345750471009,0.060527572136716216
0.06,0.8477589703585736,0.09171345750471009,0.060527572136716216
0.08,0.8477589703585736,0.09171345750471009,0.060527572136716216
0.1,0.8477589703585736,0.09171345750471009,0.060527572136716216
0.12,0.8477589703585736,0.09171345750471009,0.060527572136716216
0.14,0.8477589703585736,0.09171345750471009,0.060527572136716216
0.16,0.8477589703585736,0.09171345750471009,0.060527572136716216
0.18,0.8477589703585736,0.09171345750471009,0.060527572136716216
0.2,0.8477589703585736,0.09171345750471009,0.060527572136716216
0.22,0.8477589703585736,0.09171345750471009,0.060527572136716216
0.24,0.8477589703585736,0.09171345750471009,0.060527572136716216
0.26,0.8477589703585736,0.09171345750471009,0.060527572136716216
0.28,0.8477589703585736,0.09171345750471009,0.060527572136716216
0.3,0.8477589703585736,0.09171345750471009,0.060527572136716216
0.32,0.8477589703585736,0.09171345750471009,0.060527572136716216
0.34,0.8477589703585736,0.09171345750471009,0.060527572136716216
0.36,0.8477589703585736,0.09171345750471009,0.060527572136716216
0.38,0.8477589703585736,0.09171345750471009,0.060527572136716216
0.4,0.8477589703585736,0.09171345750471009,0.060527572136716216
0.42,0.8477589703585736,0.09171345750471009,0.060527572136716216
0.44,0.8477589703585736,0.09171345750471009,0.060527572136716216
0.46,0.8477589703585736,0.09171345750471009,0.060527572136716216
0.48,0.8477589703585736,0.09171345750471009,0.060527572136716216
0.5,0.8477589703585736,0.09171345750471009,0.060527572136716216
0.52,0.8477589703585736,0.09171345750471009,0.060527572136716216
0.54,0.8477589703585736,0.09171345750471009,0.060527572136716216
0.56,0.8477589703585736,0.09171345750471009,0.060527572136716216
0.58,0.8477589703585736,0.09171345750471009,0.060527572136716216
0.6,0.8095833251882406,0.11677129573433356,0.07364537907742573
0.62,0.7714076800179076,0.14182913396395705,0.08676318601813524
0.64,0.7332320348475746,0.1668869721935805,0.09988099295884476
0.66,0.6950563896772417,0.191944810423204,0.11299879989955428
0.68,0.6568807445069087,0.21700264865282748,0.1261166068402638
0.7000000000000001,0.6187050993365757,0.24206048688245096,0.1392344137809733
0.72,0.5805294541662427,0.2671183251120744,0.1523522207216828
0.74,0.5423538089959097,0.2921761633416979,0.16547002766239233
0.76,0.5041781638255767,0.31723400157132137,0.17858783460310185
0.78,0.46600251865524367,0.34229183980094485,0.19170564154381137
0.8,0.4278268734849107,0.36734967803056834,0.20482344848452086
0.8200000000000001,0.3896512283145777,0.3924075162601918,0.21794125542523038
0.84,0.3514755831442447,0.4174653544898153,0.2310590623659399
0.86,0.31329993797391176,0.44252319271943874,0.2441768693066494
0.88,0.27512429280357875,0.4675810309490622,0.2572946762473589
0.9,0.23694864763324575,0.4926388691786857,0.27041248318806843
0.92,0.19877300246291274,0.5176967074083092,0.28353029012877795
0.9400000000000001,0.16059735729257976,0.5427545456379327,0.29664809706948747
0.96,0.16059735729257976,0.5427545456379327,0.29664809706948747
0.98,0.16059735729257976,0.5427545456379327,0.29664809706948747
1.0,0.16059735729257976,0.5427545456379327,0.29664809706948747
