fraction_of_volc,OH,H2O2,TMI
0.0,0.2948274071743538,0.338008475351548,0.36716411747409816
0.02,0.2948274071743538,0.338008475351548,0.36716411747409816
0.04,0.2948274071743538,0.338008475351548,0.36716411747409816
0.06,0.2948274071743538,0.338008475351548,0.36716411747409816
0.08,0.2948274071743538,0.338008475351548,0.36716411747409816
0.1,0.2948274071743538,0.338008475351548,0.36716411747409816
0.12,0.2948274071743538,0.338008475351548,0.36716411747409816
0.14,0.2948274071743538,0.338008475351548,0.36716411747409816
0.16,0.2948274071743538,0.338008475351548,0.36716411747409816
0.18,0.2948274071743538,0.338008475351548,0.36716411747409816
0.2,0.2948274071743538,0.338008475351548,0.36716411747409816
0.22,0.2948274071743538,0.338008475351548,0.36716411747409816
0.24,0.2948274071743538,0.338008475351548,0.36716411747409816
0.26,0.2948274071743538,0.338008475351548,0.36716411747409816
0.28,0.2948274071743538,0.338008475351548,0.36716411747409816
0.3,0.2948274071743538,0.338008475351548,0.36716411747409816
0.32,0.2948274071743538,0.338008475351548,0.36716411747409816
0.34,0.2948274071743538,0.338008475351548,0.36716411747409816
0.36,0.2948274071743538,0.338008475351548,0.36716411747409816
0.38,0.2948274071743538,0.338008475351548,0.36716411747409816
0.4,0.2948274071743538,0.338008475351548,0.36716411747409816
0.42,0.2948274071743538,0.338008475351548,0.36716411747409816
0.44,0.2948274071743538,0.338008475351548,0.36716411747409816
0.46,0.2948274071743538,0.338008475351548,0.36716411747409816
0.48,0.2948274071743538,0.338008475351548,0.36716411747409816
0.5,0.2948274071743538,0.338008475351548,0.36716411747409816
0.52,0.2948274071743538,0.338008475351548,0.36716411747409816
0.54,0.2948274071743538,0.338008475351548,0.36716411747409816
0.56,0.2948274071743538,0.338008475351548,0.36716411747409816
0.58,0.2828446916883203,0.3354573994377812,0.38169790887389843
0.6,0.27086197620228686,0.3329063235240144,0.39623170027369864
0.62,0.2588792607162534,0.33035524761024765,0.4107654916734989
0.64,0.24689654523021992,0.32780417169648085,0.4252992830732992
0.66,0.23491382974418645,0.32525309578271405,0.4398330744730994
0.68,0.22293111425815298,0.32270201986894725,0.45436686587289965
0.7000000000000001,0.21094839877211952,0.3201509439551805,0.4689006572726999
0.72,0.19896568328608605,0.3175998680414137,0.4834344486725002
0.74,0.18698296780005258,0.3150487921276469,0.49796824007230045
0.76,0.1750002523140191,0.3124977162138801,0.5125020314721007
0.78,0.16301753682798564,0.3099466403001134,0.527035822871901
0.8,0.15103482134195217,0.3073955643863466,0.5415696142717011
0.8200000000000001,0.1390521058559187,0.3048444884725798,0.5561034056715014
0.84,0.12706939036988524,0.302293412558813,0.5706371970713017
0.86,0.11508667488385177,0.29974233664504624,0.5851709884711019
0.88,0.1031039593978183,0.29719126073127944,0.5997047798709022
0.9,0.09112124391178483,0.29464018481751264,0.6142385712707024
0.92,0.07913852842575136,0.29208910890374584,0.6287723626705026
0.9400000000000001,0.0671558129397179,0.28953803298997904,0.6433061540703029
0.96,0.05517309745368443,0.2869869570762123,0.6578399454701032
0.98,0.043190381967650966,0.2844358811624455,0.6723737368699034
1.0,0.043190381967650966,0.2844358811624455,0.6723737368699034
