fraction_of_volc,OH,H2O2,TMI
0.0,0.10514315795356022,0.8815447727982189,0.013312069248220926
0.02,0.10514315795356022,0.8815447727982189,0.013312069248220926
0.04,0.10514315795356022,0.8815447727982189,0.013312069248220926
0.06,0.10514315795356022,0.8815447727982189,0.013312069248220926
0.08,0.10514315795356022,0.8815447727982189,0.013312069248220926
0.1,0.10514315795356022,0.8815447727982189,0.013312069248220926
0.12,0.10514315795356022,0.8815447727982189,0.013312069248220926
0.14,0.10514315795356022,0.8815447727982189,0.013312069248220926
0.16,0.10514315795356022,0.8815447727982189,0.013312069248220926
0.18,0.10514315795356022,0.8815447727982189,0.013312069248220926
0.2,0.10514315795356022,0.8815447727982189,0.013312069248220926
0.22,0.10514315795356022,0.8815447727982189,0.013312069248220926
0.24,0.10514315795356022,0.8815447727982189,0.013312069248220926
0.26,0.10514315795356022,0.8815447727982189,0.013312069248220926
0.28,0.10514315795356022,0.8815447727982189,0.013312069248220926
0.3,0.10514315795356022,0.8815447727982189,0.013312069248220926
0.32,0.10514315795356022,0.8815447727982189,0.013312069248220926
0.34,0.10514315795356022,0.8815447727982189,0.013312069248220926
0.36,0.10514315795356022,0.8815447727982189,0.013312069248220926
0.38,0.10514315795356022,0.8815447727982189,0.013312069248220926
0.4,0.10514315795356022,0.8815447727982189,0.013312069248220926
0.42,0.10514315795356022,0.8815447727982189,0.013312069248220926
0.44,0.10514315795356022,0.8815447727982189,0.013312069248220926
0.46,0.10514315795356022,0.8815447727982189,0.013312069248220926
0.48,0.10514315795356022,0.8815447727982189,0.013312069248220926
0.5,0.10514315795356022,0.8815447727982189,0.013312069248220926
0.52,0.10514315795356022,0.8815447727982189,0.013312069248220926
0.54,0.10514315795356022,0.8815447727982189,0.013312069248220926
0.56,0.10514315795356022,0.8815447727982189,0.013312069248220926
0.58,0.10514315795356022,0.8815447727982189,0.013312069248220926
0.6,0.10514315795356022,0.8815447727982189,0.013312069248220926
0.62,0.10514315795356022,0.8815447727982189,0.013312069248220926
0.64,0.10514315795356022,0.8815447727982189,0.013312069248220926
0.66,0.10514315795356022,0.8815447727982189,0.013312069248220926
0.68,0.1398034867921438,0.8399083314172026,0.02028818179065366
0.7000000000000001,0.17446381563072738,0.7982718900361863,0.027264294333086393
0.72,0.20912414446931096,0.7566354486551699,0.03424040687551913
0.74,0.24378447330789454,0.7149990072741536,0.04121651941795186
0.76,0.27844480214647815,0.6733625658931373,0.04819263196038459
0.78,0.3131051309850617,0.6317261245121208,0.05516874450281733
0.8,0.34776545982364526,0.5900896831311045,0.062144857045250065
0.8200000000000001,0.38242578866222887,0.5484532417500882,0.0691209695876828
0.84,0.4170861175008125,0.506816800369072,0.07609708213011553
0.86,0.45174644633939603,0.4651803589880556,0.08307319467254826
0.88,0.4864067751779796,0.42354391760703924,0.090049307214981
0.9,0.5210671040165632,0.38190747622602295,0.09702541975741373
0.92,0.5557274328551468,0.3402710348450067,0.10400153229984646
0.9400000000000001,0.5557274328551468,0.3402710348450067,0.10400153229984646
0.96,0.5557274328551468,0.3402710348450067,0.10400153229984646
0.98,0.5557274328551468,0.3402710348450067,0.10400153229984646
1.0,0.5557274328551468,0.3402710348450067,0.10400153229984646
