fraction_of_volc,OH,H2O2,TMI
0.0,0.39591872033839076,0.12653329028663332,0.47754798937497583
0.02,0.39591872033839076,0.12653329028663332,0.47754798937497583
0.04,0.39591872033839076,0.12653329028663332,0.47754798937497583
0.06,0.39591872033839076,0.12653329028663332,0.47754798937497583
0.08,0.39591872033839076,0.12653329028663332,0.47754798937497583
0.1,0.39591872033839076,0.12653329028663332,0.47754798937497583
0.12,0.39591872033839076,0.12653329028663332,0.47754798937497583
0.14,0.39591872033839076,0.12653329028663332,0.47754798937497583
0.16,0.39591872033839076,0.12653329028663332,0.47754798937497583
0.18,0.39591872033839076,0.12653329028663332,0.47754798937497583
0.2,0.39591872033839076,0.12653329028663332,0.47754798937497583
0.22,0.39591872033839076,0.12653329028663332,0.47754798937497583
0.24,0.39591872033839076,0.12653329028663332,0.47754798937497583
0.26,0.39591872033839076,0.12653329028663332,0.47754798937497583
0.28,0.39591872033839076,0.12653329028663332,0.47754798937497583
0.3,0.39591872033839076,0.12653329028663332,0.47754798937497583
0.32,0.39591872033839076,0.12653329028663332,0.47754798937497583
0.34,0.39591872033839076,0.12653329028663332,0.47754798937497583
0.36,0.39591872033839076,0.12653329028663332,0.47754798937497583
0.38,0.39591872033839076,0.12653329028663332,0.47754798937497583
0.4,0.39591872033839076,0.12653329028663332,0.47754798937497583
0.42,0.39591872033839076,0.12653329028663332,0.47754798937497583
0.44,0.39591872033839076,0.12653329028663332,0.47754798937497583
0.46,0.39591872033839076,0.12653329028663332,0.47754798937497583
0.48,0.39591872033839076,0.12653329028663332,0.47754798937497583
0.5,0.39591872033839076,0.12653329028663332,0.47754798937497583
0.52,0.39591872033839076,0.12653329028663332,0.47754798937497583
0.54,0.39591872033839076,0.12653329028663332,0.47754798937497583
0.56,0.39591872033839076,0.12653329028663332,0.47754798937497583
0.58,0.39591872033839076,0.12653329028663332,0.47754798937497583
0.6,0.39591872033839076,0.12653329028663332,0.47754798937497583
0.62,0.39591872033839076,0.12653329028663332,0.47754798937497583
0.64,0.39591872033839076,0.12653329028663332,0.47754798937497583
0.66,0.39591872033839076,0.12653329028663332,0.47754798937497583
0.68,0.39591872033839076,0.12653329028663332,0.47754798937497583
0.7000000000000001,0.39591872033839076,0.12653329028663332,0.47754798937497583
0.72,0.39591872033839076,0.12653329028663332,0.47754798937497583
0.74,0.39591872033839076,0.12653329028663332,0.47754798937497583
0.76,0.39591872033839076,0.12653329028663332,0.47754798937497583
0.78,0.39591872033839076,0.12653329028663332,0.47754798937497583
0.8,0.39591872033839076,0.12653329028663332,0.47754798937497583
0.8200000000000001,0.4272211818383906,0.12863209147049826,0.4441467266911111
0.84,0.4585236433383904,0.13073089265436322,0.4107454640072463
0.86,0.4898261048383902,0.13282969383822815,0.37734420132338153
0.88,0.52112856633839,0.1349284950220931,0.3439429386395168
0.9,0.5524310278383898,0.13702729620595802,0.3105416759556521
0.92,0.5837334893383896,0.13912609738982296,0.2771404132717873
0.9400000000000001,0.6150359508383895,0.14122489857368792,0.24373915058792253
0.96,0.6463384123383893,0.14332369975755285,0.21033788790405775
0.98,0.6463384123383893,0.14332369975755285,0.21033788790405775
1.0,0.6463384123383893,0.14332369975755285,0.21033788790405775
