fraction_of_volc,OH,H2O2,TMI
0.0,0.318777890061432,0.5915336027982692,0.08968850714029884
0.02,0.318777890061432,0.5915336027982692,0.08968850714029884
0.04,0.318777890061432,0.5915336027982692,0.08968850714029884
0.06,0.318777890061432,0.5915336027982692,0.08968850714029884
0.08,0.318777890061432,0.5915336027982692,0.08968850714029884
0.1,0.318777890061432,0.5915336027982692,0.08968850714029884
0.12,0.318777890061432,0.5915336027982692,0.08968850714029884
0.14,0.318777890061432,0.5915336027982692,0.08968850714029884
0.16,0.318777890061432,0.5915336027982692,0.08968850714029884
0.18,0.318777890061432,0.5915336027982692,0.08968850714029884
0.2,0.318777890061432,0.5915336027982692,0.08968850714029884
0.22,0.318777890061432,0.5915336027982692,0.08968850714029884
0.24,0.318777890061432,0.5915336027982692,0.08968850714029884
0.26,0.318777890061432,0.5915336027982692,0.08968850714029884
0.28,0.318777890061432,0.5915336027982692,0.08968850714029884
0.3,0.318777890061432,0.5915336027982692,0.08968850714029884
0.32,0.31714541213357894,0.5827663750092228,0.10008821285719824
0.34,0.3155129342057259,0.5739991472201764,0.11048791857409763
0.36,0.3138804562778729,0.56523191943113,0.12088762429099703
0.38,0.3122479783500199,0.5564646916420837,0.13128733000789644
0.4,0.31061550042216685,0.5476974638530373,0.14168703572479582
0.42,0.3089830224943138,0.5389302360639909,0.15208674144169523
0.44,0.3073505445664608,0.5301630082749446,0.16248644715859462
0.46,0.3057180666386078,0.5213957804858982,0.17288615287549403
0.48,0.30408558871075475,0.5126285526968518,0.18328585859239344
0.5,0.3024531107829017,0.5038613249078054,0.19368556430929282
0.52,0.30082063285504873,0.49509409711875907,0.2040852700261922
0.54,0.2991881549271957,0.4863268693297127,0.2144849757430916
0.56,0.29755567699934266,0.4775596415406663,0.22488468145999102
0.58,0.2959231990714896,0.46879241375161995,0.23528438717689043
0.6,0.2942907211436366,0.4600251859625736,0.24568409289378978
0.62,0.2926582432157836,0.4512579581735272,0.2560837986106892
0.64,0.29102576528793056,0.44249073038448083,0.2664835043275886
0.66,0.2893932873600775,0.43372350259543446,0.276883210044488
0.68,0.2877608094322245,0.4249562748063881,0.2872829157613874
0.7000000000000001,0.2861283315043715,0.4161890470173417,0.2976826214782868
0.72,0.28449585357651846,0.40742181922829535,0.3080823271951862
0.74,0.2828633756486654,0.398654591439249,0.3184820329120856
0.76,0.2812308977208124,0.3898873636502026,0.328881738628985
0.78,0.2795984197929594,0.3811201358611562,0.3392814443458844
0.8,0.27796594186510637,0.3723529080721098,0.34968115006278383
0.8200000000000001,0.27633346393725333,0.36358568028306343,0.3600808557796832
0.84,0.27633346393725333,0.36358568028306343,0.3600808557796832
0.86,0.27633346393725333,0.36358568028306343,0.3600808557796832
0.88,0.27633346393725333,0.36358568028306343,0.3600808557796832
0.9,0.27633346393725333,0.36358568028306343,0.3600808557796832
0.92,0.27633346393725333,0.36358568028306343,0.3600808557796832
0.9400000000000001,0.27633346393725333,0.36358568028306343,0.3600808557796832
0.96,0.27633346393725333,0.36358568028306343,0.3600808557796832
0.98,0.27633346393725333,0.36358568028306343,0.3600808557796832
1.0,0.27633346393725333,0.36358568028306343,0.3600808557796832
