fraction_of_volc,OH,H2O2,TMI
0.0,0.5345520595854469,0.4037586995395422,0.06168924087501083
0.02,0.5345520595854469,0.4037586995395422,0.06168924087501083
0.04,0.5345520595854469,0.4037586995395422,0.06168924087501083
0.06,0.5345520595854469,0.4037586995395422,0.06168924087501083
0.08,0.5345520595854469,0.4037586995395422,0.06168924087501083
0.1,0.5345520595854469,0.4037586995395422,0.06168924087501083
0.12,0.5345520595854469,0.4037586995395422,0.06168924087501083
0.14,0.5345520595854469,0.4037586995395422,0.06168924087501083
0.16,0.5345520595854469,0.4037586995395422,0.06168924087501083
0.18,0.5345520595854469,0.4037586995395422,0.06168924087501083
0.2,0.5345520595854469,0.4037586995395422,0.06168924087501083
0.22,0.5345520595854469,0.4037586995395422,0.06168924087501083
0.24,0.5345520595854469,0.4037586995395422,0.06168924087501083
0.26,0.5345520595854469,0.4037586995395422,0.06168924087501083
0.28,0.5345520595854469,0.4037586995395422,0.06168924087501083
0.3,0.5345520595854469,0.4037586995395422,0.06168924087501083
0.32,0.5345520595854469,0.4037586995395422,0.06168924087501083
0.34,0.5345520595854469,0.4037586995395422,0.06168924087501083
0.36,0.5345520595854469,0.4037586995395422,0.06168924087501083
0.38,0.5345520595854469,0.4037586995395422,0.06168924087501083
0.4,0.48149392423643234,0.4230940020778169,0.0954120736857507
0.42,0.4284357888874178,0.44242930461609165,0.1291349064964906
0.44,0.3753776535384032,0.46176460715436635,0.16285773930723046
0.46,0.32231951818938864,0.48109990969264105,0.19658057211797034
0.48,0.26926138284037404,0.5004352122309158,0.2303034049287102
0.5,0.21620324749135944,0.5197705147691905,0.2640262377394501
0.52,0.1631451121423449,0.5391058173074652,0.29774907055019
0.54,0.1100869767933303,0.55844111984574,0.33147190336092985
0.56,0.05702884144431569,0.5777764223840147,0.36519473617166975
0.58,0.0039707060953010935,0.5971117249222894,0.3989175689824096
0.6,0.0039707060953010935,0.5971117249222894,0.3989175689824096
0.62,0.0039707060953010935,0.5971117249222894,0.3989175689824096
0.64,0.0039707060953010935,0.5971117249222894,0.3989175689824096
0.66,0.0039707060953010935,0.5971117249222894,0.3989175689824096
0.68,0.0039707060953010935,0.5971117249222894,0.3989175689824096
0.7000000000000001,0.0039707060953010935,0.5971117249222894,0.3989175689824096
0.72,0.0039707060953010935,0.5971117249222894,0.3989175689824096
0.74,0.0039707060953010935,0.5971117249222894,0.3989175689824096
0.76,0.0039707060953010935,0.5971117249222894,0.3989175689824096
0.78,0.0039707060953010935,0.5971117249222894,0.3989175689824096
0.8,0.0039707060953010935,0.5971117249222894,0.3989175689824096
0.8200000000000001,0.0039707060953010935,0.5971117249222894,0.3989175689824096
0.84,0.0039707060953010935,0.5971117249222894,0.3989175689824096
0.86,0.0039707060953010935,0.5971117249222894,0.3989175689824096
0.88,0.0039707060953010935,0.5971117249222894,0.3989175689824096
0.9,0.0039707060953010935,0.5971117249222894,0.3989175689824096
0.92,0.0039707060953010935,0.5971117249222894,0.3989175689824096
0.9400000000000001,0.0039707060953010935,0.5971117249222894,0.3989175689824096
0.96,0.0039707060953010935,0.5971117249222894,0.3989175689824096
0.98,0.0039707060953010935,0.5971117249222894,0.3989175689824096
1.0,0.0039707060953010935,0.5971117249222894,0.3989175689824096
