fraction_of_volc,OH,H2O2,TMI
0.0,0.099282603140084,0.07692984616837756,0.8237875506915385
0.02,0.099282603140084,0.07692984616837756,0.8237875506915385
0.04,0.099282603140084,0.07692984616837756,0.8237875506915385
0.06,0.099282603140084,0.07692984616837756,0.8237875506915385
0.08,0.099282603140084,0.07692984616837756,0.8237875506915385
0.1,0.099282603140084,0.07692984616837756,0.8237875506915385
0.12,0.099282603140084,0.07692984616837756,0.8237875506915385
0.14,0.099282603140084,0.07692984616837756,0.8237875506915385
0.16,0.099282603140084,0.07692984616837756,0.8237875506915385
0.18,0.099282603140084,0.07692984616837756,0.8237875506915385
0.2,0.099282603140084,0.07692984616837756,0.8237875506915385
0.22,0.099282603140084,0.07692984616837756,0.8237875506915385
0.24,0.099282603140084,0.07692984616837756,0.8237875506915385
0.26,0.099282603140084,0.07692984616837756,0.8237875506915385
0.28,0.099282603140084,0.07692984616837756,0.8237875506915385
0.3,0.099282603140084,0.07692984616837756,0.8237875506915385
0.32,0.099282603140084,0.07692984616837756,0.8237875506915385
0.34,0.099282603140084,0.07692984616837756,0.8237875506915385
0.36,0.099282603140084,0.07692984616837756,0.8237875506915385
0.38,0.099282603140084,0.07692984616837756,0.8237875506915385
0.4,0.099282603140084,0.07692984616837756,0.8237875506915385
0.42,0.099282603140084,0.07692984616837756,0.8237875506915385
0.44,0.099282603140084,0.07692984616837756,0.8237875506915385
0.46,0.099282603140084,0.07692984616837756,0.8237875506915385
0.48,0.099282603140084,0.07692984616837756,0.8237875506915385
0.5,0.099282603140084,0.07692984616837756,0.8237875506915385
0.52,0.099282603140084,0.07692984616837756,0.8237875506915385
0.54,0.099282603140084,0.07692984616837756,0.8237875506915385
0.56,0.099282603140084,0.07692984616837756,0.8237875506915385
0.58,0.099282603140084,0.07692984616837756,0.8237875506915385
0.6,0.11812706504997855,0.07468884761745131,0.8071840873325702
0.62,0.1369715269598731,0.07244784906652509,0.7905806239736018
0.64,0.15581598886976766,0.07020685051559884,0.7739771606146335
0.66,0.1746604507796622,0.0679658519646726,0.7573736972556653
0.68,0.19350491268955677,0.06572485341374636,0.7407702338966969
0.7000000000000001,0.2123493745994513,0.06348385486282013,0.7241667705377286
0.72,0.23119383650934586,0.061242856311893884,0.7075633071787603
0.74,0.2500382984192404,0.05900185776096764,0.6909598438197919
0.76,0.26888276032913494,0.056760859210041405,0.6743563804608237
0.78,0.2877272222390295,0.05451986065911517,0.6577529171018552
0.8,0.3065716841489241,0.052278862108188925,0.641149453742887
0.8200000000000001,0.32541614605881863,0.05003786355726269,0.6245459903839187
0.84,0.34426060796871316,0.04779686500633645,0.6079425270249503
0.86,0.3631050698786077,0.04555586645541021,0.591339063665982
0.88,0.38194953178850233,0.04331486790448397,0.5747356003070136
0.9,0.40079399369839686,0.04107386935355773,0.5581321369480454
0.92,0.4196384556082914,0.038832870802631494,0.541528673589077
0.9400000000000001,0.4384829175181859,0.03659187225170525,0.5249252102301087
0.96,0.4573273794280805,0.034350873700779015,0.5083217468711404
0.98,0.4573273794280805,0.034350873700779015,0.5083217468711404
1.0,0.4573273794280805,0.034350873700779015,0.5083217468711404
