fraction_of_volc,OH,H2O2,TMI
0.0,0.007324811732643091,0.2514063747969257,0.7412688134704312
0.02,0.007324811732643091,0.2514063747969257,0.7412688134704312
0.04,0.007324811732643091,0.2514063747969257,0.7412688134704312
0.06,0.01290348788346616,0.25970239284910035,0.7273941192674335
0.08,0.018482164034289227,0.26799841090127496,0.7135194250644357
0.1,0.024060840185112294,0.27629442895344963,0.699644730861438
0.12,0.02963951633593536,0.2845904470056243,0.6857700366584403
0.14,0.03521819248675843,0.292886465057799,0.6718953424554426
0.16,0.0407968686375815,0.30118248310997364,0.6580206482524448
0.18,0.04637554478840457,0.30947850116214826,0.6441459540494471
0.2,0.051954220939227636,0.3177745192143229,0.6302712598464494
0.22,0.0575328970900507,0.3260705372664976,0.6163965656434517
0.24,0.06311157324087377,0.3343665553186722,0.6025218714404539
0.26,0.06869024939169684,0.3426625733708469,0.5886471772374562
0.28,0.0742689255425199,0.35095859142302155,0.5747724830344585
0.3,0.07984760169334297,0.3592546094751962,0.5608977888314608
0.32,0.08542627784416604,0.3675506275273709,0.547023094628463
0.34,0.0910049539949891,0.3758466455795455,0.5331484004254653
0.36,0.09658363014581217,0.38414266363172017,0.5192737062224676
0.38,0.10216230629663524,0.39243868168389484,0.5053990120194698
0.4,0.1077409824474583,0.40073469973606946,0.4915243178164721
0.42,0.11331965859828137,0.4090307177882441,0.4776496236134744
0.44,0.11889833474910444,0.4173267358404188,0.46377492941047666
0.46,0.1244770108999275,0.42562275389259346,0.44990023520747896
0.48,0.13005568705075057,0.43391877194476813,0.4360255410044812
0.5,0.13563436320157365,0.44221478999694275,0.4221508468014835
0.52,0.14121303935239674,0.4505108080491174,0.40827615259848576
0.54,0.1467917155032198,0.4588068261012921,0.39440145839548807
0.56,0.15237039165404287,0.4671028441534667,0.3805267641924903
0.58,0.15794906780486592,0.47539886220564137,0.3666520699894926
0.6,0.163527743955689,0.48369488025781604,0.3527773757864949
0.62,0.16910642010651206,0.4919908983099907,0.3389026815834972
0.64,0.17468509625733514,0.5002869163621654,0.32502798738049943
0.66,0.1802637724081582,0.50858293441434,0.31115329317750173
0.68,0.18584244855898127,0.5168789524665147,0.297278598974504
0.7000000000000001,0.19142112470980435,0.5251749705186893,0.28340390477150623
0.72,0.1969998008606274,0.533470988570864,0.26952921056850854
0.74,0.2025784770114505,0.5417670066230387,0.2556545163655108
0.76,0.20815715316227354,0.5500630246752133,0.2417798221625131
0.78,0.21373582931309662,0.5583590427273879,0.22790512795951534
0.8,0.21931450546391967,0.5666550607795626,0.21403043375651765
0.8200000000000001,0.22489318161474275,0.5749510788317372,0.20015573955351995
0.84,0.2304718577655658,0.5832470968839119,0.18628104535052215
0.86,0.2360505339163889,0.5915431149360866,0.17240635114752445
0.88,0.24162921006721194,0.5998391329882613,0.15853165694452676
0.9,0.24720788621803502,0.6081351510404358,0.14465696274152906
0.92,0.2527865623688581,0.6164311690926105,0.13078226853853123
0.9400000000000001,0.2527865623688581,0.6164311690926105,0.13078226853853123
0.96,0.2527865623688581,0.6164311690926105,0.13078226853853123
0.98,0.2527865623688581,0.6164311690926105,0.13078226853853123
1.0,0.2527865623688581,0.6164311690926105,0.13078226853853123
