fraction_of_volc,OH,H2O2,TMI
0.0,0.12344708783259563,0.8696869909933352,0.0068659211740691554
0.02,0.12344708783259563,0.8696869909933352,0.0068659211740691554
0.04,0.12344708783259563,0.8696869909933352,0.0068659211740691554
0.06,0.12344708783259563,0.8696869909933352,0.0068659211740691554
0.08,0.12344708783259563,0.8696869909933352,0.0068659211740691554
0.1,0.12344708783259563,0.8696869909933352,0.0068659211740691554
0.12,0.12344708783259563,0.8696869909933352,0.0068659211740691554
0.14,0.12344708783259563,0.8696869909933352,0.0068659211740691554
0.16,0.12344708783259563,0.8696869909933352,0.0068659211740691554
0.18,0.12344708783259563,0.8696869909933352,0.0068659211740691554
0.2,0.12344708783259563,0.8696869909933352,0.0068659211740691554
0.22,0.12344708783259563,0.8696869909933352,0.0068659211740691554
0.24,0.12344708783259563,0.8696869909933352,0.0068659211740691554
0.26,0.12344708783259563,0.8696869909933352,0.0068659211740691554
0.28,0.12344708783259563,0.8696869909933352,0.0068659211740691554
0.3,0.12344708783259563,0.8696869909933352,0.0068659211740691554
0.32,0.12344708783259563,0.8696869909933352,0.0068659211740691554
0.34,0.12344708783259563,0.8696869909933352,0.0068659211740691554
0.36,0.12825021290249922,0.8473079816930847,0.02444180540441609
0.38,0.1330533379724028,0.8249289723928342,0.04201768963476303
0.4,0.1378564630423064,0.8025499630925836,0.05959357386510997
0.42,0.14265958811220997,0.7801709537923331,0.0771694580954569
0.44,0.14746271318211357,0.7577919444920826,0.09474534232580384
0.46,0.15226583825201714,0.7354129351918322,0.11232122655615077
0.48,0.15706896332192075,0.7130339258915817,0.1298971107864977
0.5,0.16187208839182432,0.6906549165913312,0.14747299501684463
0.52,0.16667521346172792,0.6682759072910807,0.16504887924719158
0.54,0.1714783385316315,0.6458968979908302,0.1826247634775385
0.56,0.1762814636015351,0.6235178886905796,0.20020064770788543
0.58,0.18108458867143867,0.6011388793903291,0.21777653193823238
0.6,0.18108458867143867,0.6011388793903291,0.21777653193823238
0.62,0.18108458867143867,0.6011388793903291,0.21777653193823238
0.64,0.18108458867143867,0.6011388793903291,0.21777653193823238
0.66,0.18108458867143867,0.6011388793903291,0.21777653193823238
0.68,0.18108458867143867,0.6011388793903291,0.21777653193823238
0.7000000000000001,0.18108458867143867,0.6011388793903291,0.21777653193823238
0.72,0.18108458867143867,0.6011388793903291,0.21777653193823238
0.74,0.18108458867143867,0.6011388793903291,0.21777653193823238
0.76,0.18108458867143867,0.6011388793903291,0.21777653193823238
0.78,0.18108458867143867,0.6011388793903291,0.21777653193823238
0.8,0.18108458867143867,0.6011388793903291,0.21777653193823238
0.8200000000000001,0.18108458867143867,0.6011388793903291,0.21777653193823238
0.84,0.18108458867143867,0.6011388793903291,0.21777653193823238
0.86,0.18108458867143867,0.6011388793903291,0.21777653193823238
0.88,0.18108458867143867,0.6011388793903291,0.21777653193823238
0.9,0.18108458867143867,0.6011388793903291,0.21777653193823238
0.92,0.18108458867143867,0.6011388793903291,0.21777653193823238
0.9400000000000001,0.18108458867143867,0.6011388793903291,0.21777653193823238
0.96,0.18108458867143867,0.6011388793903291,0.21777653193823238
0.98,0.18108458867143867,0.6011388793903291,0.21777653193823238
1.0,0.18108458867143867,0.6011388793903291,0.21777653193823238
