fraction_of_volc,OH,H2O2,TMI
0.0,0.22700419217708537,0.4132561935005445,0.3597396143223701
0.02,0.22700419217708537,0.4132561935005445,0.3597396143223701
0.04,0.22700419217708537,0.4132561935005445,0.3597396143223701
0.06,0.22700419217708537,0.4132561935005445,0.3597396143223701
0.08,0.22700419217708537,0.4132561935005445,0.3597396143223701
0.1,0.22700419217708537,0.4132561935005445,0.3597396143223701
0.12,0.22700419217708537,0.4132561935005445,0.3597396143223701
0.14,0.22700419217708537,0.4132561935005445,0.3597396143223701
0.16,0.22700419217708537,0.4132561935005445,0.3597396143223701
0.18,0.22700419217708537,0.4132561935005445,0.3597396143223701
0.2,0.22700419217708537,0.4132561935005445,0.3597396143223701
0.22,0.22168290010887964,0.4074287975487573,0.37088830234236303
0.24,0.2163616080406739,0.40160140159697016,0.3820369903623559
0.26,0.21104031597246817,0.395774005645183,0.3931856783823488
0.28,0.20571902390426242,0.38994660969339584,0.4043343664023417
0.3,0.2003977318360567,0.3841192137416087,0.41548305442233463
0.32,0.19507643976785094,0.3782918177898215,0.4266317424423275
0.34,0.18975514769964522,0.37246442183803435,0.4377804304623204
0.36,0.1844338556314395,0.3666370258862472,0.4489291184823133
0.38,0.17911256356323374,0.36080962993446003,0.46007780650230623
0.4,0.17379127149502802,0.35498223398267287,0.4712264945222991
0.42,0.1684699794268223,0.3491548380308857,0.482375182542292
0.44,0.16314868735861654,0.34332744207909854,0.49352387056228486
0.46,0.1578273952904108,0.3375000461273114,0.5046725585822778
0.48,0.1525061032222051,0.3316726501755242,0.5158212466022707
0.5,0.14718481115399934,0.32584525422373706,0.5269699346222636
0.52,0.1418635190857936,0.3200178582719499,0.5381186226422565
0.54,0.13654222701758786,0.31419046232016273,0.5492673106622494
0.56,0.13122093494938214,0.30836306636837557,0.5604159986822423
0.58,0.1258996428811764,0.3025356704165884,0.5715646867022351
0.6,0.12057835081297066,0.29670827446480125,0.5827133747222281
0.62,0.11525705874476493,0.2908808785130141,0.593862062742221
0.64,0.10993576667655919,0.2850534825612269,0.6050107507622139
0.66,0.10461447460835345,0.27922608660943976,0.6161594387822068
0.68,0.09929318254014771,0.2733986906576526,0.6273081268021996
0.7000000000000001,0.09397189047194199,0.26757129470586544,0.6384568148221925
0.72,0.08865059840373624,0.2617438987540783,0.6496055028421854
0.74,0.08332930633553053,0.2559165028022911,0.6607541908621783
0.76,0.08332930633553053,0.2559165028022911,0.6607541908621783
0.78,0.08332930633553053,0.2559165028022911,0.6607541908621783
0.8,0.08332930633553053,0.2559165028022911,0.6607541908621783
0.8200000000000001,0.08332930633553053,0.2559165028022911,0.6607541908621783
0.84,0.08332930633553053,0.2559165028022911,0.6607541908621783
0.86,0.08332930633553053,0.2559165028022911,0.6607541908621783
0.88,0.08332930633553053,0.2559165028022911,0.6607541908621783
0.9,0.08332930633553053,0.2559165028022911,0.6607541908621783
0.92,0.08332930633553053,0.2559165028022911,0.6607541908621783
0.9400000000000001,0.08332930633553053,0.2559165028022911,0.6607541908621783
0.96,0.08332930633553053,0.2559165028022911,0.6607541908621783
0.98,0.08332930633553053,0.2559165028022911,0.6607541908621783
1.0,0.08332930633553053,0.2559165028022911,0.6607541908621783
