fraction_of_volc,OH,H2O2,TMI
0.0,0.05825240160123736,0.16900120028610138,0.7727463981126613
0.02,0.05825240160123736,0.16900120028610138,0.7727463981126613
0.04,0.05825240160123736,0.16900120028610138,0.7727463981126613
0.06,0.05825240160123736,0.16900120028610138,0.7727463981126613
0.08,0.05825240160123736,0.16900120028610138,0.7727463981126613
0.1,0.05825240160123736,0.16900120028610138,0.7727463981126613
0.12,0.1198198999372668,0.19339928343883198,0.6867808166239013
0.14,0.18138739827329625,0.21779736659156257,0.6008152351351412
0.16,0.24295489660932568,0.24219544974429316,0.5148496536463811
0.18,0.3045223949453551,0.26659353289702376,0.42888407215762114
0.2,0.3660898932813845,0.2909916160497543,0.3429184906688611
0.22,0.427657391617414,0.31538969920248494,0.25695290918010105
0.24,0.48922488995344343,0.33978778235521556,0.17098732769134106
0.26,0.5507923882894729,0.3641858655079461,0.08502174620258095
0.28,0.5507923882894729,0.3641858655079461,0.08502174620258095
0.3,0.5507923882894729,0.3641858655079461,0.08502174620258095
0.32,0.5507923882894729,0.3641858655079461,0.08502174620258095
0.34,0.5507923882894729,0.3641858655079461,0.08502174620258095
0.36,0.5507923882894729,0.3641858655079461,0.08502174620258095
0.38,0.5507923882894729,0.3641858655079461,0.08502174620258095
0.4,0.5507923882894729,0.3641858655079461,0.08502174620258095
0.42,0.5507923882894729,0.3641858655079461,0.08502174620258095
0.44,0.5507923882894729,0.3641858655079461,0.08502174620258095
0.46,0.5507923882894729,0.3641858655079461,0.08502174620258095
0.48,0.5507923882894729,0.3641858655079461,0.08502174620258095
0.5,0.5507923882894729,0.3641858655079461,0.08502174620258095
0.52,0.5507923882894729,0.3641858655079461,0.08502174620258095
0.54,0.5507923882894729,0.3641858655079461,0.08502174620258095
0.56,0.5507923882894729,0.3641858655079461,0.08502174620258095
0.58,0.5507923882894729,0.3641858655079461,0.08502174620258095
0.6,0.5507923882894729,0.3641858655079461,0.08502174620258095
0.62,0.5507923882894729,0.3641858655079461,0.08502174620258095
0.64,0.5507923882894729,0.3641858655079461,0.08502174620258095
0.66,0.5507923882894729,0.3641858655079461,0.08502174620258095
0.68,0.5507923882894729,0.3641858655079461,0.08502174620258095
0.7000000000000001,0.5507923882894729,0.3641858655079461,0.08502174620258095
0.72,0.5507923882894729,0.3641858655079461,0.08502174620258095
0.74,0.5507923882894729,0.3641858655079461,0.08502174620258095
0.76,0.5507923882894729,0.3641858655079461,0.08502174620258095
0.78,0.5507923882894729,0.3641858655079461,0.08502174620258095
0.8,0.5507923882894729,0.3641858655079461,0.08502174620258095
0.8200000000000001,0.5507923882894729,0.3641858655079461,0.08502174620258095
0.84,0.5507923882894729,0.3641858655079461,0.08502174620258095
0.86,0.5507923882894729,0.3641858655079461,0.08502174620258095
0.88,0.5507923882894729,0.3641858655079461,0.08502174620258095
0.9,0.5507923882894729,0.3641858655079461,0.08502174620258095
0.92,0.5507923882894729,0.3641858655079461,0.08502174620258095
0.9400000000000001,0.5507923882894729,0.3641858655079461,0.08502174620258095
0.96,0.5507923882894729,0.3641858655079461,0.08502174620258095
0.98,0.5507923882894729,0.3641858655079461,0.08502174620258095
1.0,0.5507923882894729,0.3641858655079461,0.08502174620258095
