fraction_of_volc,OH,H2O2,TMI
0.0,0.2528914960388833,0.5506836122972153,0.19642489166390148
0.02,0.2528914960388833,0.5506836122972153,0.19642489166390148
0.04,0.2528914960388833,0.5506836122972153,0.19642489166390148
0.06,0.2528914960388833,0.5506836122972153,0.19642489166390148
0.08,0.2528914960388833,0.5506836122972153,0.19642489166390148
0.1,0.2528914960388833,0.5506836122972153,0.19642489166390148
0.12,0.23812688545881708,0.5428634334854389,0.21900968105574414
0.14,0.22336227487875088,0.5350432546736624,0.24159447044758678
0.16,0.2085976642986847,0.5272230758618859,0.2641792598394294
0.18,0.1938330537186185,0.5194028970501094,0.2867640492312721
0.2,0.1790684431385523,0.511582718238333,0.30934883862311474
0.22,0.16430383255848613,0.5037625394265566,0.3319336280149574
0.24,0.14953922197841993,0.49594236061478014,0.3545184174068
0.26,0.13477461139835373,0.48812218180300365,0.3771032067986427
0.28,0.12001000081828753,0.4803020029912272,0.39968799619048534
0.3,0.10524539023822133,0.4724818241794507,0.42227278558232795
0.32,0.09048077965815515,0.4646616453676743,0.4448575749741706
0.34,0.07571616907808895,0.45684146655589786,0.4674423643660133
0.36,0.06095155849802275,0.4490212877441214,0.49002715375785594
0.38,0.04618694791795658,0.44120110893234493,0.5126119431496985
0.4,0.031422337337890384,0.4333809301205685,0.5351967325415412
0.42,0.031422337337890384,0.4333809301205685,0.5351967325415412
0.44,0.031422337337890384,0.4333809301205685,0.5351967325415412
0.46,0.031422337337890384,0.4333809301205685,0.5351967325415412
0.48,0.031422337337890384,0.4333809301205685,0.5351967325415412
0.5,0.031422337337890384,0.4333809301205685,0.5351967325415412
0.52,0.031422337337890384,0.4333809301205685,0.5351967325415412
0.54,0.031422337337890384,0.4333809301205685,0.5351967325415412
0.56,0.031422337337890384,0.4333809301205685,0.5351967325415412
0.58,0.031422337337890384,0.4333809301205685,0.5351967325415412
0.6,0.031422337337890384,0.4333809301205685,0.5351967325415412
0.62,0.031422337337890384,0.4333809301205685,0.5351967325415412
0.64,0.031422337337890384,0.4333809301205685,0.5351967325415412
0.66,0.031422337337890384,0.4333809301205685,0.5351967325415412
0.68,0.031422337337890384,0.4333809301205685,0.5351967325415412
0.7000000000000001,0.031422337337890384,0.4333809301205685,0.5351967325415412
0.72,0.031422337337890384,0.4333809301205685,0.5351967325415412
0.74,0.031422337337890384,0.4333809301205685,0.5351967325415412
0.76,0.031422337337890384,0.4333809301205685,0.5351967325415412
0.78,0.031422337337890384,0.4333809301205685,0.5351967325415412
0.8,0.031422337337890384,0.4333809301205685,0.5351967325415412
0.8200000000000001,0.031422337337890384,0.4333809301205685,0.5351967325415412
0.84,0.031422337337890384,0.4333809301205685,0.5351967325415412
0.86,0.031422337337890384,0.4333809301205685,0.5351967325415412
0.88,0.031422337337890384,0.4333809301205685,0.5351967325415412
0.9,0.031422337337890384,0.4333809301205685,0.5351967325415412
0.92,0.031422337337890384,0.4333809301205685,0.5351967325415412
0.9400000000000001,0.031422337337890384,0.4333809301205685,0.5351967325415412
0.96,0.031422337337890384,0.4333809301205685,0.5351967325415412
0.98,0.031422337337890384,0.4333809301205685,0.5351967325415412
1.0,0.031422337337890384,0.4333809301205685,0.5351967325415412
