fraction_of_volc,OH,H2O2,TMI
0.0,0.46788763854222204,0.44881164018795794,0.08330072126981995
0.02,0.46788763854222204,0.44881164018795794,0.08330072126981995
0.04,0.46788763854222204,0.44881164018795794,0.08330072126981995
0.06,0.46788763854222204,0.44881164018795794,0.08330072126981995
0.08,0.46788763854222204,0.44881164018795794,0.08330072126981995
0.1,0.46788763854222204,0.44881164018795794,0.08330072126981995
0.12,0.46788763854222204,0.44881164018795794,0.08330072126981995
0.14,0.46788763854222204,0.44881164018795794,0.08330072126981995
0.16,0.46788763854222204,0.44881164018795794,0.08330072126981995
0.18,0.46788763854222204,0.44881164018795794,0.08330072126981995
0.2,0.46788763854222204,0.44881164018795794,0.08330072126981995
0.22,0.46788763854222204,0.44881164018795794,0.08330072126981995
0.24,0.46788763854222204,0.44881164018795794,0.08330072126981995
0.26,0.46788763854222204,0.44881164018795794,0.08330072126981995
0.28,0.46788763854222204,0.44881164018795794,0.08330072126981995
0.3,0.48608888640082204,0.425412657603404,0.08849845599577391
0.32,0.504290134259422,0.40201367501885005,0.09369619072172787
0.34,0.5224913821180219,0.37861469243429613,0.09889392544768183
0.36,0.5406926299766219,0.35521570984974216,0.10409166017363579
0.38,0.5588938778352219,0.33181672726518824,0.10928939489958975
0.4,0.5770951256938219,0.3084177446806343,0.11448712962554372
0.42,0.5952963735524219,0.28501876209608035,0.11968486435149767
0.44,0.6134976214110218,0.2616197795115264,0.12488259907745164
0.46,0.6316988692696218,0.23822079692697246,0.13008033380340558
0.48,0.6499001171282218,0.2148218143424185,0.13527806852935956
0.5,0.6681013649868217,0.19142283175786456,0.1404758032553135
0.52,0.6863026128454217,0.16802384917331065,0.14567353798126748
0.54,0.7045038607040217,0.14462486658875667,0.15087127270722145
0.56,0.7227051085626217,0.12122588400420276,0.1560690074331754
0.58,0.7409063564212217,0.09782690141964878,0.16126674215912934
0.6,0.7591076042798217,0.07442791883509486,0.1664644768850833
0.62,0.7773088521384217,0.051028936250540946,0.17166221161103729
0.64,0.7955100999970216,0.027629953665986993,0.17685994633699123
0.66,0.7955100999970216,0.027629953665986993,0.17685994633699123
0.68,0.7955100999970216,0.027629953665986993,0.17685994633699123
0.7000000000000001,0.7955100999970216,0.027629953665986993,0.17685994633699123
0.72,0.7955100999970216,0.027629953665986993,0.17685994633699123
0.74,0.7955100999970216,0.027629953665986993,0.17685994633699123
0.76,0.7955100999970216,0.027629953665986993,0.17685994633699123
0.78,0.7955100999970216,0.027629953665986993,0.17685994633699123
0.8,0.7955100999970216,0.027629953665986993,0.17685994633699123
0.8200000000000001,0.7955100999970216,0.027629953665986993,0.17685994633699123
0.84,0.7955100999970216,0.027629953665986993,0.17685994633699123
0.86,0.7955100999970216,0.027629953665986993,0.17685994633699123
0.88,0.7955100999970216,0.027629953665986993,0.17685994633699123
0.9,0.7955100999970216,0.027629953665986993,0.17685994633699123
0.92,0.7955100999970216,0.027629953665986993,0.17685994633699123
0.9400000000000001,0.7955100999970216,0.027629953665986993,0.17685994633699123
0.96,0.7955100999970216,0.027629953665986993,0.17685994633699123
0.98,0.7955100999970216,0.027629953665986993,0.17685994633699123
1.0,0.7955100999970216,0.027629953665986993,0.17685994633699123
