fraction_of_volc,OH,H2O2,TMI
0.0,0.12126247791028645,0.5700665608791394,0.3086709612105742
0.02,0.12126247791028645,0.5700665608791394,0.3086709612105742
0.04,0.12126247791028645,0.5700665608791394,0.3086709612105742
0.06,0.12126247791028645,0.5700665608791394,0.3086709612105742
0.08,0.12126247791028645,0.5700665608791394,0.3086709612105742
0.1,0.12126247791028645,0.5700665608791394,0.3086709612105742
0.12,0.12126247791028645,0.5700665608791394,0.3086709612105742
0.14,0.12126247791028645,0.5700665608791394,0.3086709612105742
0.16,0.12126247791028645,0.5700665608791394,0.3086709612105742
0.18,0.12126247791028645,0.5700665608791394,0.3086709612105742
0.2,0.12126247791028645,0.5700665608791394,0.3086709612105742
0.22,0.12126247791028645,0.5700665608791394,0.3086709612105742
0.24,0.12126247791028645,0.5700665608791394,0.3086709612105742
0.26,0.12126247791028645,0.5700665608791394,0.3086709612105742
0.28,0.12126247791028645,0.5700665608791394,0.3086709612105742
0.3,0.12126247791028645,0.5700665608791394,0.3086709612105742
0.32,0.12126247791028645,0.5700665608791394,0.3086709612105742
0.34,0.12126247791028645,0.5700665608791394,0.3086709612105742
0.36,0.12126247791028645,0.5700665608791394,0.3086709612105742
0.38,0.12126247791028645,0.5700665608791394,0.3086709612105742
0.4,0.12126247791028645,0.5700665608791394,0.3086709612105742
0.42,0.12126247791028645,0.5700665608791394,0.3086709612105742
0.44,0.12126247791028645,0.5700665608791394,0.3086709612105742
0.46,0.12126247791028645,0.5700665608791394,0.3086709612105742
0.48,0.12126247791028645,0.5700665608791394,0.3086709612105742
0.5,0.12126247791028645,0.5700665608791394,0.3086709612105742
0.52,0.12126247791028645,0.5700665608791394,0.3086709612105742
0.54,0.12126247791028645,0.5700665608791394,0.3086709612105742
0.56,0.12126247791028645,0.5700665608791394,0.3086709612105742
0.58,0.15716612725119666,0.5458557713362214,0.29697810141258196
0.6,0.19306977659210686,0.5216449817933035,0.2852852416145897
0.62,0.22897342593301706,0.49743419225038554,0.27359238181659745
0.64,0.2648770752739273,0.47322340270746754,0.2618995220186052
0.66,0.30078072461483746,0.4490126131645496,0.250206662220613
0.68,0.3366843739557477,0.42480182362163166,0.2385138024226207
0.7000000000000001,0.37258802329665786,0.40059103407871366,0.22682094262462849
0.72,0.4084916726375681,0.37638024453579566,0.21512808282663626
0.74,0.4443953219784783,0.3521694549928777,0.203435223028644
0.76,0.4802989713193885,0.3279586654499598,0.19174236323065175
0.78,0.5162026206602988,0.3037478759070418,0.18004950343265952
0.8,0.5521062700012089,0.27953708636412383,0.16835664363466726
0.8200000000000001,0.5521062700012089,0.27953708636412383,0.16835664363466726
0.84,0.5521062700012089,0.27953708636412383,0.16835664363466726
0.86,0.5521062700012089,0.27953708636412383,0.16835664363466726
0.88,0.5521062700012089,0.27953708636412383,0.16835664363466726
0.9,0.5521062700012089,0.27953708636412383,0.16835664363466726
0.92,0.5521062700012089,0.27953708636412383,0.16835664363466726
0.9400000000000001,0.5521062700012089,0.27953708636412383,0.16835664363466726
0.96,0.5521062700012089,0.27953708636412383,0.16835664363466726
0.98,0.5521062700012089,0.27953708636412383,0.16835664363466726
1.0,0.5521062700012089,0.27953708636412383,0.16835664363466726
