fraction_of_volc,OH,H2O2,TMI
0.0,0.17172497786531113,0.5773735129747231,0.25090150915996584
0.02,0.17172497786531113,0.5773735129747231,0.25090150915996584
0.04,0.17172497786531113,0.5773735129747231,0.25090150915996584
0.06,0.17172497786531113,0.5773735129747231,0.25090150915996584
0.08,0.17172497786531113,0.5773735129747231,0.25090150915996584
0.1,0.17172497786531113,0.5773735129747231,0.25090150915996584
0.12,0.17172497786531113,0.5773735129747231,0.25090150915996584
0.14,0.17172497786531113,0.5773735129747231,0.25090150915996584
0.16,0.17172497786531113,0.5773735129747231,0.25090150915996584
0.18,0.17172497786531113,0.5773735129747231,0.25090150915996584
0.2,0.17172497786531113,0.5773735129747231,0.25090150915996584
0.22,0.17172497786531113,0.5773735129747231,0.25090150915996584
0.24,0.17172497786531113,0.5773735129747231,0.25090150915996584
0.26,0.17172497786531113,0.5773735129747231,0.25090150915996584
0.28,0.17172497786531113,0.5773735129747231,0.25090150915996584
0.3,0.17172497786531113,0.5773735129747231,0.25090150915996584
0.32,0.17172497786531113,0.5773735129747231,0.25090150915996584
0.34,0.17172497786531113,0.5773735129747231,0.25090150915996584
0.36,0.17172497786531113,0.5773735129747231,0.25090150915996584
0.38,0.17172497786531113,0.5773735129747231,0.25090150915996584
0.4,0.17172497786531113,0.5773735129747231,0.25090150915996584
0.42,0.17172497786531113,0.5773735129747231,0.25090150915996584
0.44,0.17172497786531113,0.5773735129747231,0.25090150915996584
0.46,0.17172497786531113,0.5773735129747231,0.25090150915996584
0.48,0.17172497786531113,0.5773735129747231,0.25090150915996584
0.5,0.17172497786531113,0.5773735129747231,0.25090150915996584
0.52,0.17172497786531113,0.5773735129747231,0.25090150915996584
0.54,0.17172497786531113,0.5773735129747231,0.25090150915996584
0.56,0.17172497786531113,0.5773735129747231,0.25090150915996584
0.58,0.17172497786531113,0.5773735129747231,0.25090150915996584
0.6,0.17172497786531113,0.5773735129747231,0.25090150915996584
0.62,0.17172497786531113,0.5773735129747231,0.25090150915996584
0.64,0.17172497786531113,0.5773735129747231,0.25090150915996584
0.66,0.17172497786531113,0.5773735129747231,0.25090150915996584
0.68,0.17172497786531113,0.5773735129747231,0.25090150915996584
0.7000000000000001,0.17172497786531113,0.5773735129747231,0.25090150915996584
0.72,0.17172497786531113,0.5773735129747231,0.25090150915996584
0.74,0.17172497786531113,0.5773735129747231,0.25090150915996584
0.76,0.22972935543890263,0.5189145639298642,0.25135608063123316
0.78,0.2877337330124941,0.46045561488500536,0.25181065210250053
0.8,0.3457381105860856,0.4019966658401465,0.25226522357376785
0.8200000000000001,0.4037424881596771,0.34353771679528766,0.2527197950450352
0.84,0.4617468657332686,0.28507876775042884,0.25317436651630254
0.86,0.5197512433068601,0.22661981870556996,0.2536289379875699
0.88,0.5777556208804516,0.1681608696607111,0.25408350945883723
0.9,0.6357599984540431,0.10970192061585227,0.2545380809301046
0.92,0.6937643760276346,0.051242971570993494,0.2549926524013719
0.9400000000000001,0.6937643760276346,0.051242971570993494,0.2549926524013719
0.96,0.6937643760276346,0.051242971570993494,0.2549926524013719
0.98,0.6937643760276346,0.051242971570993494,0.2549926524013719
1.0,0.6937643760276346,0.051242971570993494,0.2549926524013719
