fraction_of_volc,OH,H2O2,TMI
0.0,0.451516499094781,0.1691546660074957,0.3793288348977235
0.02,0.451516499094781,0.1691546660074957,0.3793288348977235
0.04,0.451516499094781,0.1691546660074957,0.3793288348977235
0.06,0.451516499094781,0.1691546660074957,0.3793288348977235
0.08,0.451516499094781,0.1691546660074957,0.3793288348977235
0.1,0.451516499094781,0.1691546660074957,0.3793288348977235
0.12,0.451516499094781,0.1691546660074957,0.3793288348977235
0.14,0.451516499094781,0.1691546660074957,0.3793288348977235
0.16,0.451516499094781,0.1691546660074957,0.3793288348977235
0.18,0.451516499094781,0.1691546660074957,0.3793288348977235
0.2,0.451516499094781,0.1691546660074957,0.3793288348977235
0.22,0.451516499094781,0.1691546660074957,0.3793288348977235
0.24,0.451516499094781,0.1691546660074957,0.3793288348977235
0.26,0.451516499094781,0.1691546660074957,0.3793288348977235
0.28,0.451516499094781,0.1691546660074957,0.3793288348977235
0.3,0.451516499094781,0.1691546660074957,0.3793288348977235
0.32,0.451516499094781,0.1691546660074957,0.3793288348977235
0.34,0.451516499094781,0.1691546660074957,0.3793288348977235
0.36,0.451516499094781,0.1691546660074957,0.3793288348977235
0.38,0.451516499094781,0.1691546660074957,0.3793288348977235
0.4,0.451516499094781,0.1691546660074957,0.3793288348977235
0.42,0.451516499094781,0.1691546660074957,0.3793288348977235
0.44,0.451516499094781,0.1691546660074957,0.3793288348977235
0.46,0.451516499094781,0.1691546660074957,0.3793288348977235
0.48,0.451516499094781,0.1691546660074957,0.3793288348977235
0.5,0.426630165753156,0.2005591819292781,0.3728106523175661
0.52,0.40174383241153105,0.23196369785106047,0.3662924697374087
0.54,0.37685749906990607,0.26336821377284286,0.35977428715725124
0.56,0.3519711657282811,0.29477272969462526,0.35325610457709383
0.58,0.3270848323866561,0.32617724561640765,0.3467379219969364
0.6,0.30219849904503115,0.35758176153819,0.340219739416779
0.62,0.27731216570340617,0.3889862774599724,0.33370155683662156
0.64,0.2524258323617812,0.4203907933817548,0.32718337425646415
0.66,0.22753949902015624,0.4517953093035372,0.32066519167630675
0.68,0.20265316567853126,0.48319982522531957,0.31414700909614934
0.7000000000000001,0.17776683233690627,0.514604341147102,0.3076288265159919
0.72,0.15288049899528133,0.5460088570688844,0.3011106439358345
0.74,0.12799416565365634,0.5774133729906668,0.29459246135567707
0.76,0.10310783231203136,0.6088178889124491,0.28807427877551967
0.78,0.07822149897040642,0.6402224048342315,0.28155609619536226
0.8,0.053335165628781434,0.6716269207560139,0.2750379136152048
0.8200000000000001,0.028448832287156427,0.7030314366777963,0.2685197310350474
0.84,0.028448832287156427,0.7030314366777963,0.2685197310350474
0.86,0.028448832287156427,0.7030314366777963,0.2685197310350474
0.88,0.028448832287156427,0.7030314366777963,0.2685197310350474
0.9,0.028448832287156427,0.7030314366777963,0.2685197310350474
0.92,0.028448832287156427,0.7030314366777963,0.2685197310350474
0.9400000000000001,0.028448832287156427,0.7030314366777963,0.2685197310350474
0.96,0.028448832287156427,0.7030314366777963,0.2685197310350474
0.98,0.028448832287156427,0.7030314366777963,0.2685197310350474
1.0,0.028448832287156427,0.7030314366777963,0.2685197310350474
