fraction_of_volc,OH,H2O2,TMI
0.0,0.6824248045996723,0.23670562337472248,0.08086957202560523
0.02,0.6824248045996723,0.23670562337472248,0.08086957202560523
0.04,0.6824248045996723,0.23670562337472248,0.08086957202560523
0.06,0.6824248045996723,0.23670562337472248,0.08086957202560523
0.08,0.6824248045996723,0.23670562337472248,0.08086957202560523
0.1,0.6824248045996723,0.23670562337472248,0.08086957202560523
0.12,0.6732480162982967,0.22115960619377384,0.10559237750792946
0.14,0.6640712279969211,0.2056135890128252,0.1303151829902537
0.16,0.6548944396955455,0.19006757183187656,0.15503798847257794
0.18,0.6457176513941699,0.17452155465092792,0.17976079395490216
0.2,0.6365408630927943,0.15897553746997928,0.20448359943722638
0.22,0.6273640747914186,0.14342952028903067,0.22920640491955063
0.24,0.6181872864900431,0.127883503108082,0.2539292104018749
0.26,0.6090104981886675,0.11233748592713337,0.2786520158841991
0.28,0.5998337098872919,0.09679146874618474,0.30337482136652333
0.3,0.5906569215859163,0.0812454515652361,0.3280976268488476
0.32,0.5814801332845407,0.06569943438428746,0.35282043233117183
0.34,0.5723033449831652,0.050153417203338824,0.377543237813496
0.36,0.5723033449831652,0.050153417203338824,0.377543237813496
0.38,0.5723033449831652,0.050153417203338824,0.377543237813496
0.4,0.5723033449831652,0.050153417203338824,0.377543237813496
0.42,0.5723033449831652,0.050153417203338824,0.377543237813496
0.44,0.5723033449831652,0.050153417203338824,0.377543237813496
0.46,0.5723033449831652,0.050153417203338824,0.377543237813496
0.48,0.5723033449831652,0.050153417203338824,0.377543237813496
0.5,0.5723033449831652,0.050153417203338824,0.377543237813496
0.52,0.5723033449831652,0.050153417203338824,0.377543237813496
0.54,0.5723033449831652,0.050153417203338824,0.377543237813496
0.56,0.5723033449831652,0.050153417203338824,0.377543237813496
0.58,0.5723033449831652,0.050153417203338824,0.377543237813496
0.6,0.5723033449831652,0.050153417203338824,0.377543237813496
0.62,0.5723033449831652,0.050153417203338824,0.377543237813496
0.64,0.5723033449831652,0.050153417203338824,0.377543237813496
0.66,0.5723033449831652,0.050153417203338824,0.377543237813496
0.68,0.5723033449831652,0.050153417203338824,0.377543237813496
0.7000000000000001,0.5723033449831652,0.050153417203338824,0.377543237813496
0.72,0.5723033449831652,0.050153417203338824,0.377543237813496
0.74,0.5723033449831652,0.050153417203338824,0.377543237813496
0.76,0.5723033449831652,0.050153417203338824,0.377543237813496
0.78,0.5723033449831652,0.050153417203338824,0.377543237813496
0.8,0.5723033449831652,0.050153417203338824,0.377543237813496
0.8200000000000001,0.5723033449831652,0.050153417203338824,0.377543237813496
0.84,0.5723033449831652,0.050153417203338824,0.377543237813496
0.86,0.5723033449831652,0.050153417203338824,0.377543237813496
0.88,0.5723033449831652,0.050153417203338824,0.377543237813496
0.9,0.5723033449831652,0.050153417203338824,0.377543237813496
0.92,0.5723033449831652,0.050153417203338824,0.377543237813496
0.9400000000000001,0.5723033449831652,0.050153417203338824,0.377543237813496
0.96,0.5723033449831652,0.050153417203338824,0.377543237813496
0.98,0.5723033449831652,0.050153417203338824,0.377543237813496
1.0,0.5723033449831652,0.050153417203338824,0.377543237813496
