fraction_of_volc,OH,H2O2,TMI
0.0,0.7664471579532499,0.18229992543914977,0.051252916607600174
0.02,0.7664471579532499,0.18229992543914977,0.051252916607600174
0.04,0.7664471579532499,0.18229992543914977,0.051252916607600174
0.06,0.7664471579532499,0.18229992543914977,0.051252916607600174
0.08,0.7664471579532499,0.18229992543914977,0.051252916607600174
0.1,0.7664471579532499,0.18229992543914977,0.051252916607600174
0.12,0.7664471579532499,0.18229992543914977,0.051252916607600174
0.14,0.7664471579532499,0.18229992543914977,0.051252916607600174
0.16,0.7664471579532499,0.18229992543914977,0.051252916607600174
0.18,0.7664471579532499,0.18229992543914977,0.051252916607600174
0.2,0.7664471579532499,0.18229992543914977,0.051252916607600174
0.22,0.7664471579532499,0.18229992543914977,0.051252916607600174
0.24,0.7664471579532499,0.18229992543914977,0.051252916607600174
0.26,0.7664471579532499,0.18229992543914977,0.051252916607600174
0.28,0.7664471579532499,0.18229992543914977,0.051252916607600174
0.3,0.7664471579532499,0.18229992543914977,0.051252916607600174
0.32,0.7664471579532499,0.18229992543914977,0.051252916607600174
0.34,0.7664471579532499,0.18229992543914977,0.051252916607600174
0.36,0.7664471579532499,0.18229992543914977,0.051252916607600174
0.38,0.7664471579532499,0.18229992543914977,0.051252916607600174
0.4,0.7664471579532499,0.18229992543914977,0.051252916607600174
0.42,0.7664471579532499,0.18229992543914977,0.051252916607600174
0.44,0.7664471579532499,0.18229992543914977,0.051252916607600174
0.46,0.7664471579532499,0.18229992543914977,0.051252916607600174
0.48,0.7664471579532499,0.18229992543914977,0.051252916607600174
0.5,0.7664471579532499,0.18229992543914977,0.051252916607600174
0.52,0.7664471579532499,0.18229992543914977,0.051252916607600174
0.54,0.7664471579532499,0.18229992543914977,0.051252916607600174
0.56,0.739380708950155,0.20631510259343835,0.05430418845640651
0.58,0.7123142599470601,0.23033027974772693,0.05735546030521286
0.6,0.6852478109439651,0.2543454569020155,0.0604067321540192
0.62,0.6581813619408703,0.27836063405630407,0.06345800400282554
0.64,0.6311149129377753,0.30237581121059265,0.06650927585163188
0.66,0.6040484639346805,0.32639098836488123,0.06956054770043822
0.68,0.5769820149315855,0.3504061655191698,0.07261181954924456
0.7000000000000001,0.5499155659284907,0.3744213426734584,0.07566309139805091
0.72,0.5228491169253957,0.39843651982774697,0.07871436324685725
0.74,0.4957826679223008,0.42245169698203555,0.08176563509566359
0.76,0.4687162189192059,0.44646687413632413,0.08481690694446993
0.78,0.441649769916111,0.4704820512906127,0.08786817879327627
0.8,0.4145833209130161,0.4944972284449013,0.09091945064208262
0.8200000000000001,0.3875168719099212,0.5185124055991899,0.09397072249088895
0.84,0.3604504229068263,0.5425275827534785,0.0970219943396953
0.86,0.33338397390373137,0.566542759907767,0.10007326618850164
0.88,0.30631752490063646,0.5905579370620556,0.10312453803730798
0.9,0.27925107589754156,0.6145731142163442,0.10617580988611433
0.92,0.25218462689444665,0.6385882913706328,0.10922708173492066
0.9400000000000001,0.2251181778913517,0.6626034685249214,0.11227835358372701
0.96,0.19805172888825684,0.6866186456792098,0.11532962543253335
0.98,0.17098527988516193,0.7106338228334984,0.11838089728133969
1.0,0.17098527988516193,0.7106338228334984,0.11838089728133969
