fraction_of_volc,OH,H2O2,TMI
0.0,0.3604846663019704,0.3381852998779688,0.30133003382006074
0.02,0.3604846663019704,0.3381852998779688,0.30133003382006074
0.04,0.3604846663019704,0.3381852998779688,0.30133003382006074
0.06,0.3604846663019704,0.3381852998779688,0.30133003382006074
0.08,0.3604846663019704,0.3381852998779688,0.30133003382006074
0.1,0.3604846663019704,0.3381852998779688,0.30133003382006074
0.12,0.3604846663019704,0.3381852998779688,0.30133003382006074
0.14,0.3604846663019704,0.3381852998779688,0.30133003382006074
0.16,0.3604846663019704,0.3381852998779688,0.30133003382006074
0.18,0.3604846663019704,0.3381852998779688,0.30133003382006074
0.2,0.3604846663019704,0.3381852998779688,0.30133003382006074
0.22,0.3604846663019704,0.3381852998779688,0.30133003382006074
0.24,0.3604846663019704,0.3381852998779688,0.30133003382006074
0.26,0.3604846663019704,0.3381852998779688,0.30133003382006074
0.28,0.3604846663019704,0.3381852998779688,0.30133003382006074
0.3,0.3604846663019704,0.3381852998779688,0.30133003382006074
0.32,0.3604846663019704,0.3381852998779688,0.30133003382006074
0.34,0.3604846663019704,0.3381852998779688,0.30133003382006074
0.36,0.3604846663019704,0.3381852998779688,0.30133003382006074
0.38,0.3604846663019704,0.3381852998779688,0.30133003382006074
0.4,0.3604846663019704,0.3381852998779688,0.30133003382006074
0.42,0.3604846663019704,0.3381852998779688,0.30133003382006074
0.44,0.3604846663019704,0.3381852998779688,0.30133003382006074
0.46,0.3604846663019704,0.3381852998779688,0.30133003382006074
0.48,0.3604846663019704,0.3381852998779688,0.30133003382006074
0.5,0.3604846663019704,0.3381852998779688,0.30133003382006074
0.52,0.3604846663019704,0.3381852998779688,0.30133003382006074
0.54,0.3604846663019704,0.3381852998779688,0.30133003382006074
0.56,0.3604846663019704,0.3381852998779688,0.30133003382006074
0.58,0.3604846663019704,0.3381852998779688,0.30133003382006074
0.6,0.3604846663019704,0.3381852998779688,0.30133003382006074
0.62,0.3604846663019704,0.3381852998779688,0.30133003382006074
0.64,0.3604846663019704,0.3381852998779688,0.30133003382006074
0.66,0.3437301139316255,0.3519714441021792,0.3042984419661953
0.68,0.32697556156128055,0.36575758832638955,0.30726685011232985
0.7000000000000001,0.31022100919093565,0.3795437325505999,0.31023525825846443
0.72,0.29346645682059075,0.39332987677481024,0.313203666404599
0.74,0.27671190445024585,0.4071160209990206,0.3161720745507336
0.76,0.2599573520799009,0.420902165223231,0.3191404826968681
0.78,0.243202799709556,0.43468830944744136,0.3221088908430027
0.8,0.22644824733921107,0.44847445367165173,0.3250772989891373
0.8200000000000001,0.20969369496886614,0.46226059789586205,0.32804570713527187
0.84,0.19293914259852124,0.4760467421200724,0.3310141152814064
0.86,0.1761845902281763,0.4898328863442828,0.333982523427541
0.88,0.1761845902281763,0.4898328863442828,0.333982523427541
0.9,0.1761845902281763,0.4898328863442828,0.333982523427541
0.92,0.1761845902281763,0.4898328863442828,0.333982523427541
0.9400000000000001,0.1761845902281763,0.4898328863442828,0.333982523427541
0.96,0.1761845902281763,0.4898328863442828,0.333982523427541
0.98,0.1761845902281763,0.4898328863442828,0.333982523427541
1.0,0.1761845902281763,0.4898328863442828,0.333982523427541
