fraction_of_volc,OH,H2O2,TMI
0.0,0.2603685112370493,0.3789437779282804,0.3606877108346703
0.02,0.2603685112370493,0.3789437779282804,0.3606877108346703
0.04,0.2603685112370493,0.3789437779282804,0.3606877108346703
0.06,0.2603685112370493,0.3789437779282804,0.3606877108346703
0.08,0.2603685112370493,0.3789437779282804,0.3606877108346703
0.1,0.2603685112370493,0.3789437779282804,0.3606877108346703
0.12,0.2603685112370493,0.3789437779282804,0.3606877108346703
0.14,0.2603685112370493,0.3789437779282804,0.3606877108346703
0.16,0.2603685112370493,0.3789437779282804,0.3606877108346703
0.18,0.2603685112370493,0.3789437779282804,0.3606877108346703
0.2,0.2603685112370493,0.3789437779282804,0.3606877108346703
0.22,0.2603685112370493,0.3789437779282804,0.3606877108346703
0.24,0.27053316452920373,0.37748854172601753,0.35197829374477874
0.26,0.2806978178213581,0.3760333055237547,0.3432688766548872
0.28,0.29086247111351254,0.3745780693214918,0.3345594595649956
0.3,0.301027124405667,0.37312283311922895,0.3258500424751041
0.32,0.3111917776978214,0.3716675969169661,0.3171406253852125
0.34,0.3213564309899758,0.37021236071470326,0.30843120829532095
0.36,0.33152108428213023,0.3687571245124404,0.29972179120542936
0.38,0.34168573757428466,0.3673018883101775,0.2910123741155378
0.4,0.3518503908664391,0.36584665210791467,0.28230295702564623
0.42,0.3620150441585935,0.3643914159056518,0.27359353993575464
0.44,0.3721796974507479,0.362936179703389,0.2648841228458631
0.46,0.3823443507429023,0.36148094350112614,0.2561747057559715
0.48,0.39250900403505673,0.36002570729886324,0.24746528866607997
0.5,0.40267365732721117,0.3585704710966004,0.23875587157618838
0.52,0.4128383106193656,0.35711523489433755,0.23004645448629682
0.54,0.42300296391152004,0.3556599986920747,0.22133703739640526
0.56,0.4331676172036744,0.3542047624898118,0.2126276203065137
0.58,0.44333227049582885,0.35274952628754896,0.20391820321662213
0.6,0.45349692378798323,0.3512942900852861,0.19520878612673057
0.62,0.46366157708013767,0.3498390538830233,0.186499369036839
0.64,0.4738262303722921,0.34838381768076043,0.1777899519469474
0.66,0.48399088366444654,0.3469285814784976,0.16908053485705585
0.68,0.49415553695660097,0.3454733452762347,0.16037111776716428
0.7000000000000001,0.5043201902487553,0.34401810907397185,0.15166170067727272
0.72,0.5144848435409097,0.342562872871709,0.14295228358738116
0.74,0.5246494968330642,0.34110763666944616,0.1342428664974896
0.76,0.5348141501252186,0.33965240046718326,0.12553344940759803
0.78,0.544978803417373,0.3381971642649204,0.11682403231770644
0.8,0.5551434567095275,0.33674192806265757,0.10811461522781489
0.8200000000000001,0.5551434567095275,0.33674192806265757,0.10811461522781489
0.84,0.5551434567095275,0.33674192806265757,0.10811461522781489
0.86,0.5551434567095275,0.33674192806265757,0.10811461522781489
0.88,0.5551434567095275,0.33674192806265757,0.10811461522781489
0.9,0.5551434567095275,0.33674192806265757,0.10811461522781489
0.92,0.5551434567095275,0.33674192806265757,0.10811461522781489
0.9400000000000001,0.5551434567095275,0.33674192806265757,0.10811461522781489
0.96,0.5551434567095275,0.33674192806265757,0.10811461522781489
0.98,0.5551434567095275,0.33674192806265757,0.10811461522781489
1.0,0.5551434567095275,0.33674192806265757,0.10811461522781489
