fraction_of_volc,OH,H2O2,TMI
0.0,0.3947768384307937,0.1281930313798076,0.47703013018939855
0.02,0.3947768384307937,0.1281930313798076,0.47703013018939855
0.04,0.3947768384307937,0.1281930313798076,0.47703013018939855
0.06,0.3947768384307937,0.1281930313798076,0.47703013018939855
0.08,0.3947768384307937,0.1281930313798076,0.47703013018939855
0.1,0.3947768384307937,0.1281930313798076,0.47703013018939855
0.12,0.3947768384307937,0.1281930313798076,0.47703013018939855
0.14,0.3947768384307937,0.1281930313798076,0.47703013018939855
0.16,0.3947768384307937,0.1281930313798076,0.47703013018939855
0.18,0.3947768384307937,0.1281930313798076,0.47703013018939855
0.2,0.3947768384307937,0.1281930313798076,0.47703013018939855
0.22,0.4036852943291365,0.1229772807833312,0.47333742488753217
0.24,0.4125937502274793,0.11776153018685481,0.4696447195856657
0.26,0.4215022061258221,0.11254577959037841,0.46595201428379934
0.28,0.4304106620241649,0.10733002899390202,0.4622593089819329
0.3,0.4393191179225077,0.10211427839742564,0.4585666036800665
0.32,0.44822757382085054,0.09689852780094924,0.45487389837820014
0.34,0.4571360297191933,0.09168277720447285,0.4511811930763337
0.36,0.46604448561753614,0.08646702660799646,0.4474884877744673
0.38,0.4749529415158789,0.08125127601152007,0.4437957824726009
0.4,0.48386139741422174,0.07603552541504369,0.4401030771707345
0.42,0.4927698533125645,0.07081977481856729,0.4364103718688681
0.44,0.5016783092109074,0.0656040242220909,0.43271766656700167
0.46,0.5105867651092502,0.06038827362561451,0.4290249612651353
0.48,0.5194952210075929,0.05517252302913811,0.42533225596326885
0.5,0.5284036769059357,0.04995677243266172,0.42163955066140246
0.52,0.5373121328042786,0.044741021836185335,0.417946845359536
0.54,0.5462205887026214,0.039525271239708955,0.41425414005766964
0.56,0.5462205887026214,0.039525271239708955,0.41425414005766964
0.58,0.5462205887026214,0.039525271239708955,0.41425414005766964
0.6,0.5462205887026214,0.039525271239708955,0.41425414005766964
0.62,0.5462205887026214,0.039525271239708955,0.41425414005766964
0.64,0.5462205887026214,0.039525271239708955,0.41425414005766964
0.66,0.5462205887026214,0.039525271239708955,0.41425414005766964
0.68,0.5462205887026214,0.039525271239708955,0.41425414005766964
0.7000000000000001,0.5462205887026214,0.039525271239708955,0.41425414005766964
0.72,0.5462205887026214,0.039525271239708955,0.41425414005766964
0.74,0.5462205887026214,0.039525271239708955,0.41425414005766964
0.76,0.5462205887026214,0.039525271239708955,0.41425414005766964
0.78,0.5462205887026214,0.039525271239708955,0.41425414005766964
0.8,0.5462205887026214,0.039525271239708955,0.41425414005766964
0.8200000000000001,0.5462205887026214,0.039525271239708955,0.41425414005766964
0.84,0.5462205887026214,0.039525271239708955,0.41425414005766964
0.86,0.5462205887026214,0.039525271239708955,0.41425414005766964
0.88,0.5462205887026214,0.039525271239708955,0.41425414005766964
0.9,0.5462205887026214,0.039525271239708955,0.41425414005766964
0.92,0.5462205887026214,0.039525271239708955,0.41425414005766964
0.9400000000000001,0.5462205887026214,0.039525271239708955,0.41425414005766964
0.96,0.5462205887026214,0.039525271239708955,0.41425414005766964
0.98,0.5462205887026214,0.039525271239708955,0.41425414005766964
1.0,0.5462205887026214,0.039525271239708955,0.41425414005766964
