fraction_of_volc,OH,H2O2,TMI
0.0,0.2518183239405292,0.5018003390050336,0.2463813370544373
0.02,0.2518183239405292,0.5018003390050336,0.2463813370544373
0.04,0.2518183239405292,0.5018003390050336,0.2463813370544373
0.06,0.2518183239405292,0.5018003390050336,0.2463813370544373
0.08,0.2518183239405292,0.5018003390050336,0.2463813370544373
0.1,0.2518183239405292,0.5018003390050336,0.2463813370544373
0.12,0.2518183239405292,0.5018003390050336,0.2463813370544373
0.14,0.2518183239405292,0.5018003390050336,0.2463813370544373
0.16,0.2518183239405292,0.5018003390050336,0.2463813370544373
0.18,0.2518183239405292,0.5018003390050336,0.2463813370544373
0.2,0.2518183239405292,0.5018003390050336,0.2463813370544373
0.22,0.2518183239405292,0.5018003390050336,0.2463813370544373
0.24,0.2518183239405292,0.5018003390050336,0.2463813370544373
0.26,0.2518183239405292,0.5018003390050336,0.2463813370544373
0.28,0.2518183239405292,0.5018003390050336,0.2463813370544373
0.3,0.2518183239405292,0.5018003390050336,0.2463813370544373
0.32,0.2518183239405292,0.5018003390050336,0.2463813370544373
0.34,0.2518183239405292,0.5018003390050336,0.2463813370544373
0.36,0.2518183239405292,0.5018003390050336,0.2463813370544373
0.38,0.2518183239405292,0.5018003390050336,0.2463813370544373
0.4,0.2518183239405292,0.5018003390050336,0.2463813370544373
0.42,0.2628354599445785,0.49720122861575633,0.23996331143966532
0.44,0.2738525959486278,0.492602118226479,0.23354528582489334
0.46,0.2848697319526771,0.4880030078372017,0.22712726021012136
0.48,0.29588686795672636,0.48340389744792434,0.22070923459534939
0.5,0.30690400396077566,0.47880478705864704,0.2142912089805774
0.52,0.31792113996482496,0.4742056766693697,0.20787318336580546
0.54,0.32893827596887426,0.4696065662800924,0.20145515775103348
0.56,0.33995541197292356,0.46500745589081505,0.1950371321362615
0.58,0.35097254797697286,0.46040834550153775,0.18861910652148953
0.6,0.36198968398102216,0.45580923511226046,0.18220108090671755
0.62,0.37300681998507146,0.4512101247229831,0.17578305529194557
0.64,0.38402395598912076,0.44661101433370576,0.1693650296771736
0.66,0.39504109199317006,0.44201190394442846,0.16294700406240162
0.68,0.4060582279972193,0.43741279355515117,0.15652897844762964
0.7000000000000001,0.4170753640012686,0.4328136831658738,0.1501109528328577
0.72,0.4280925000053179,0.4282145727765965,0.1436929272180857
0.74,0.4391096360093672,0.4236154623873192,0.13727490160331374
0.76,0.4501267720134165,0.4190163519980419,0.13085687598854173
0.78,0.46114390801746574,0.4144172416087646,0.12443885037376978
0.8,0.47216104402151504,0.40981813121948724,0.1180208247589978
0.8200000000000001,0.48317818002556434,0.4052190208302099,0.11160279914422583
0.84,0.49419531602961364,0.4006199104409326,0.10518477352945386
0.86,0.49419531602961364,0.4006199104409326,0.10518477352945386
0.88,0.49419531602961364,0.4006199104409326,0.10518477352945386
0.9,0.49419531602961364,0.4006199104409326,0.10518477352945386
0.92,0.49419531602961364,0.4006199104409326,0.10518477352945386
0.9400000000000001,0.49419531602961364,0.4006199104409326,0.10518477352945386
0.96,0.49419531602961364,0.4006199104409326,0.10518477352945386
0.98,0.49419531602961364,0.4006199104409326,0.10518477352945386
1.0,0.49419531602961364,0.4006199104409326,0.10518477352945386
