fraction_of_volc,OH,H2O2,TMI
0.0,0.17744937600229024,0.16723130405649883,0.655319319941211
0.02,0.17744937600229024,0.16723130405649883,0.655319319941211
0.04,0.17744937600229024,0.16723130405649883,0.655319319941211
0.06,0.17744937600229024,0.16723130405649883,0.655319319941211
0.08,0.17744937600229024,0.16723130405649883,0.655319319941211
0.1,0.17744937600229024,0.16723130405649883,0.655319319941211
0.12,0.17744937600229024,0.16723130405649883,0.655319319941211
0.14,0.17744937600229024,0.16723130405649883,0.655319319941211
0.16,0.17744937600229024,0.16723130405649883,0.655319319941211
0.18,0.17744937600229024,0.16723130405649883,0.655319319941211
0.2,0.17744937600229024,0.16723130405649883,0.655319319941211
0.22,0.17744937600229024,0.16723130405649883,0.655319319941211
0.24,0.17744937600229024,0.16723130405649883,0.655319319941211
0.26,0.17744937600229024,0.16723130405649883,0.655319319941211
0.28,0.17744937600229024,0.16723130405649883,0.655319319941211
0.3,0.17744937600229024,0.16723130405649883,0.655319319941211
0.32,0.17744937600229024,0.16723130405649883,0.655319319941211
0.34,0.18291023945804197,0.1676577454142635,0.6494320151276946
0.36,0.18837110291379372,0.1680841867720282,0.6435447103141781
0.38,0.19383196636954544,0.16851062812979287,0.6376574055006617
0.4,0.1992928298252972,0.16893706948755755,0.6317701006871453
0.42,0.20475369328104892,0.16936351084532222,0.6258827958736288
0.44,0.21021455673680067,0.1697899522030869,0.6199954910601124
0.46,0.2156754201925524,0.17021639356085158,0.614108186246596
0.48,0.22113628364830415,0.17064283491861623,0.6082208814330796
0.5,0.22659714710405587,0.1710692762763809,0.6023335766195632
0.52,0.23205801055980763,0.1714957176341456,0.5964462718060468
0.54,0.23751887401555935,0.17192215899191027,0.5905589669925304
0.56,0.24297973747131107,0.17234860034967495,0.584671662179014
0.58,0.24844060092706283,0.17277504170743962,0.5787843573654976
0.6,0.2539014643828146,0.1732014830652043,0.5728970525519812
0.62,0.2593623278385663,0.17362792442296898,0.5670097477384648
0.64,0.264823191294318,0.17405436578073366,0.5611224429249483
0.66,0.2702840547500698,0.17448080713849834,0.5552351381114319
0.68,0.27574491820582153,0.17490724849626302,0.5493478332979155
0.7000000000000001,0.2812057816615733,0.1753336898540277,0.5434605284843991
0.72,0.286666645117325,0.17576013121179238,0.5375732236708827
0.74,0.29212750857307673,0.17618657256955705,0.5316859188573663
0.76,0.2975883720288285,0.1766130139273217,0.5257986140438499
0.78,0.3030492354845802,0.17703945528508638,0.5199113092303335
0.8,0.30851009894033193,0.17746589664285106,0.514024004416817
0.8200000000000001,0.3139709623960837,0.17789233800061574,0.5081366996033005
0.84,0.3194318258518354,0.17831877935838042,0.5022493947897841
0.86,0.3248926893075872,0.1787452207161451,0.49636208997626774
0.88,0.3303535527633389,0.17917166207390978,0.49047478516275134
0.9,0.33581441621909064,0.17959810343167446,0.48458748034923493
0.92,0.33581441621909064,0.17959810343167446,0.48458748034923493
0.9400000000000001,0.33581441621909064,0.17959810343167446,0.48458748034923493
0.96,0.33581441621909064,0.17959810343167446,0.48458748034923493
0.98,0.33581441621909064,0.17959810343167446,0.48458748034923493
1.0,0.33581441621909064,0.17959810343167446,0.48458748034923493
