fraction_of_volc,OH,H2O2,TMI
0.0,0.17963531746263084,0.6299776536301838,0.19038702890718534
0.02,0.17963531746263084,0.6299776536301838,0.19038702890718534
0.04,0.17749911458975595,0.6370022591150108,0.18549862629523317
0.06,0.17536291171688104,0.6440268645998379,0.18061022368328097
0.08,0.17322670884400615,0.651051470084665,0.1757218210713288
0.1,0.17109050597113123,0.6580760755694921,0.17083341845937663
0.12,0.16895430309825635,0.6651006810543192,0.16594501584742444
0.14,0.16681810022538146,0.6721252865391463,0.16105661323547227
0.16,0.16468189735250655,0.6791498920239732,0.1561682106235201
0.18,0.16254569447963166,0.6861744975088003,0.1512798080115679
0.2,0.16040949160675677,0.6931991029936274,0.14639140539961573
0.22,0.15827328873388186,0.7002237084784545,0.14150300278766353
0.24,0.15613708586100697,0.7072483139632816,0.13661460017571136
0.26,0.15400088298813208,0.7142729194481087,0.1317261975637592
0.28,0.15186468011525717,0.7212975249329358,0.12683779495180703
0.3,0.14972847724238228,0.7283221304177628,0.12194939233985483
0.32,0.1475922743695074,0.7353467359025899,0.11706098972790266
0.34,0.14545607149663248,0.742371341387417,0.11217258711595048
0.36,0.14331986862375756,0.749395946872244,0.10728418450399829
0.38,0.14118366575088268,0.7564205523570711,0.10239578189204612
0.4,0.1390474628780078,0.7634451578418981,0.09750737928009394
0.42,0.13691126000513287,0.7704697633267252,0.09261897666814176
0.44,0.13477505713225799,0.7774943688115523,0.08773057405618959
0.46,0.1326388542593831,0.7845189742963794,0.0828421714442374
0.48,0.13050265138650818,0.7915435797812065,0.07795376883228522
0.5,0.1283664485136333,0.7985681852660336,0.07306536622033305
0.52,0.1262302456407584,0.8055927907508607,0.06817696360838087
0.54,0.1240940427678835,0.8126173962356877,0.06328856099642868
0.56,0.12195783989500861,0.8196420017205148,0.058400158384476514
0.58,0.1198216370221337,0.8266666072053419,0.053511755772524316
0.6,0.1176854341492588,0.833691212690169,0.04862335316057215
0.62,0.11554923127638392,0.8407158181749961,0.04373495054861998
0.64,0.11341302840350902,0.847740423659823,0.03884654793666778
0.66,0.11127682553063412,0.8547650291446501,0.03395814532471561
0.68,0.10914062265775921,0.8617896346294772,0.02906974271276344
0.7000000000000001,0.10700441978488433,0.8688142401143043,0.024181340100811254
0.72,0.10700441978488433,0.8688142401143043,0.024181340100811254
0.74,0.10700441978488433,0.8688142401143043,0.024181340100811254
0.76,0.10700441978488433,0.8688142401143043,0.024181340100811254
0.78,0.10700441978488433,0.8688142401143043,0.024181340100811254
0.8,0.10700441978488433,0.8688142401143043,0.024181340100811254
0.8200000000000001,0.10700441978488433,0.8688142401143043,0.024181340100811254
0.84,0.10700441978488433,0.8688142401143043,0.024181340100811254
0.86,0.10700441978488433,0.8688142401143043,0.024181340100811254
0.88,0.10700441978488433,0.8688142401143043,0.024181340100811254
0.9,0.10700441978488433,0.8688142401143043,0.024181340100811254
0.92,0.10700441978488433,0.8688142401143043,0.024181340100811254
0.9400000000000001,0.10700441978488433,0.8688142401143043,0.024181340100811254
0.96,0.10700441978488433,0.8688142401143043,0.024181340100811254
0.98,0.10700441978488433,0.8688142401143043,0.024181340100811254
1.0,0.10700441978488433,0.8688142401143043,0.024181340100811254
