fraction_of_volc,OH,H2O2,TMI
0.0,0.038246480727470285,0.5937372159784916,0.3680163032940382
0.02,0.038246480727470285,0.5937372159784916,0.3680163032940382
0.04,0.038246480727470285,0.5937372159784916,0.3680163032940382
0.06,0.038246480727470285,0.5937372159784916,0.3680163032940382
0.08,0.038246480727470285,0.5937372159784916,0.3680163032940382
0.1,0.038246480727470285,0.5937372159784916,0.3680163032940382
0.12,0.038246480727470285,0.5937372159784916,0.3680163032940382
0.14,0.038246480727470285,0.5937372159784916,0.3680163032940382
0.16,0.038246480727470285,0.5937372159784916,0.3680163032940382
0.18,0.038246480727470285,0.5937372159784916,0.3680163032940382
0.2,0.038246480727470285,0.5937372159784916,0.3680163032940382
0.22,0.038246480727470285,0.5937372159784916,0.3680163032940382
0.24,0.038246480727470285,0.5937372159784916,0.3680163032940382
0.26,0.038246480727470285,0.5937372159784916,0.3680163032940382
0.28,0.038246480727470285,0.5937372159784916,0.3680163032940382
0.3,0.038246480727470285,0.5937372159784916,0.3680163032940382
0.32,0.038246480727470285,0.5937372159784916,0.3680163032940382
0.34,0.038246480727470285,0.5937372159784916,0.3680163032940382
0.36,0.038246480727470285,0.5937372159784916,0.3680163032940382
0.38,0.038246480727470285,0.5937372159784916,0.3680163032940382
0.4,0.038246480727470285,0.5937372159784916,0.3680163032940382
0.42,0.038246480727470285,0.5937372159784916,0.3680163032940382
0.44,0.038246480727470285,0.5937372159784916,0.3680163032940382
0.46,0.038246480727470285,0.5937372159784916,0.3680163032940382
0.48,0.038246480727470285,0.5937372159784916,0.3680163032940382
0.5,0.038246480727470285,0.5937372159784916,0.3680163032940382
0.52,0.038246480727470285,0.5937372159784916,0.3680163032940382
0.54,0.038246480727470285,0.5937372159784916,0.3680163032940382
0.56,0.038246480727470285,0.5937372159784916,0.3680163032940382
0.58,0.038246480727470285,0.5937372159784916,0.3680163032940382
0.6,0.038246480727470285,0.5937372159784916,0.3680163032940382
0.62,0.038246480727470285,0.5937372159784916,0.3680163032940382
0.64,0.038246480727470285,0.5937372159784916,0.3680163032940382
0.66,0.038246480727470285,0.5937372159784916,0.3680163032940382
0.68,0.038246480727470285,0.5937372159784916,0.3680163032940382
0.7000000000000001,0.038246480727470285,0.5937372159784916,0.3680163032940382
0.72,0.1636158426140248,0.5147378228877766,0.32164633449819874
0.74,0.2889852045005793,0.43573842979706157,0.27527636570235925
0.76,0.4143545663871338,0.3567390367063466,0.22890639690651973
0.78,0.5397239282736883,0.2777396436156316,0.18253642811068024
0.8,0.6650932901602429,0.19874025052491656,0.13616645931484075
0.8200000000000001,0.7904626520467973,0.1197408574342016,0.08979649051900124
0.84,0.9158320139333518,0.04074146434348652,0.04342652172316176
0.86,0.9158320139333518,0.04074146434348652,0.04342652172316176
0.88,0.9158320139333518,0.04074146434348652,0.04342652172316176
0.9,0.9158320139333518,0.04074146434348652,0.04342652172316176
0.92,0.9158320139333518,0.04074146434348652,0.04342652172316176
0.9400000000000001,0.9158320139333518,0.04074146434348652,0.04342652172316176
0.96,0.9158320139333518,0.04074146434348652,0.04342652172316176
0.98,0.9158320139333518,0.04074146434348652,0.04342652172316176
1.0,0.9158320139333518,0.04074146434348652,0.04342652172316176
