fraction_of_volc,OH,H2O2,TMI
0.0,0.25958846640866795,0.08203064636061422,0.6583808872307179
0.02,0.25958846640866795,0.08203064636061422,0.6583808872307179
0.04,0.25958846640866795,0.08203064636061422,0.6583808872307179
0.06,0.25958846640866795,0.08203064636061422,0.6583808872307179
0.08,0.25958846640866795,0.08203064636061422,0.6583808872307179
0.1,0.25958846640866795,0.08203064636061422,0.6583808872307179
0.12,0.25958846640866795,0.08203064636061422,0.6583808872307179
0.14,0.25958846640866795,0.08203064636061422,0.6583808872307179
0.16,0.25958846640866795,0.08203064636061422,0.6583808872307179
0.18,0.25958846640866795,0.08203064636061422,0.6583808872307179
0.2,0.25958846640866795,0.08203064636061422,0.6583808872307179
0.22,0.25958846640866795,0.08203064636061422,0.6583808872307179
0.24,0.25958846640866795,0.08203064636061422,0.6583808872307179
0.26,0.25958846640866795,0.08203064636061422,0.6583808872307179
0.28,0.25958846640866795,0.08203064636061422,0.6583808872307179
0.3,0.25958846640866795,0.08203064636061422,0.6583808872307179
0.32,0.25958846640866795,0.08203064636061422,0.6583808872307179
0.34,0.25958846640866795,0.08203064636061422,0.6583808872307179
0.36,0.24659203372121213,0.11719215446312578,0.6362158118156621
0.38,0.23359560103375632,0.15235366256563737,0.6140507364006064
0.4,0.2205991683463005,0.18751517066814893,0.5918856609855506
0.42,0.20760273565884468,0.2226766787706605,0.5697205855704949
0.44,0.19460630297138887,0.25783818687317206,0.5475555101554391
0.46,0.18160987028393305,0.2929996949756837,0.5253904347403833
0.48,0.16861343759647723,0.3281612030781952,0.5032253593253275
0.5,0.15561700490902142,0.3633227111807068,0.48106028391027184
0.52,0.1426205722215656,0.3984842192832183,0.4588952084952161
0.54,0.12962413953410978,0.43364572738572993,0.43673013308016034
0.56,0.11662770684665397,0.46880723548824144,0.41456505766510454
0.58,0.10363127415919815,0.503968743590753,0.3923999822500488
0.6,0.09063484147174233,0.5391302516932647,0.37023490683499305
0.62,0.07763840878428652,0.5742917597957762,0.3480698314199373
0.64,0.0646419760968307,0.6094532678982877,0.32590475600488156
0.66,0.05164554340937488,0.6446147760007993,0.3037396805898258
0.68,0.03864911072191907,0.6797762841033109,0.28157460517477007
0.7000000000000001,0.02565267803446325,0.7149377922058224,0.2594095297597143
0.72,0.012656245347007437,0.750099300308334,0.2372444543446586
0.74,0.012656245347007437,0.750099300308334,0.2372444543446586
0.76,0.012656245347007437,0.750099300308334,0.2372444543446586
0.78,0.012656245347007437,0.750099300308334,0.2372444543446586
0.8,0.012656245347007437,0.750099300308334,0.2372444543446586
0.8200000000000001,0.012656245347007437,0.750099300308334,0.2372444543446586
0.84,0.012656245347007437,0.750099300308334,0.2372444543446586
0.86,0.012656245347007437,0.750099300308334,0.2372444543446586
0.88,0.012656245347007437,0.750099300308334,0.2372444543446586
0.9,0.012656245347007437,0.750099300308334,0.2372444543446586
0.92,0.012656245347007437,0.750099300308334,0.2372444543446586
0.9400000000000001,0.012656245347007437,0.750099300308334,0.2372444543446586
0.96,0.012656245347007437,0.750099300308334,0.2372444543446586
0.98,0.012656245347007437,0.750099300308334,0.2372444543446586
1.0,0.012656245347007437,0.750099300308334,0.2372444543446586
