fraction_of_volc,OH,H2O2,TMI
0.0,0.08724273441343265,0.6403011354945064,0.272456130092061
0.02,0.08724273441343265,0.6403011354945064,0.272456130092061
0.04,0.08724273441343265,0.6403011354945064,0.272456130092061
0.06,0.08724273441343265,0.6403011354945064,0.272456130092061
0.08,0.08724273441343265,0.6403011354945064,0.272456130092061
0.1,0.10282049794110454,0.6261403183614688,0.27103918369742674
0.12,0.11839826146877644,0.611979501228431,0.26962223730279256
0.14,0.13397602499644834,0.5978186840953934,0.2682052909081583
0.16,0.1495537885241202,0.5836578669623557,0.26678834451352407
0.18,0.16513155205179209,0.569497049829318,0.2653713981188899
0.2,0.180709315579464,0.5553362326962804,0.26395445172425563
0.22,0.1962870791071359,0.5411754155632427,0.26253750532962145
0.24,0.21186484263480776,0.527014598430205,0.2611205589349872
0.26,0.2274426061624797,0.5128537812971674,0.25970361254035296
0.28,0.24302036969015156,0.49869296416412967,0.25828666614571877
0.3,0.25859813321782343,0.48453214703109204,0.2568697197510845
0.32,0.27417589674549536,0.4703713298980543,0.2554527733564503
0.34,0.28975366027316724,0.4562105127650167,0.2540358269618161
0.36,0.3053314238008391,0.442049695631979,0.25261888056718185
0.38,0.320909187328511,0.4278888784989413,0.25120193417254766
0.4,0.3364869508561829,0.4137280613659037,0.24978498777791341
0.42,0.3520647143838548,0.39956724423286594,0.24836804138327917
0.44,0.3676424779115267,0.3854064270998283,0.24695109498864495
0.46,0.3832202414391986,0.3712456099667906,0.24553414859401074
0.48,0.39879800496687046,0.35708479283375294,0.24411720219937652
0.5,0.4143757684945424,0.3429239757007153,0.24270025580474228
0.52,0.42995353202221426,0.3287631585676776,0.24128330941010806
0.54,0.44553129554988613,0.31460234143463994,0.23986636301547384
0.56,0.46110905907755806,0.30044152430160226,0.23844941662083963
0.58,0.47668682260522993,0.2862807071685646,0.23703247022620538
0.6,0.4922645861329018,0.27211989003552695,0.23561552383157117
0.62,0.5078423496605736,0.25795907290248926,0.23419857743693695
0.64,0.5234201131882456,0.24379825576945158,0.2327816310423027
0.66,0.5389978767159175,0.2296374386364139,0.2313646846476685
0.68,0.5545756402435893,0.21547662150337626,0.22994773825303427
0.7000000000000001,0.5701534037712612,0.20131580437033858,0.22853079185840006
0.72,0.5857311672989332,0.1871549872373009,0.22711384546376584
0.74,0.6013089308266051,0.1729941701042632,0.2256968990691316
0.76,0.6168866943542769,0.15883335297122553,0.22427995267449738
0.78,0.6324644578819488,0.1446725358381879,0.22286300627986316
0.8,0.6480422214096208,0.13051171870515021,0.22144605988522892
0.8200000000000001,0.6636199849372926,0.11635090157211259,0.2200291134905947
0.84,0.6791977484649645,0.10219008443907489,0.21861216709596049
0.86,0.6791977484649645,0.10219008443907489,0.21861216709596049
0.88,0.6791977484649645,0.10219008443907489,0.21861216709596049
0.9,0.6791977484649645,0.10219008443907489,0.21861216709596049
0.92,0.6791977484649645,0.10219008443907489,0.21861216709596049
0.9400000000000001,0.6791977484649645,0.10219008443907489,0.21861216709596049
0.96,0.6791977484649645,0.10219008443907489,0.21861216709596049
0.98,0.6791977484649645,0.10219008443907489,0.21861216709596049
1.0,0.6791977484649645,0.10219008443907489,0.21861216709596049
