fraction_of_volc,OH,H2O2,TMI
0.0,0.16378437648198957,0.5049731685651041,0.33124245495290633
0.02,0.16378437648198957,0.5049731685651041,0.33124245495290633
0.04,0.16378437648198957,0.5049731685651041,0.33124245495290633
0.06,0.16378437648198957,0.5049731685651041,0.33124245495290633
0.08,0.16378437648198957,0.5049731685651041,0.33124245495290633
0.1,0.16378437648198957,0.5049731685651041,0.33124245495290633
0.12,0.16378437648198957,0.5049731685651041,0.33124245495290633
0.14,0.16378437648198957,0.5049731685651041,0.33124245495290633
0.16,0.16378437648198957,0.5049731685651041,0.33124245495290633
0.18,0.16378437648198957,0.5049731685651041,0.33124245495290633
0.2,0.16378437648198957,0.5049731685651041,0.33124245495290633
0.22,0.16378437648198957,0.5049731685651041,0.33124245495290633
0.24,0.1707018737257528,0.49940069796293884,0.32989742831130836
0.26,0.17761937096951605,0.49382822736077353,0.3285524016697104
0.28,0.18453686821327928,0.4882557567586083,0.3272073750281125
0.3,0.1914543654570425,0.48268328615644296,0.3258623483865145
0.32,0.19837186270080576,0.4771108155542777,0.32451732174491654
0.34,0.20528935994456898,0.4715383449521124,0.3231722951033186
0.36,0.2122068571883322,0.46596587434994713,0.3218272684617206
0.38,0.21912435443209544,0.4603934037477818,0.3204822418201227
0.4,0.2260418516758587,0.45482093314561656,0.3191372151785247
0.42,0.23295934891962192,0.44924846254345124,0.31779218853692676
0.44,0.23987684616338517,0.443675991941286,0.3164471618953288
0.46,0.2467943434071484,0.43810352133912067,0.3151021352537308
0.48,0.2537118406509116,0.4325310507369554,0.3137571086121329
0.5,0.26062933789467485,0.4269585801347901,0.31241208197053494
0.52,0.2675468351384381,0.42138610953262484,0.31106705532893697
0.54,0.27446433238220136,0.41581363893045953,0.309722028687339
0.56,0.2813818296259646,0.41024116832829427,0.30837700204574103
0.58,0.2882993268697278,0.40466869772612896,0.3070319754041431
0.6,0.29521682411349104,0.3990962271239637,0.30568694876254515
0.62,0.30213432135725427,0.3935237565217984,0.3043419221209472
0.64,0.3090518186010175,0.3879512859196331,0.3029968954793492
0.66,0.3159693158447807,0.3823788153174678,0.30165186883775125
0.68,0.32288681308854394,0.37680634471530255,0.30030684219615333
0.7000000000000001,0.3298043103323072,0.37123387411313724,0.29896181555455537
0.72,0.33672180757607045,0.365661403510972,0.2976167889129574
0.74,0.33672180757607045,0.365661403510972,0.2976167889129574
0.76,0.33672180757607045,0.365661403510972,0.2976167889129574
0.78,0.33672180757607045,0.365661403510972,0.2976167889129574
0.8,0.33672180757607045,0.365661403510972,0.2976167889129574
0.8200000000000001,0.33672180757607045,0.365661403510972,0.2976167889129574
0.84,0.33672180757607045,0.365661403510972,0.2976167889129574
0.86,0.33672180757607045,0.365661403510972,0.2976167889129574
0.88,0.33672180757607045,0.365661403510972,0.2976167889129574
0.9,0.33672180757607045,0.365661403510972,0.2976167889129574
0.92,0.33672180757607045,0.365661403510972,0.2976167889129574
0.9400000000000001,0.33672180757607045,0.365661403510972,0.2976167889129574
0.96,0.33672180757607045,0.365661403510972,0.2976167889129574
0.98,0.33672180757607045,0.365661403510972,0.2976167889129574
1.0,0.33672180757607045,0.365661403510972,0.2976167889129574
