fraction_of_volc,OH,H2O2,TMI
0.0,0.8917286831057227,0.07459652529284534,0.033674791601431754
0.02,0.8917286831057227,0.07459652529284534,0.033674791601431754
0.04,0.8917286831057227,0.07459652529284534,0.033674791601431754
0.06,0.8917286831057227,0.07459652529284534,0.033674791601431754
0.08,0.8917286831057227,0.07459652529284534,0.033674791601431754
0.1,0.8917286831057227,0.07459652529284534,0.033674791601431754
0.12,0.8917286831057227,0.07459652529284534,0.033674791601431754
0.14,0.8917286831057227,0.07459652529284534,0.033674791601431754
0.16,0.8786004809916524,0.08619072885209386,0.03520879015625356
0.18,0.8654722788775822,0.09778493241134238,0.03674278871107537
0.2,0.8523440767635118,0.1093791359705909,0.03827678726589717
0.22,0.8392158746494415,0.12097333952983941,0.03981078582071898
0.24,0.8260876725353712,0.13256754308908794,0.04134478437554079
0.26,0.8129594704213009,0.14416174664833645,0.0428787829303626
0.28,0.7998312683072306,0.15575595020758498,0.044412781485184405
0.3,0.7867030661931602,0.1673501537668335,0.04594678004000621
0.32,0.7735748640790899,0.178944357326082,0.047480778594828014
0.34,0.7604466619650196,0.19053856088533053,0.04901477714964982
0.36,0.7473184598509492,0.20213276444457906,0.05054877570447163
0.38,0.7341902577368791,0.21372696800382757,0.05208277425929344
0.4,0.7210620556228087,0.22532117156307607,0.05361677281411524
0.42,0.7079338535087384,0.23691537512232458,0.05515077136893705
0.44,0.6948056513946681,0.24850957868157314,0.05668476992375886
0.46,0.6816774492805977,0.26010378224082165,0.058218768478580665
0.48,0.6685492471665274,0.27169798580007015,0.059752767033402474
0.5,0.6554210450524571,0.28329218935931866,0.06128676558822428
0.52,0.6422928429383868,0.29488639291856716,0.06282076414304609
0.54,0.6291646408243166,0.3064805964778157,0.06435476269786788
0.56,0.6160364387102462,0.31807480003706423,0.06588876125268969
0.58,0.6029082365961759,0.32966900359631274,0.0674227598075115
0.6,0.5897800344821056,0.34126320715556124,0.06895675836233331
0.62,0.5766518323680353,0.35285741071480975,0.07049075691715512
0.64,0.563523630253965,0.36445161427405826,0.07202475547197693
0.66,0.5503954281398946,0.3760458178333068,0.07355875402679873
0.68,0.5372672260258243,0.3876400213925553,0.07509275258162054
0.7000000000000001,0.524139023911754,0.39923422495180383,0.07662675113644235
0.72,0.524139023911754,0.39923422495180383,0.07662675113644235
0.74,0.524139023911754,0.39923422495180383,0.07662675113644235
0.76,0.524139023911754,0.39923422495180383,0.07662675113644235
0.78,0.524139023911754,0.39923422495180383,0.07662675113644235
0.8,0.524139023911754,0.39923422495180383,0.07662675113644235
0.8200000000000001,0.524139023911754,0.39923422495180383,0.07662675113644235
0.84,0.524139023911754,0.39923422495180383,0.07662675113644235
0.86,0.524139023911754,0.39923422495180383,0.07662675113644235
0.88,0.524139023911754,0.39923422495180383,0.07662675113644235
0.9,0.524139023911754,0.39923422495180383,0.07662675113644235
0.92,0.524139023911754,0.39923422495180383,0.07662675113644235
0.9400000000000001,0.524139023911754,0.39923422495180383,0.07662675113644235
0.96,0.524139023911754,0.39923422495180383,0.07662675113644235
0.98,0.524139023911754,0.39923422495180383,0.07662675113644235
1.0,0.524139023911754,0.39923422495180383,0.07662675113644235
