fraction_of_volc,OH,H2O2,TMI
0.0,0.01711515551195258,0.21271501386167782,0.7701698306263696
0.02,0.01711515551195258,0.21271501386167782,0.7701698306263696
0.04,0.01711515551195258,0.21271501386167782,0.7701698306263696
0.06,0.01711515551195258,0.21271501386167782,0.7701698306263696
0.08,0.01711515551195258,0.21271501386167782,0.7701698306263696
0.1,0.01711515551195258,0.21271501386167782,0.7701698306263696
0.12,0.01711515551195258,0.21271501386167782,0.7701698306263696
0.14,0.01711515551195258,0.21271501386167782,0.7701698306263696
0.16,0.01711515551195258,0.21271501386167782,0.7701698306263696
0.18,0.01711515551195258,0.21271501386167782,0.7701698306263696
0.2,0.01711515551195258,0.21271501386167782,0.7701698306263696
0.22,0.01711515551195258,0.21271501386167782,0.7701698306263696
0.24,0.01711515551195258,0.21271501386167782,0.7701698306263696
0.26,0.01711515551195258,0.21271501386167782,0.7701698306263696
0.28,0.01711515551195258,0.21271501386167782,0.7701698306263696
0.3,0.01711515551195258,0.21271501386167782,0.7701698306263696
0.32,0.01711515551195258,0.21271501386167782,0.7701698306263696
0.34,0.01711515551195258,0.21271501386167782,0.7701698306263696
0.36,0.01711515551195258,0.21271501386167782,0.7701698306263696
0.38,0.06190079245899506,0.21719726942213566,0.7209019381188693
0.4,0.10668642940603755,0.22167952498259347,0.671634045611369
0.42,0.15147206635308003,0.2261617805430513,0.6223661531038687
0.44,0.19625770330012252,0.23064403610350914,0.5730982605963684
0.46,0.241043340247165,0.23512629166396695,0.5238303680888681
0.48,0.28582897719420747,0.2396085472244248,0.47456247558136766
0.5,0.33061461414125,0.2440908027848826,0.42529458307386736
0.52,0.37540025108829245,0.24857305834534044,0.37602669056636706
0.54,0.4201858880353349,0.2530553139057983,0.32675879805886676
0.56,0.4649715249823774,0.2575375694662561,0.27749090555136646
0.58,0.5097571619294199,0.26201982502671395,0.22822301304386616
0.6,0.5545427988764623,0.26650208058717173,0.17895512053636575
0.62,0.5993284358235048,0.27098433614762957,0.12968722802886545
0.64,0.6441140727705473,0.2754665917080874,0.08041933552136521
0.66,0.6441140727705473,0.2754665917080874,0.08041933552136521
0.68,0.6441140727705473,0.2754665917080874,0.08041933552136521
0.7000000000000001,0.6441140727705473,0.2754665917080874,0.08041933552136521
0.72,0.6441140727705473,0.2754665917080874,0.08041933552136521
0.74,0.6441140727705473,0.2754665917080874,0.08041933552136521
0.76,0.6441140727705473,0.2754665917080874,0.08041933552136521
0.78,0.6441140727705473,0.2754665917080874,0.08041933552136521
0.8,0.6441140727705473,0.2754665917080874,0.08041933552136521
0.8200000000000001,0.6441140727705473,0.2754665917080874,0.08041933552136521
0.84,0.6441140727705473,0.2754665917080874,0.08041933552136521
0.86,0.6441140727705473,0.2754665917080874,0.08041933552136521
0.88,0.6441140727705473,0.2754665917080874,0.08041933552136521
0.9,0.6441140727705473,0.2754665917080874,0.08041933552136521
0.92,0.6441140727705473,0.2754665917080874,0.08041933552136521
0.9400000000000001,0.6441140727705473,0.2754665917080874,0.08041933552136521
0.96,0.6441140727705473,0.2754665917080874,0.08041933552136521
0.98,0.6441140727705473,0.2754665917080874,0.08041933552136521
1.0,0.6441140727705473,0.2754665917080874,0.08041933552136521
