fraction_of_volc,OH,H2O2,TMI
0.0,0.3721027408316836,0.11666488859188899,0.5112323705764275
0.02,0.3721027408316836,0.11666488859188899,0.5112323705764275
0.04,0.3721027408316836,0.11666488859188899,0.5112323705764275
0.06,0.3721027408316836,0.11666488859188899,0.5112323705764275
0.08,0.3721027408316836,0.11666488859188899,0.5112323705764275
0.1,0.3721027408316836,0.11666488859188899,0.5112323705764275
0.12,0.3721027408316836,0.11666488859188899,0.5112323705764275
0.14,0.3721027408316836,0.11666488859188899,0.5112323705764275
0.16,0.3721027408316836,0.11666488859188899,0.5112323705764275
0.18,0.3721027408316836,0.11666488859188899,0.5112323705764275
0.2,0.3721027408316836,0.11666488859188899,0.5112323705764275
0.22,0.3721027408316836,0.11666488859188899,0.5112323705764275
0.24,0.3721027408316836,0.11666488859188899,0.5112323705764275
0.26,0.3721027408316836,0.11666488859188899,0.5112323705764275
0.28,0.3507336766704158,0.13540056228197184,0.5138657610476124
0.3,0.329364612509148,0.15413623597205467,0.5164991515187973
0.32,0.3079955483478802,0.1728719096621375,0.5191325419899824
0.34,0.2866264841866124,0.19160758335222036,0.5217659324611673
0.36,0.2652574200253446,0.21034325704230322,0.5243993229323523
0.38,0.24388835586407676,0.22907893073238605,0.5270327134035373
0.4,0.22251929170280896,0.2478146044224689,0.5296661038747222
0.42,0.20115022754154116,0.2665502781125517,0.5322994943459072
0.44,0.17978116338027336,0.28528595180263455,0.5349328848170921
0.46,0.15841209921900556,0.30402162549271744,0.537566275288277
0.48,0.13704303505773774,0.3227572991828003,0.5401996657594621
0.5,0.11567397089646991,0.3414929728728831,0.542833056230647
0.52,0.09430490673520214,0.36022864656296594,0.545466446701832
0.54,0.07293584257393432,0.3789643202530488,0.548099837173017
0.56,0.05156677841266655,0.39769999394313166,0.550733227644202
0.58,0.0301977142513987,0.4164356676332145,0.5533666181153869
0.6,0.0301977142513987,0.4164356676332145,0.5533666181153869
0.62,0.0301977142513987,0.4164356676332145,0.5533666181153869
0.64,0.0301977142513987,0.4164356676332145,0.5533666181153869
0.66,0.0301977142513987,0.4164356676332145,0.5533666181153869
0.68,0.0301977142513987,0.4164356676332145,0.5533666181153869
0.7000000000000001,0.0301977142513987,0.4164356676332145,0.5533666181153869
0.72,0.0301977142513987,0.4164356676332145,0.5533666181153869
0.74,0.0301977142513987,0.4164356676332145,0.5533666181153869
0.76,0.0301977142513987,0.4164356676332145,0.5533666181153869
0.78,0.0301977142513987,0.4164356676332145,0.5533666181153869
0.8,0.0301977142513987,0.4164356676332145,0.5533666181153869
0.8200000000000001,0.0301977142513987,0.4164356676332145,0.5533666181153869
0.84,0.0301977142513987,0.4164356676332145,0.5533666181153869
0.86,0.0301977142513987,0.4164356676332145,0.5533666181153869
0.88,0.0301977142513987,0.4164356676332145,0.5533666181153869
0.9,0.0301977142513987,0.4164356676332145,0.5533666181153869
0.92,0.0301977142513987,0.4164356676332145,0.5533666181153869
0.9400000000000001,0.0301977142513987,0.4164356676332145,0.5533666181153869
0.96,0.0301977142513987,0.4164356676332145,0.5533666181153869
0.98,0.0301977142513987,0.4164356676332145,0.5533666181153869
1.0,0.0301977142513987,0.4164356676332145,0.5533666181153869
