fraction_of_volc,OH,H2O2,TMI
0.0,0.3225090405080289,0.22473938630023518,0.45275157319173587
0.02,0.3225090405080289,0.22473938630023518,0.45275157319173587
0.04,0.3225090405080289,0.22473938630023518,0.45275157319173587
0.06,0.3225090405080289,0.22473938630023518,0.45275157319173587
0.08,0.3225090405080289,0.22473938630023518,0.45275157319173587
0.1,0.3225090405080289,0.22473938630023518,0.45275157319173587
0.12,0.3225090405080289,0.22473938630023518,0.45275157319173587
0.14,0.3225090405080289,0.22473938630023518,0.45275157319173587
0.16,0.3225090405080289,0.22473938630023518,0.45275157319173587
0.18,0.3225090405080289,0.22473938630023518,0.45275157319173587
0.2,0.3225090405080289,0.22473938630023518,0.45275157319173587
0.22,0.3225090405080289,0.22473938630023518,0.45275157319173587
0.24,0.3225090405080289,0.22473938630023518,0.45275157319173587
0.26,0.3225090405080289,0.22473938630023518,0.45275157319173587
0.28,0.3351341985228369,0.2724560441126833,0.39240975736447975
0.3,0.3477593565376448,0.3201727019251315,0.3320679415372237
0.32,0.36038451455245274,0.36788935973757964,0.27172612570996757
0.34,0.37300967256726064,0.4156060175500278,0.21138430988271148
0.36,0.3856348305820686,0.46332267536247596,0.1510424940554554
0.38,0.3982599885968765,0.5110393331749241,0.09070067822819927
0.4,0.41088514661168446,0.5587559909873723,0.030358862400943227
0.42,0.41088514661168446,0.5587559909873723,0.030358862400943227
0.44,0.41088514661168446,0.5587559909873723,0.030358862400943227
0.46,0.41088514661168446,0.5587559909873723,0.030358862400943227
0.48,0.41088514661168446,0.5587559909873723,0.030358862400943227
0.5,0.41088514661168446,0.5587559909873723,0.030358862400943227
0.52,0.41088514661168446,0.5587559909873723,0.030358862400943227
0.54,0.41088514661168446,0.5587559909873723,0.030358862400943227
0.56,0.41088514661168446,0.5587559909873723,0.030358862400943227
0.58,0.41088514661168446,0.5587559909873723,0.030358862400943227
0.6,0.41088514661168446,0.5587559909873723,0.030358862400943227
0.62,0.41088514661168446,0.5587559909873723,0.030358862400943227
0.64,0.41088514661168446,0.5587559909873723,0.030358862400943227
0.66,0.41088514661168446,0.5587559909873723,0.030358862400943227
0.68,0.41088514661168446,0.5587559909873723,0.030358862400943227
0.7000000000000001,0.41088514661168446,0.5587559909873723,0.030358862400943227
0.72,0.41088514661168446,0.5587559909873723,0.030358862400943227
0.74,0.41088514661168446,0.5587559909873723,0.030358862400943227
0.76,0.41088514661168446,0.5587559909873723,0.030358862400943227
0.78,0.41088514661168446,0.5587559909873723,0.030358862400943227
0.8,0.41088514661168446,0.5587559909873723,0.030358862400943227
0.8200000000000001,0.41088514661168446,0.5587559909873723,0.030358862400943227
0.84,0.41088514661168446,0.5587559909873723,0.030358862400943227
0.86,0.41088514661168446,0.5587559909873723,0.030358862400943227
0.88,0.41088514661168446,0.5587559909873723,0.030358862400943227
0.9,0.41088514661168446,0.5587559909873723,0.030358862400943227
0.92,0.41088514661168446,0.5587559909873723,0.030358862400943227
0.9400000000000001,0.41088514661168446,0.5587559909873723,0.030358862400943227
0.96,0.41088514661168446,0.5587559909873723,0.030358862400943227
0.98,0.41088514661168446,0.5587559909873723,0.030358862400943227
1.0,0.41088514661168446,0.5587559909873723,0.030358862400943227
