fraction_of_volc,OH,H2O2,TMI
0.0,0.15234739570632805,0.09271272935135294,0.7549398749423191
0.02,0.15234739570632805,0.09271272935135294,0.7549398749423191
0.04,0.15234739570632805,0.09271272935135294,0.7549398749423191
0.06,0.15234739570632805,0.09271272935135294,0.7549398749423191
0.08,0.15234739570632805,0.09271272935135294,0.7549398749423191
0.1,0.15234739570632805,0.09271272935135294,0.7549398749423191
0.12,0.15234739570632805,0.09271272935135294,0.7549398749423191
0.14,0.15234739570632805,0.09271272935135294,0.7549398749423191
0.16,0.15234739570632805,0.09271272935135294,0.7549398749423191
0.18,0.15234739570632805,0.09271272935135294,0.7549398749423191
0.2,0.15234739570632805,0.09271272935135294,0.7549398749423191
0.22,0.15234739570632805,0.09271272935135294,0.7549398749423191
0.24,0.15234739570632805,0.09271272935135294,0.7549398749423191
0.26,0.18813422827499848,0.0903953731983749,0.7214703985266266
0.28,0.22392106084366892,0.08807801704539688,0.6880009221109342
0.3,0.25970789341233935,0.08576066089241884,0.6545314456952418
0.32,0.2954947259810098,0.08344330473944081,0.6210619692795494
0.34,0.3312815585496802,0.08112594858646277,0.587592492863857
0.36,0.36706839111835066,0.07880859243348473,0.5541230164481646
0.38,0.4028552236870211,0.07649123628050669,0.5206535400324722
0.4,0.4386420562556915,0.07417388012752867,0.4871840636167798
0.42,0.47442888882436196,0.07185652397455064,0.45371458720108737
0.44,0.5102157213930324,0.0695391678215726,0.42024511078539495
0.46,0.5460025539617028,0.06722181166859456,0.3867756343697026
0.48,0.5817893865303733,0.06490445551561652,0.35330615795401016
0.5,0.6175762190990437,0.0625870993626385,0.31983668153831774
0.52,0.6533630516677141,0.060269743209660456,0.28636720512262537
0.54,0.6891498842363846,0.057952387056682424,0.25289772870693294
0.56,0.724936716805055,0.05563503090370439,0.21942825229124052
0.58,0.7607235493737254,0.05331767475072636,0.1859587758755481
0.6,0.7965103819423959,0.051000318597748326,0.15248929945985568
0.62,0.8322972145110663,0.048682962444770286,0.11901982304416325
0.64,0.8680840470797367,0.046365606291792254,0.08555034662847083
0.66,0.9038708796484072,0.04404825013881422,0.05208087021277852
0.68,0.9396577122170776,0.04173089398583619,0.018611393797086113
0.7000000000000001,0.9396577122170776,0.04173089398583619,0.018611393797086113
0.72,0.9396577122170776,0.04173089398583619,0.018611393797086113
0.74,0.9396577122170776,0.04173089398583619,0.018611393797086113
0.76,0.9396577122170776,0.04173089398583619,0.018611393797086113
0.78,0.9396577122170776,0.04173089398583619,0.018611393797086113
0.8,0.9396577122170776,0.04173089398583619,0.018611393797086113
0.8200000000000001,0.9396577122170776,0.04173089398583619,0.018611393797086113
0.84,0.9396577122170776,0.04173089398583619,0.018611393797086113
0.86,0.9396577122170776,0.04173089398583619,0.018611393797086113
0.88,0.9396577122170776,0.04173089398583619,0.018611393797086113
0.9,0.9396577122170776,0.04173089398583619,0.018611393797086113
0.92,0.9396577122170776,0.04173089398583619,0.018611393797086113
0.9400000000000001,0.9396577122170776,0.04173089398583619,0.018611393797086113
0.96,0.9396577122170776,0.04173089398583619,0.018611393797086113
0.98,0.9396577122170776,0.04173089398583619,0.018611393797086113
1.0,0.9396577122170776,0.04173089398583619,0.018611393797086113
