fraction_of_volc,OH,H2O2,TMI
0.0,0.6936785017653546,0.031954284112637635,0.2743672141220079
0.02,0.6936785017653546,0.031954284112637635,0.2743672141220079
0.04,0.6936785017653546,0.031954284112637635,0.2743672141220079
0.06,0.6936785017653546,0.031954284112637635,0.2743672141220079
0.08,0.6936785017653546,0.031954284112637635,0.2743672141220079
0.1,0.6936785017653546,0.031954284112637635,0.2743672141220079
0.12,0.6936785017653546,0.031954284112637635,0.2743672141220079
0.14,0.6936785017653546,0.031954284112637635,0.2743672141220079
0.16,0.6936785017653546,0.031954284112637635,0.2743672141220079
0.18,0.6936785017653546,0.031954284112637635,0.2743672141220079
0.2,0.6936785017653546,0.031954284112637635,0.2743672141220079
0.22,0.6936785017653546,0.031954284112637635,0.2743672141220079
0.24,0.6936785017653546,0.031954284112637635,0.2743672141220079
0.26,0.6936785017653546,0.031954284112637635,0.2743672141220079
0.28,0.6936785017653546,0.031954284112637635,0.2743672141220079
0.3,0.6936785017653546,0.031954284112637635,0.2743672141220079
0.32,0.6936785017653546,0.031954284112637635,0.2743672141220079
0.34,0.6936785017653546,0.031954284112637635,0.2743672141220079
0.36,0.6936785017653546,0.031954284112637635,0.2743672141220079
0.38,0.6936785017653546,0.031954284112637635,0.2743672141220079
0.4,0.6936785017653546,0.031954284112637635,0.2743672141220079
0.42,0.6936785017653546,0.031954284112637635,0.2743672141220079
0.44,0.6936785017653546,0.031954284112637635,0.2743672141220079
0.46,0.6936785017653546,0.031954284112637635,0.2743672141220079
0.48,0.6957831440407264,0.03513890386315048,0.26907795209612323
0.5,0.6978877863160983,0.03832352361366333,0.26378869007023853
0.52,0.69999242859147,0.04150814336417617,0.2584994280443539
0.54,0.7020970708668419,0.04469276311468902,0.25321016601846924
0.56,0.7042017131422137,0.047877382865201865,0.24792090399258457
0.58,0.7063063554175855,0.051062002615714704,0.2426316419666999
0.6,0.7084109976929573,0.05424662236622755,0.23734237994081525
0.62,0.7105156399683291,0.057431242116740396,0.23205311791493058
0.64,0.712620282243701,0.06061586186725324,0.22676385588904593
0.66,0.7147249245190728,0.06380048161776608,0.22147459386316126
0.68,0.7168295667944447,0.06698510136827893,0.21618533183727662
0.7000000000000001,0.7189342090698164,0.07016972111879177,0.21089606981139195
0.72,0.7210388513451882,0.07335434086930462,0.20560680778550727
0.74,0.7231434936205601,0.07653896061981746,0.20031754575962263
0.76,0.7252481358959318,0.07972358037033031,0.19502828373373796
0.78,0.7273527781713037,0.08290820012084316,0.18973902170785328
0.8,0.7294574204466755,0.086092819871356,0.18444975968196864
0.8200000000000001,0.7294574204466755,0.086092819871356,0.18444975968196864
0.84,0.7294574204466755,0.086092819871356,0.18444975968196864
0.86,0.7294574204466755,0.086092819871356,0.18444975968196864
0.88,0.7294574204466755,0.086092819871356,0.18444975968196864
0.9,0.7294574204466755,0.086092819871356,0.18444975968196864
0.92,0.7294574204466755,0.086092819871356,0.18444975968196864
0.9400000000000001,0.7294574204466755,0.086092819871356,0.18444975968196864
0.96,0.7294574204466755,0.086092819871356,0.18444975968196864
0.98,0.7294574204466755,0.086092819871356,0.18444975968196864
1.0,0.7294574204466755,0.086092819871356,0.18444975968196864
