fraction_of_volc,OH,H2O2,TMI
0.0,0.5850171800682579,0.3838787623758493,0.03110405755589285
0.02,0.5850171800682579,0.3838787623758493,0.03110405755589285
0.04,0.5850171800682579,0.3838787623758493,0.03110405755589285
0.06,0.5850171800682579,0.3838787623758493,0.03110405755589285
0.08,0.5850171800682579,0.3838787623758493,0.03110405755589285
0.1,0.5850171800682579,0.3838787623758493,0.03110405755589285
0.12,0.5850171800682579,0.3838787623758493,0.03110405755589285
0.14,0.5850171800682579,0.3838787623758493,0.03110405755589285
0.16,0.5850171800682579,0.3838787623758493,0.03110405755589285
0.18,0.5850171800682579,0.3838787623758493,0.03110405755589285
0.2,0.5850171800682579,0.3838787623758493,0.03110405755589285
0.22,0.5850171800682579,0.3838787623758493,0.03110405755589285
0.24,0.5850171800682579,0.3838787623758493,0.03110405755589285
0.26,0.5850171800682579,0.3838787623758493,0.03110405755589285
0.28,0.5850171800682579,0.3838787623758493,0.03110405755589285
0.3,0.5850171800682579,0.3838787623758493,0.03110405755589285
0.32,0.5850171800682579,0.3838787623758493,0.03110405755589285
0.34,0.5585507670167856,0.4017290443826192,0.039720188600595174
0.36,0.5320843539653134,0.41957932638938905,0.04833631964529749
0.38,0.5056179409138413,0.43742960839615896,0.05695245068999981
0.4,0.47915152786236903,0.4552798904029289,0.06556858173470213
0.42,0.4526851148108968,0.4731301724096988,0.07418471277940446
0.44,0.42621870175942456,0.49098045441646865,0.08280084382410677
0.46,0.3997522887079523,0.5088307364232385,0.09141697486880909
0.48,0.37328587565648014,0.5266810184300085,0.10003310591351142
0.5,0.34681946260500796,0.5445313004367783,0.10864923695821374
0.52,0.3203530495535357,0.5623815824435483,0.11726536800291606
0.54,0.2938866365020635,0.5802318644503182,0.12588149904761836
0.56,0.26742022345059124,0.598082146457088,0.13449763009232069
0.58,0.24095381039911906,0.6159324284638579,0.143113761137023
0.6,0.21448739734764682,0.6337827104706278,0.15172989218172533
0.62,0.18802098429617464,0.6516329924773977,0.16034602322642766
0.64,0.1615545712447024,0.6694832744841677,0.16896215427112998
0.66,0.13508815819323017,0.6873335564909375,0.1775782853158323
0.68,0.10862174514175799,0.7051838384977074,0.18619441636053463
0.7000000000000001,0.0821553320902858,0.7230341205044772,0.19481054740523696
0.72,0.05568891903881357,0.7408844025112472,0.20342667844993928
0.74,0.029222505987341284,0.7587346845180171,0.21204280949464158
0.76,0.029222505987341284,0.7587346845180171,0.21204280949464158
0.78,0.029222505987341284,0.7587346845180171,0.21204280949464158
0.8,0.029222505987341284,0.7587346845180171,0.21204280949464158
0.8200000000000001,0.029222505987341284,0.7587346845180171,0.21204280949464158
0.84,0.029222505987341284,0.7587346845180171,0.21204280949464158
0.86,0.029222505987341284,0.7587346845180171,0.21204280949464158
0.88,0.029222505987341284,0.7587346845180171,0.21204280949464158
0.9,0.029222505987341284,0.7587346845180171,0.21204280949464158
0.92,0.029222505987341284,0.7587346845180171,0.21204280949464158
0.9400000000000001,0.029222505987341284,0.7587346845180171,0.21204280949464158
0.96,0.029222505987341284,0.7587346845180171,0.21204280949464158
0.98,0.029222505987341284,0.7587346845180171,0.21204280949464158
1.0,0.029222505987341284,0.7587346845180171,0.21204280949464158
