fraction_of_volc,OH,H2O2,TMI
0.0,0.6490011546321931,0.05194918654597571,0.2990496588218311
0.02,0.6490011546321931,0.05194918654597571,0.2990496588218311
0.04,0.6490011546321931,0.05194918654597571,0.2990496588218311
0.06,0.6490011546321931,0.05194918654597571,0.2990496588218311
0.08,0.6490011546321931,0.05194918654597571,0.2990496588218311
0.1,0.6490011546321931,0.05194918654597571,0.2990496588218311
0.12,0.6017383301503562,0.11822536623986818,0.28003630360977555
0.14,0.5544755056685193,0.18450154593376067,0.26102294839772
0.16,0.5072126811866824,0.2507777256276531,0.24200959318566445
0.18,0.45994985670484545,0.3170539053215456,0.2229962379736089
0.2,0.4126870322230085,0.3833300850154381,0.20398288276155335
0.22,0.3654242077411716,0.4496062647093305,0.1849695275494978
0.24,0.31816138325933474,0.5158824444032231,0.16595617233744225
0.26,0.2708985587774978,0.5821586240971155,0.1469428171253867
0.28,0.22363573429566086,0.6484348037910079,0.12792946191333116
0.3,0.17637290981382397,0.7147109834849005,0.1089161067012756
0.32,0.1291100853319871,0.7809871631787929,0.08990275148922006
0.34,0.08184726085015015,0.8472633428726853,0.07088939627716451
0.36,0.03458443636831318,0.9135395225665779,0.05187604106510896
0.38,0.03458443636831318,0.9135395225665779,0.05187604106510896
0.4,0.03458443636831318,0.9135395225665779,0.05187604106510896
0.42,0.03458443636831318,0.9135395225665779,0.05187604106510896
0.44,0.03458443636831318,0.9135395225665779,0.05187604106510896
0.46,0.03458443636831318,0.9135395225665779,0.05187604106510896
0.48,0.03458443636831318,0.9135395225665779,0.05187604106510896
0.5,0.03458443636831318,0.9135395225665779,0.05187604106510896
0.52,0.03458443636831318,0.9135395225665779,0.05187604106510896
0.54,0.03458443636831318,0.9135395225665779,0.05187604106510896
0.56,0.03458443636831318,0.9135395225665779,0.05187604106510896
0.58,0.03458443636831318,0.9135395225665779,0.05187604106510896
0.6,0.03458443636831318,0.9135395225665779,0.05187604106510896
0.62,0.03458443636831318,0.9135395225665779,0.05187604106510896
0.64,0.03458443636831318,0.9135395225665779,0.05187604106510896
0.66,0.03458443636831318,0.9135395225665779,0.05187604106510896
0.68,0.03458443636831318,0.9135395225665779,0.05187604106510896
0.7000000000000001,0.03458443636831318,0.9135395225665779,0.05187604106510896
0.72,0.03458443636831318,0.9135395225665779,0.05187604106510896
0.74,0.03458443636831318,0.9135395225665779,0.05187604106510896
0.76,0.03458443636831318,0.9135395225665779,0.05187604106510896
0.78,0.03458443636831318,0.9135395225665779,0.05187604106510896
0.8,0.03458443636831318,0.9135395225665779,0.05187604106510896
0.8200000000000001,0.03458443636831318,0.9135395225665779,0.05187604106510896
0.84,0.03458443636831318,0.9135395225665779,0.05187604106510896
0.86,0.03458443636831318,0.9135395225665779,0.05187604106510896
0.88,0.03458443636831318,0.9135395225665779,0.05187604106510896
0.9,0.03458443636831318,0.9135395225665779,0.05187604106510896
0.92,0.03458443636831318,0.9135395225665779,0.05187604106510896
0.9400000000000001,0.03458443636831318,0.9135395225665779,0.05187604106510896
0.96,0.03458443636831318,0.9135395225665779,0.05187604106510896
0.98,0.03458443636831318,0.9135395225665779,0.05187604106510896
1.0,0.03458443636831318,0.9135395225665779,0.05187604106510896
