fraction_of_volc,OH,H2O2,TMI
0.0,0.2300657292148269,0.24272986274636799,0.5272044080388052
0.02,0.2300657292148269,0.24272986274636799,0.5272044080388052
0.04,0.2300657292148269,0.24272986274636799,0.5272044080388052
0.06,0.2300657292148269,0.24272986274636799,0.5272044080388052
0.08,0.2300657292148269,0.24272986274636799,0.5272044080388052
0.1,0.2300657292148269,0.24272986274636799,0.5272044080388052
0.12,0.2300657292148269,0.24272986274636799,0.5272044080388052
0.14,0.2300657292148269,0.24272986274636799,0.5272044080388052
0.16,0.2300657292148269,0.24272986274636799,0.5272044080388052
0.18,0.2300657292148269,0.24272986274636799,0.5272044080388052
0.2,0.2300657292148269,0.24272986274636799,0.5272044080388052
0.22,0.2300657292148269,0.24272986274636799,0.5272044080388052
0.24,0.2300657292148269,0.24272986274636799,0.5272044080388052
0.26,0.2300657292148269,0.24272986274636799,0.5272044080388052
0.28,0.2464636564890568,0.23538484291595282,0.5181515005949905
0.3,0.26286158376328667,0.22803982308553764,0.5090985931511758
0.32,0.27925951103751656,0.22069480325512247,0.500045685707361
0.34,0.29565743831174646,0.2133497834247073,0.4909927782635463
0.36,0.31205536558597635,0.20600476359429212,0.48193987081973155
0.38,0.32845329286020625,0.19865974376387696,0.47288696337591685
0.4,0.34485122013443614,0.19131472393346177,0.46383405593210214
0.42,0.36124914740866604,0.1839697041030466,0.4547811484882874
0.44,0.37764707468289593,0.17662468427263145,0.4457282410444727
0.46,0.39404500195712583,0.16927966444221626,0.4366753336006579
0.48,0.4104429292313557,0.1619346446118011,0.4276224261568432
0.5,0.42684085650558556,0.15458962478138594,0.4185695187130285
0.52,0.4432387837798155,0.14724460495097075,0.4095166112692138
0.54,0.45963671105404535,0.1398995851205556,0.40046370382539903
0.56,0.4760346383282753,0.13255456529014042,0.3914107963815843
0.58,0.49243256560250515,0.12520954545972524,0.38235788893776956
0.6,0.5088304928767351,0.11786452562931007,0.37330498149395486
0.62,0.5252284201509649,0.11051950579889491,0.36425207405014015
0.64,0.5416263474251949,0.10317448596847972,0.35519916660632544
0.66,0.5580242746994247,0.09582946613806456,0.3461462591625107
0.68,0.5744222019736547,0.0884844463076494,0.337093351718696
0.7000000000000001,0.5908201292478845,0.08113942647723421,0.3280404442748812
0.72,0.6072180565221145,0.07379440664681905,0.3189875368310665
0.74,0.6236159837963443,0.06644938681640389,0.3099346293872518
0.76,0.6400139110705741,0.0591043669859887,0.3008817219434371
0.78,0.6564118383448041,0.05175934715557354,0.29182881449962234
0.8,0.6728097656190339,0.044414327325158376,0.2827759070558076
0.8200000000000001,0.6892076928932639,0.03706930749474319,0.27372299961199287
0.84,0.7056056201674937,0.029724287664328025,0.26467009216817816
0.86,0.7220035474417237,0.022379267833912864,0.25561718472436346
0.88,0.7384014747159536,0.015034248003497674,0.2465642772805487
0.9,0.7547994019901835,0.007689228173082513,0.237511369836734
0.92,0.7711973292644133,0.0003442083426673511,0.22845846239291928
0.9400000000000001,0.7711973292644133,0.0003442083426673511,0.22845846239291928
0.96,0.7711973292644133,0.0003442083426673511,0.22845846239291928
0.98,0.7711973292644133,0.0003442083426673511,0.22845846239291928
1.0,0.7711973292644133,0.0003442083426673511,0.22845846239291928
