fraction_of_volc,OH,H2O2,TMI
0.0,0.6039196355579155,0.050151106352130374,0.34592925808995423
0.02,0.6039196355579155,0.050151106352130374,0.34592925808995423
0.04,0.6039196355579155,0.050151106352130374,0.34592925808995423
0.06,0.6039196355579155,0.050151106352130374,0.34592925808995423
0.08,0.6039196355579155,0.050151106352130374,0.34592925808995423
0.1,0.6039196355579155,0.050151106352130374,0.34592925808995423
0.12,0.6039196355579155,0.050151106352130374,0.34592925808995423
0.14,0.6039196355579155,0.050151106352130374,0.34592925808995423
0.16,0.6039196355579155,0.050151106352130374,0.34592925808995423
0.18,0.6039196355579155,0.050151106352130374,0.34592925808995423
0.2,0.6039196355579155,0.050151106352130374,0.34592925808995423
0.22,0.6039196355579155,0.050151106352130374,0.34592925808995423
0.24,0.6039196355579155,0.050151106352130374,0.34592925808995423
0.26,0.6039196355579155,0.050151106352130374,0.34592925808995423
0.28,0.6039196355579155,0.050151106352130374,0.34592925808995423
0.3,0.6039196355579155,0.050151106352130374,0.34592925808995423
0.32,0.6039196355579155,0.050151106352130374,0.34592925808995423
0.34,0.6039196355579155,0.050151106352130374,0.34592925808995423
0.36,0.6039196355579155,0.050151106352130374,0.34592925808995423
0.38,0.6039196355579155,0.050151106352130374,0.34592925808995423
0.4,0.6039196355579155,0.050151106352130374,0.34592925808995423
0.42,0.6039196355579155,0.050151106352130374,0.34592925808995423
0.44,0.6039196355579155,0.050151106352130374,0.34592925808995423
0.46,0.6039196355579155,0.050151106352130374,0.34592925808995423
0.48,0.6039196355579155,0.050151106352130374,0.34592925808995423
0.5,0.6039196355579155,0.050151106352130374,0.34592925808995423
0.52,0.6039196355579155,0.050151106352130374,0.34592925808995423
0.54,0.6039196355579155,0.050151106352130374,0.34592925808995423
0.56,0.6039196355579155,0.050151106352130374,0.34592925808995423
0.58,0.6039196355579155,0.050151106352130374,0.34592925808995423
0.6,0.6039196355579155,0.050151106352130374,0.34592925808995423
0.62,0.6039196355579155,0.050151106352130374,0.34592925808995423
0.64,0.6039196355579155,0.050151106352130374,0.34592925808995423
0.66,0.6039196355579155,0.050151106352130374,0.34592925808995423
0.68,0.6039196355579155,0.050151106352130374,0.34592925808995423
0.7000000000000001,0.6039196355579155,0.050151106352130374,0.34592925808995423
0.72,0.6039196355579155,0.050151106352130374,0.34592925808995423
0.74,0.6039196355579155,0.050151106352130374,0.34592925808995423
0.76,0.6039196355579155,0.050151106352130374,0.34592925808995423
0.78,0.5700858044695875,0.06204682972533827,0.3678673658050744
0.8,0.5362519733812594,0.07394255309854617,0.3898054735201945
0.8200000000000001,0.5024181422929314,0.08583827647175407,0.4117435812353147
0.84,0.46858431120460337,0.09773399984496196,0.4336816889504348
0.86,0.4347504801162753,0.10962972321816986,0.45561979666555497
0.88,0.4009166490279473,0.12152544659137776,0.47755790438067514
0.9,0.3670828179396193,0.13342116996458567,0.49949601209579525
0.92,0.33324898685129123,0.14531689333779355,0.5214341198109154
0.9400000000000001,0.2994151557629632,0.15721261671100145,0.5433722275260355
0.96,0.2994151557629632,0.15721261671100145,0.5433722275260355
0.98,0.2994151557629632,0.15721261671100145,0.5433722275260355
1.0,0.2994151557629632,0.15721261671100145,0.5433722275260355
