fraction_of_volc,OH,H2O2,TMI
0.0,0.25516164747850206,0.43926070689600627,0.3055776456254916
0.02,0.25516164747850206,0.43926070689600627,0.3055776456254916
0.04,0.25516164747850206,0.43926070689600627,0.3055776456254916
0.06,0.25516164747850206,0.43926070689600627,0.3055776456254916
0.08,0.2654936373377141,0.44444695928979666,0.29005940337248926
0.1,0.27582562719692605,0.449633211683587,0.2745411611194869
0.12,0.28615761705613807,0.4548194640773774,0.25902291886648454
0.14,0.2964896069153501,0.4600057164711677,0.24350467661348216
0.16,0.3068215967745621,0.4651919688649581,0.2279864343604798
0.18,0.3171535866337741,0.47037822125874845,0.21246819210747744
0.2,0.3274855764929861,0.47556447365253884,0.19694994985447506
0.22,0.3378175663521981,0.4807507260463292,0.1814317076014727
0.24,0.3481495562114101,0.48593697844011957,0.16591346534847035
0.26,0.3584815460706221,0.49112323083390996,0.150395223095468
0.28,0.3688135359298341,0.4963094832277003,0.13487698084246563
0.3,0.3688135359298341,0.4963094832277003,0.13487698084246563
0.32,0.3688135359298341,0.4963094832277003,0.13487698084246563
0.34,0.3688135359298341,0.4963094832277003,0.13487698084246563
0.36,0.3688135359298341,0.4963094832277003,0.13487698084246563
0.38,0.3688135359298341,0.4963094832277003,0.13487698084246563
0.4,0.3688135359298341,0.4963094832277003,0.13487698084246563
0.42,0.3688135359298341,0.4963094832277003,0.13487698084246563
0.44,0.3688135359298341,0.4963094832277003,0.13487698084246563
0.46,0.3688135359298341,0.4963094832277003,0.13487698084246563
0.48,0.3688135359298341,0.4963094832277003,0.13487698084246563
0.5,0.3688135359298341,0.4963094832277003,0.13487698084246563
0.52,0.3688135359298341,0.4963094832277003,0.13487698084246563
0.54,0.3688135359298341,0.4963094832277003,0.13487698084246563
0.56,0.3688135359298341,0.4963094832277003,0.13487698084246563
0.58,0.3688135359298341,0.4963094832277003,0.13487698084246563
0.6,0.3688135359298341,0.4963094832277003,0.13487698084246563
0.62,0.3688135359298341,0.4963094832277003,0.13487698084246563
0.64,0.3688135359298341,0.4963094832277003,0.13487698084246563
0.66,0.3688135359298341,0.4963094832277003,0.13487698084246563
0.68,0.3688135359298341,0.4963094832277003,0.13487698084246563
0.7000000000000001,0.3688135359298341,0.4963094832277003,0.13487698084246563
0.72,0.3688135359298341,0.4963094832277003,0.13487698084246563
0.74,0.3688135359298341,0.4963094832277003,0.13487698084246563
0.76,0.3688135359298341,0.4963094832277003,0.13487698084246563
0.78,0.3688135359298341,0.4963094832277003,0.13487698084246563
0.8,0.3688135359298341,0.4963094832277003,0.13487698084246563
0.8200000000000001,0.3688135359298341,0.4963094832277003,0.13487698084246563
0.84,0.3688135359298341,0.4963094832277003,0.13487698084246563
0.86,0.3688135359298341,0.4963094832277003,0.13487698084246563
0.88,0.3688135359298341,0.4963094832277003,0.13487698084246563
0.9,0.3688135359298341,0.4963094832277003,0.13487698084246563
0.92,0.3688135359298341,0.4963094832277003,0.13487698084246563
0.9400000000000001,0.3688135359298341,0.4963094832277003,0.13487698084246563
0.96,0.3688135359298341,0.4963094832277003,0.13487698084246563
0.98,0.3688135359298341,0.4963094832277003,0.13487698084246563
1.0,0.3688135359298341,0.4963094832277003,0.13487698084246563
