fraction_of_volc,OH,H2O2,TMI
0.0,0.849736075419707,0.0019455584459478906,0.14831836613434501
0.02,0.849736075419707,0.0019455584459478906,0.14831836613434501
0.04,0.849736075419707,0.0019455584459478906,0.14831836613434501
0.06,0.849736075419707,0.0019455584459478906,0.14831836613434501
0.08,0.849736075419707,0.0019455584459478906,0.14831836613434501
0.1,0.849736075419707,0.0019455584459478906,0.14831836613434501
0.12,0.849736075419707,0.0019455584459478906,0.14831836613434501
0.14,0.849736075419707,0.0019455584459478906,0.14831836613434501
0.16,0.849736075419707,0.0019455584459478906,0.14831836613434501
0.18,0.849736075419707,0.0019455584459478906,0.14831836613434501
0.2,0.849736075419707,0.0019455584459478906,0.14831836613434501
0.22,0.849736075419707,0.0019455584459478906,0.14831836613434501
0.24,0.849736075419707,0.0019455584459478906,0.14831836613434501
0.26,0.849736075419707,0.0019455584459478906,0.14831836613434501
0.28,0.8344039852623988,0.009052070399681526,0.15654394433791957
0.3,0.8190718951050906,0.01615858235341516,0.1647695225414941
0.32,0.8037398049477824,0.023265094307148793,0.17299510074506866
0.34,0.7884077147904742,0.03037160626088243,0.1812206789486432
0.36,0.773075624633166,0.037478118214616066,0.18944625715221775
0.38,0.7577435344758578,0.044584630168349695,0.1976718353557923
0.4,0.7424114443185497,0.05169114212208333,0.20589741355936686
0.42,0.7270793541612415,0.05879765407581697,0.2141229917629414
0.44,0.7117472640039333,0.0659041660295506,0.22234856996651592
0.46,0.6964151738466251,0.07301067798328424,0.23057414817009048
0.48,0.6810830836893169,0.08011718993701787,0.23879972637366503
0.5,0.6657509935320087,0.0872237018907515,0.2470253045772396
0.52,0.6504189033747005,0.09433021384448514,0.2552508827808141
0.54,0.6350868132173925,0.10143672579821877,0.2634764609843887
0.56,0.6197547230600843,0.10854323775195242,0.2717020391879632
0.58,0.6044226329027761,0.11564974970568605,0.27992761739153776
0.6,0.5890905427454679,0.12275626165941968,0.2881531955951123
0.62,0.5737584525881597,0.12986277361315332,0.2963787737986868
0.64,0.5584263624308515,0.13696928556688698,0.30460435200226144
0.66,0.5430942722735433,0.1440757975206206,0.31282993020583594
0.68,0.5277621821162352,0.15118230947435424,0.3210555084094105
0.7000000000000001,0.512430091958927,0.15828882142808787,0.32928108661298505
0.72,0.4970980018016188,0.1653953333818215,0.33750666481655955
0.74,0.4817659116443106,0.17250184533555513,0.34573224302013417
0.76,0.4664338214870024,0.17960835728928878,0.35395782122370867
0.78,0.4511017313296942,0.1867148692430224,0.3621833994272832
0.8,0.4357696411723861,0.19382138119675604,0.3704089776308578
0.8200000000000001,0.4204375510150779,0.20092789315048967,0.37863455583443234
0.84,0.4051054608577697,0.2080344051042233,0.3868601340380069
0.86,0.4051054608577697,0.2080344051042233,0.3868601340380069
0.88,0.4051054608577697,0.2080344051042233,0.3868601340380069
0.9,0.4051054608577697,0.2080344051042233,0.3868601340380069
0.92,0.4051054608577697,0.2080344051042233,0.3868601340380069
0.9400000000000001,0.4051054608577697,0.2080344051042233,0.3868601340380069
0.96,0.4051054608577697,0.2080344051042233,0.3868601340380069
0.98,0.4051054608577697,0.2080344051042233,0.3868601340380069
1.0,0.4051054608577697,0.2080344051042233,0.3868601340380069
