fraction_of_volc,OH,H2O2,TMI
0.0,0.6492718806582488,0.01838400948384709,0.33234410985790397
0.02,0.6492718806582488,0.01838400948384709,0.33234410985790397
0.04,0.6492718806582488,0.01838400948384709,0.33234410985790397
0.06,0.6492718806582488,0.01838400948384709,0.33234410985790397
0.08,0.6492718806582488,0.01838400948384709,0.33234410985790397
0.1,0.6492718806582488,0.01838400948384709,0.33234410985790397
0.12,0.6492718806582488,0.01838400948384709,0.33234410985790397
0.14,0.6492718806582488,0.01838400948384709,0.33234410985790397
0.16,0.6492718806582488,0.01838400948384709,0.33234410985790397
0.18,0.6492718806582488,0.01838400948384709,0.33234410985790397
0.2,0.6492718806582488,0.01838400948384709,0.33234410985790397
0.22,0.6492718806582488,0.01838400948384709,0.33234410985790397
0.24,0.6492718806582488,0.01838400948384709,0.33234410985790397
0.26,0.6492718806582488,0.01838400948384709,0.33234410985790397
0.28,0.6492718806582488,0.01838400948384709,0.33234410985790397
0.3,0.6492718806582488,0.01838400948384709,0.33234410985790397
0.32,0.6492718806582488,0.01838400948384709,0.33234410985790397
0.34,0.6492718806582488,0.01838400948384709,0.33234410985790397
0.36,0.6492718806582488,0.01838400948384709,0.33234410985790397
0.38,0.6492718806582488,0.01838400948384709,0.33234410985790397
0.4,0.6492718806582488,0.01838400948384709,0.33234410985790397
0.42,0.6492718806582488,0.01838400948384709,0.33234410985790397
0.44,0.6492718806582488,0.01838400948384709,0.33234410985790397
0.46,0.6492718806582488,0.01838400948384709,0.33234410985790397
0.48,0.6296176892825521,0.0424195363451495,0.32796277437229826
0.5,0.6099634979068554,0.0664550632064519,0.32358143888669255
0.52,0.5903093065311587,0.09049059006775431,0.3192001034010869
0.54,0.570655115155462,0.11452611692905672,0.3148187679154812
0.56,0.5510009237797653,0.13856164379035912,0.3104374324298755
0.58,0.5313467324040686,0.16259717065166152,0.3060560969442698
0.6,0.5116925410283719,0.18663269751296394,0.3016747614586641
0.62,0.4920383496526752,0.21066822437426633,0.2972934259730584
0.64,0.47238415827697844,0.23470375123556872,0.2929120904874527
0.66,0.45272996690128176,0.25873927809687114,0.288530755001847
0.68,0.43307577552558507,0.2827748049581736,0.28414941951624134
0.7000000000000001,0.4134215841498884,0.306810331819476,0.27976808403063563
0.72,0.39376739277419165,0.33084585868077837,0.2753867485450299
0.74,0.37411320139849497,0.3548813855420808,0.2710054130594242
0.76,0.3544590100227982,0.3789169124033832,0.26662407757381856
0.78,0.33480481864710154,0.4029524392646856,0.26224274208821285
0.8,0.31515062727140486,0.426987966125988,0.25786140660260715
0.8200000000000001,0.2954964358957081,0.4510234929872904,0.25348007111700144
0.84,0.27584224452001144,0.47505901984859283,0.24909873563139576
0.86,0.2561880531443147,0.4990945467098952,0.24471740014579008
0.88,0.23653386176861801,0.5231300735711977,0.24033606466018437
0.9,0.21687967039292136,0.5471656004325001,0.23595472917457866
0.92,0.21687967039292136,0.5471656004325001,0.23595472917457866
0.9400000000000001,0.21687967039292136,0.5471656004325001,0.23595472917457866
0.96,0.21687967039292136,0.5471656004325001,0.23595472917457866
0.98,0.21687967039292136,0.5471656004325001,0.23595472917457866
1.0,0.21687967039292136,0.5471656004325001,0.23595472917457866
