fraction_of_volc,OH,H2O2,TMI
0.0,0.03605468618133234,0.2928587089064161,0.6710866049122516
0.02,0.03605468618133234,0.2928587089064161,0.6710866049122516
0.04,0.03605468618133234,0.2928587089064161,0.6710866049122516
0.06,0.03605468618133234,0.2928587089064161,0.6710866049122516
0.08,0.03605468618133234,0.2928587089064161,0.6710866049122516
0.1,0.03605468618133234,0.2928587089064161,0.6710866049122516
0.12,0.03605468618133234,0.2928587089064161,0.6710866049122516
0.14,0.03605468618133234,0.2928587089064161,0.6710866049122516
0.16,0.03605468618133234,0.2928587089064161,0.6710866049122516
0.18,0.03605468618133234,0.2928587089064161,0.6710866049122516
0.2,0.03605468618133234,0.2928587089064161,0.6710866049122516
0.22,0.03605468618133234,0.2928587089064161,0.6710866049122516
0.24,0.03605468618133234,0.2928587089064161,0.6710866049122516
0.26,0.03605468618133234,0.2928587089064161,0.6710866049122516
0.28,0.054082071082076195,0.2929796090836728,0.652938319834251
0.3,0.07210945598282005,0.2931005092609295,0.6347900347562504
0.32,0.09013684088356391,0.29322140943818625,0.6166417496782498
0.34,0.10816422578430776,0.29334230961544294,0.5984934646002493
0.36,0.1261916106850516,0.2934632097926997,0.5803451795222487
0.38,0.14421899558579548,0.29358410996995643,0.5621968944442481
0.4,0.16224638048653933,0.2937050101472131,0.5440486093662475
0.42,0.18027376538728318,0.29382591032446986,0.525900324288247
0.44,0.19830115028802703,0.29394681050172655,0.5077520392102464
0.46,0.21632853518877088,0.2940677106789833,0.48960375413224577
0.48,0.23435592008951475,0.29418861085624,0.47145546905424524
0.5,0.25238330499025863,0.29430951103349673,0.45330718397624464
0.52,0.2704106898910025,0.2944304112107535,0.43515889889824405
0.54,0.2884380747917463,0.29455131138801016,0.4170106138202435
0.56,0.30646545969249017,0.2946722115652669,0.3988623287422429
0.58,0.324492844593234,0.2947931117425236,0.38071404366424233
0.6,0.34252022949397787,0.29491401191978034,0.36256575858624174
0.62,0.3605476143947217,0.295034912097037,0.34441747350824115
0.64,0.37857499929546556,0.29515581227429377,0.3262691884302406
0.66,0.3966023841962094,0.2952767124515505,0.30812090335224
0.68,0.4146297690969533,0.2953976126288072,0.2899726182742394
0.7000000000000001,0.43265715399769716,0.29551851280606395,0.2718243331962389
0.72,0.450684538898441,0.29563941298332064,0.2536760481182383
0.74,0.46871192379918486,0.2957603131605774,0.2355277630402377
0.76,0.4867393086999287,0.2958812133378341,0.2173794779622371
0.78,0.5047666936006725,0.2960021135150908,0.19923119288423652
0.8,0.5227940785014165,0.29612301369234756,0.18108290780623598
0.8200000000000001,0.5408214634021603,0.29624391386960425,0.16293462272823545
0.84,0.5588488483029042,0.296364814046861,0.14478633765023485
0.86,0.576876233203648,0.29648571422411774,0.12663805257223426
0.88,0.5949036181043919,0.2966066144013744,0.10848976749423367
0.9,0.6129310030051357,0.29672751457863117,0.09034148241623308
0.92,0.6309583879058795,0.29684841475588786,0.07219319733823248
0.9400000000000001,0.6489857728066234,0.2969693149331446,0.05404491226023189
0.96,0.6670131577073672,0.2970902151104013,0.0358966271822313
0.98,0.6850405426081111,0.29721111528765803,0.01774834210423081
1.0,0.6850405426081111,0.29721111528765803,0.01774834210423081
