fraction_of_volc,OH,H2O2,TMI
0.0,0.29257469788682444,0.5592261056975659,0.14819919641560964
0.02,0.29257469788682444,0.5592261056975659,0.14819919641560964
0.04,0.29257469788682444,0.5592261056975659,0.14819919641560964
0.06,0.29257469788682444,0.5592261056975659,0.14819919641560964
0.08,0.29257469788682444,0.5592261056975659,0.14819919641560964
0.1,0.29257469788682444,0.5592261056975659,0.14819919641560964
0.12,0.29257469788682444,0.5592261056975659,0.14819919641560964
0.14,0.29257469788682444,0.5592261056975659,0.14819919641560964
0.16,0.29257469788682444,0.5592261056975659,0.14819919641560964
0.18,0.29257469788682444,0.5592261056975659,0.14819919641560964
0.2,0.29257469788682444,0.5592261056975659,0.14819919641560964
0.22,0.29257469788682444,0.5592261056975659,0.14819919641560964
0.24,0.29257469788682444,0.5592261056975659,0.14819919641560964
0.26,0.29257469788682444,0.5592261056975659,0.14819919641560964
0.28,0.29257469788682444,0.5592261056975659,0.14819919641560964
0.3,0.29257469788682444,0.5592261056975659,0.14819919641560964
0.32,0.2941390443734846,0.5500553695928239,0.1558055860336916
0.34,0.29570339086014474,0.5408846334880817,0.16341197565177357
0.36,0.2972677373468049,0.5317138973833396,0.17101836526985553
0.38,0.29883208383346505,0.5225431612785975,0.1786247548879375
0.4,0.3003964303201252,0.5133724251738554,0.18623114450601946
0.42,0.3019607768067853,0.5042016890691132,0.19383753412410143
0.44,0.30352512329344544,0.49503095296437116,0.2014439237421834
0.46,0.3050894697801056,0.48586021685962905,0.20905031336026536
0.48,0.30665381626676574,0.47668948075488693,0.21665670297834733
0.5,0.3082181627534259,0.46751874465014487,0.2242630925964293
0.52,0.30978250924008605,0.45834800854540275,0.23186948221451126
0.54,0.3113468557267462,0.44917727244066064,0.23947587183259322
0.56,0.31291120221340635,0.4400065363359185,0.2470822614506752
0.58,0.3144755487000665,0.4308358002311764,0.25468865106875715
0.6,0.31603989518672665,0.42166506412643434,0.2622950406868391
0.62,0.31760424167338674,0.41249432802169217,0.2699014303049211
0.64,0.3191685881600469,0.4033235919169501,0.27750781992300305
0.66,0.32073293464670705,0.394152855812208,0.285114209541085
0.68,0.3222972811333672,0.3849821197074659,0.292720599159167
0.7000000000000001,0.32386162762002735,0.37581138360272376,0.30032698877724895
0.72,0.3254259741066875,0.36664064749798164,0.3079333783953309
0.74,0.3254259741066875,0.36664064749798164,0.3079333783953309
0.76,0.3254259741066875,0.36664064749798164,0.3079333783953309
0.78,0.3254259741066875,0.36664064749798164,0.3079333783953309
0.8,0.3254259741066875,0.36664064749798164,0.3079333783953309
0.8200000000000001,0.3254259741066875,0.36664064749798164,0.3079333783953309
0.84,0.3254259741066875,0.36664064749798164,0.3079333783953309
0.86,0.3254259741066875,0.36664064749798164,0.3079333783953309
0.88,0.3254259741066875,0.36664064749798164,0.3079333783953309
0.9,0.3254259741066875,0.36664064749798164,0.3079333783953309
0.92,0.3254259741066875,0.36664064749798164,0.3079333783953309
0.9400000000000001,0.3254259741066875,0.36664064749798164,0.3079333783953309
0.96,0.3254259741066875,0.36664064749798164,0.3079333783953309
0.98,0.3254259741066875,0.36664064749798164,0.3079333783953309
1.0,0.3254259741066875,0.36664064749798164,0.3079333783953309
