fraction_of_volc,OH,H2O2,TMI
0.0,0.570225513849901,0.16606232645603472,0.26371215969406414
0.02,0.570225513849901,0.16606232645603472,0.26371215969406414
0.04,0.570225513849901,0.16606232645603472,0.26371215969406414
0.06,0.570225513849901,0.16606232645603472,0.26371215969406414
0.08,0.570225513849901,0.16606232645603472,0.26371215969406414
0.1,0.570225513849901,0.16606232645603472,0.26371215969406414
0.12,0.570225513849901,0.16606232645603472,0.26371215969406414
0.14,0.570225513849901,0.16606232645603472,0.26371215969406414
0.16,0.570225513849901,0.16606232645603472,0.26371215969406414
0.18,0.570225513849901,0.16606232645603472,0.26371215969406414
0.2,0.5584765791394115,0.1868658442966204,0.25465757656396787
0.22,0.5467276444289221,0.2076693621372061,0.24560299343387162
0.24,0.5349787097184326,0.2284728799777918,0.23654841030377535
0.26,0.5232297750079432,0.2492763978183775,0.2274938271736791
0.28,0.5114808402974538,0.27007991565896317,0.21843924404358284
0.3,0.4997319055869644,0.29088343349954887,0.20938466091348656
0.32,0.48798297087647496,0.3116869513401346,0.2003300777833903
0.34,0.4762340361659856,0.3324904691807202,0.19127549465329405
0.36,0.46448510145549615,0.353293987021306,0.1822209115231978
0.38,0.4527361667450067,0.37409750486189164,0.17316632839310153
0.4,0.4409872320345173,0.3949010227024773,0.16411174526300526
0.42,0.42923829732402785,0.41570454054306305,0.155057162132909
0.44,0.4174893626135384,0.4365080583836487,0.14600257900281274
0.46,0.405740427903049,0.45731157622423435,0.13694799587271647
0.48,0.3939914931925596,0.4781150940648201,0.12789341274262023
0.5,0.38224255848207017,0.49891861190540576,0.11883882961252396
0.52,0.37049362377158074,0.5197221297459915,0.10978424648242768
0.54,0.35874468906109136,0.5405256475865772,0.10072966335233144
0.56,0.3469957543506019,0.5613291654271628,0.09167508022223517
0.58,0.3352468196401125,0.5821326832677486,0.08262049709213892
0.6,0.32349788492962306,0.6029362011083342,0.07356591396204265
0.62,0.3117489502191336,0.6237397189489199,0.06451133083194639
0.64,0.3117489502191336,0.6237397189489199,0.06451133083194639
0.66,0.3117489502191336,0.6237397189489199,0.06451133083194639
0.68,0.3117489502191336,0.6237397189489199,0.06451133083194639
0.7000000000000001,0.3117489502191336,0.6237397189489199,0.06451133083194639
0.72,0.3117489502191336,0.6237397189489199,0.06451133083194639
0.74,0.3117489502191336,0.6237397189489199,0.06451133083194639
0.76,0.3117489502191336,0.6237397189489199,0.06451133083194639
0.78,0.3117489502191336,0.6237397189489199,0.06451133083194639
0.8,0.3117489502191336,0.6237397189489199,0.06451133083194639
0.8200000000000001,0.3117489502191336,0.6237397189489199,0.06451133083194639
0.84,0.3117489502191336,0.6237397189489199,0.06451133083194639
0.86,0.3117489502191336,0.6237397189489199,0.06451133083194639
0.88,0.3117489502191336,0.6237397189489199,0.06451133083194639
0.9,0.3117489502191336,0.6237397189489199,0.06451133083194639
0.92,0.3117489502191336,0.6237397189489199,0.06451133083194639
0.9400000000000001,0.3117489502191336,0.6237397189489199,0.06451133083194639
0.96,0.3117489502191336,0.6237397189489199,0.06451133083194639
0.98,0.3117489502191336,0.6237397189489199,0.06451133083194639
1.0,0.3117489502191336,0.6237397189489199,0.06451133083194639
