fraction_of_volc,OH,H2O2,TMI
0.0,0.1365723280287019,0.34089448392891925,0.5225331880423788
0.02,0.1365723280287019,0.34089448392891925,0.5225331880423788
0.04,0.1365723280287019,0.34089448392891925,0.5225331880423788
0.06,0.1365723280287019,0.34089448392891925,0.5225331880423788
0.08,0.1365723280287019,0.34089448392891925,0.5225331880423788
0.1,0.1365723280287019,0.34089448392891925,0.5225331880423788
0.12,0.1365723280287019,0.34089448392891925,0.5225331880423788
0.14,0.1365723280287019,0.34089448392891925,0.5225331880423788
0.16,0.1365723280287019,0.34089448392891925,0.5225331880423788
0.18,0.1365723280287019,0.34089448392891925,0.5225331880423788
0.2,0.1365723280287019,0.34089448392891925,0.5225331880423788
0.22,0.1365723280287019,0.34089448392891925,0.5225331880423788
0.24,0.1365723280287019,0.34089448392891925,0.5225331880423788
0.26,0.1365723280287019,0.34089448392891925,0.5225331880423788
0.28,0.1365723280287019,0.34089448392891925,0.5225331880423788
0.3,0.14945574950561458,0.33909494613852814,0.5114493043558572
0.32,0.16233917098252726,0.33729540834813704,0.5003654206693356
0.34,0.17522259245943994,0.3354958705577459,0.4892815369828141
0.36,0.18810601393635262,0.3336963327673548,0.47819765329629255
0.38,0.2009894354132653,0.33189679497696367,0.467113769609771
0.4,0.213872856890178,0.33009725718657257,0.45602988592324945
0.42,0.22675627836709067,0.3282977193961814,0.44494600223672787
0.44,0.23963969984400335,0.3264981816057903,0.43386211855020634
0.46,0.25252312132091603,0.3246986438153992,0.42277823486368477
0.48,0.2654065427978287,0.3228991060250081,0.41169435117716324
0.5,0.2782899642747414,0.32109956823461694,0.40061046749064166
0.52,0.2911733857516541,0.31930003044422584,0.3895265838041201
0.54,0.30405680722856676,0.31750049265383473,0.3784427001175985
0.56,0.31694022870547944,0.31570095486344363,0.367358816431077
0.58,0.3298236501823921,0.31390141707305247,0.3562749327445554
0.6,0.3427070716593048,0.31210187928266137,0.3451910490580339
0.62,0.3555904931362175,0.31030234149227026,0.3341071653715123
0.64,0.36847391461313017,0.30850280370187916,0.3230232816849907
0.66,0.38135733609004285,0.306703265911488,0.31193939799846915
0.68,0.39424075756695554,0.3049037281210969,0.3008555143119476
0.7000000000000001,0.4071241790438682,0.3031041903307058,0.28977163062542605
0.72,0.4200076005207809,0.3013046525403147,0.2786877469389045
0.74,0.4328910219976936,0.29950511474992353,0.26760386325238295
0.76,0.44577444347460626,0.2977055769595324,0.25651997956586137
0.78,0.45865786495151895,0.2959060391691413,0.24543609587933984
0.8,0.4715412864284316,0.2941065013787502,0.23435221219281827
0.8200000000000001,0.4844247079053443,0.29230696358835906,0.2232683285062967
0.84,0.497308129382257,0.29050742579796796,0.21218444481977516
0.86,0.5101915508591697,0.28870788800757685,0.20110056113325359
0.88,0.5230749723360824,0.28690835021718575,0.190016677446732
0.9,0.535958393812995,0.28510881242679464,0.17893279376021048
0.92,0.5488418152899077,0.2833092746364035,0.1678489100736889
0.9400000000000001,0.5617252367668204,0.2815097368460124,0.15676502638716733
0.96,0.5617252367668204,0.2815097368460124,0.15676502638716733
0.98,0.5617252367668204,0.2815097368460124,0.15676502638716733
1.0,0.5617252367668204,0.2815097368460124,0.15676502638716733
