fraction_of_volc,OH,H2O2,TMI
0.0,0.13298693678443468,0.4108651084409447,0.45614795477462067
0.02,0.13298693678443468,0.4108651084409447,0.45614795477462067
0.04,0.13298693678443468,0.4108651084409447,0.45614795477462067
0.06,0.13298693678443468,0.4108651084409447,0.45614795477462067
0.08,0.13298693678443468,0.4108651084409447,0.45614795477462067
0.1,0.13298693678443468,0.4108651084409447,0.45614795477462067
0.12,0.13298693678443468,0.4108651084409447,0.45614795477462067
0.14,0.13298693678443468,0.4108651084409447,0.45614795477462067
0.16,0.13298693678443468,0.4108651084409447,0.45614795477462067
0.18,0.13298693678443468,0.4108651084409447,0.45614795477462067
0.2,0.13298693678443468,0.4108651084409447,0.45614795477462067
0.22,0.13298693678443468,0.4108651084409447,0.45614795477462067
0.24,0.13298693678443468,0.4108651084409447,0.45614795477462067
0.26,0.13298693678443468,0.4108651084409447,0.45614795477462067
0.28,0.13298693678443468,0.4108651084409447,0.45614795477462067
0.3,0.13298693678443468,0.4108651084409447,0.45614795477462067
0.32,0.13298693678443468,0.4108651084409447,0.45614795477462067
0.34,0.13298693678443468,0.4108651084409447,0.45614795477462067
0.36,0.13298693678443468,0.4108651084409447,0.45614795477462067
0.38,0.13298693678443468,0.4108651084409447,0.45614795477462067
0.4,0.13298693678443468,0.4108651084409447,0.45614795477462067
0.42,0.13298693678443468,0.4108651084409447,0.45614795477462067
0.44,0.13298693678443468,0.4108651084409447,0.45614795477462067
0.46,0.13298693678443468,0.4108651084409447,0.45614795477462067
0.48,0.13298693678443468,0.4108651084409447,0.45614795477462067
0.5,0.13298693678443468,0.4108651084409447,0.45614795477462067
0.52,0.13298693678443468,0.4108651084409447,0.45614795477462067
0.54,0.13298693678443468,0.4108651084409447,0.45614795477462067
0.56,0.13298693678443468,0.4108651084409447,0.45614795477462067
0.58,0.13298693678443468,0.4108651084409447,0.45614795477462067
0.6,0.15281400494210487,0.3916986623032172,0.45548733275467795
0.62,0.17264107309977506,0.3725322161654897,0.45482671073473524
0.64,0.19246814125744527,0.35336577002776226,0.4541660887147925
0.66,0.21229520941511543,0.33419932389003476,0.4535054666948498
0.68,0.23212227757278564,0.31503287775230726,0.4528448446749071
0.7000000000000001,0.2519493457304558,0.2958664316145798,0.4521842226549644
0.72,0.271776413888126,0.2766999854768523,0.45152360063502167
0.74,0.2916034820457962,0.2575335393391248,0.45086297861507896
0.76,0.3114305502034664,0.23836709320139732,0.45020235659513624
0.78,0.33125761836113654,0.21920064706366985,0.44954173457519353
0.8,0.35108468651880675,0.20003420092594237,0.4488811125552508
0.8200000000000001,0.37091175467647697,0.18086775478821487,0.4482204905353081
0.84,0.3907388228341471,0.16170130865048737,0.4475598685153654
0.86,0.41056589099181734,0.14253486251275993,0.4468992464954227
0.88,0.4303929591494875,0.12336841637503243,0.44623862447547996
0.9,0.4502200273071577,0.10420197023730493,0.44557800245553725
0.92,0.4700470954648279,0.08503552409957743,0.44491738043559453
0.9400000000000001,0.4898741636224981,0.06586907796184993,0.4442567584156518
0.96,0.5097012317801684,0.04670263182412249,0.4435961363957091
0.98,0.5295282999378385,0.027536185686394984,0.4429355143757664
1.0,0.5295282999378385,0.027536185686394984,0.4429355143757664
