fraction_of_volc,OH,H2O2,TMI
0.0,0.18955383241714716,0.5722967790141136,0.23814938856873913
0.02,0.18955383241714716,0.5722967790141136,0.23814938856873913
0.04,0.18955383241714716,0.5722967790141136,0.23814938856873913
0.06,0.18955383241714716,0.5722967790141136,0.23814938856873913
0.08,0.18955383241714716,0.5722967790141136,0.23814938856873913
0.1,0.18955383241714716,0.5722967790141136,0.23814938856873913
0.12,0.18955383241714716,0.5722967790141136,0.23814938856873913
0.14,0.18955383241714716,0.5722967790141136,0.23814938856873913
0.16,0.18955383241714716,0.5722967790141136,0.23814938856873913
0.18,0.18955383241714716,0.5722967790141136,0.23814938856873913
0.2,0.18955383241714716,0.5722967790141136,0.23814938856873913
0.22,0.18955383241714716,0.5722967790141136,0.23814938856873913
0.24,0.18955383241714716,0.5722967790141136,0.23814938856873913
0.26,0.18955383241714716,0.5722967790141136,0.23814938856873913
0.28,0.18955383241714716,0.5722967790141136,0.23814938856873913
0.3,0.18955383241714716,0.5722967790141136,0.23814938856873913
0.32,0.18955383241714716,0.5722967790141136,0.23814938856873913
0.34,0.18955383241714716,0.5722967790141136,0.23814938856873913
0.36,0.18955383241714716,0.5722967790141136,0.23814938856873913
0.38,0.18955383241714716,0.5722967790141136,0.23814938856873913
0.4,0.18955383241714716,0.5722967790141136,0.23814938856873913
0.42,0.18955383241714716,0.5722967790141136,0.23814938856873913
0.44,0.18955383241714716,0.5722967790141136,0.23814938856873913
0.46,0.18955383241714716,0.5722967790141136,0.23814938856873913
0.48,0.18955383241714716,0.5722967790141136,0.23814938856873913
0.5,0.22370769153935668,0.5401166983879699,0.23617561007267326
0.52,0.25786155066156624,0.5079366177618263,0.2342018315766074
0.54,0.2920154097837757,0.47575653713568256,0.23222805308054156
0.56,0.3261692689059853,0.4435764565095389,0.2302542745844757
0.58,0.3603231280281948,0.4113963758833953,0.22828049608840983
0.6,0.39447698715040436,0.3792162952572516,0.226306717592344
0.62,0.42863084627261383,0.3470362146311079,0.22433293909627813
0.64,0.4627847053948234,0.31485613400496426,0.22235916060021227
0.66,0.4969385645170329,0.2826760533788206,0.2203853821041464
0.68,0.5310924236392425,0.25049597275267693,0.21841160360808054
0.7000000000000001,0.565246282761452,0.21831589212653324,0.2164378251120147
0.72,0.5994001418836615,0.1861358115003896,0.21446404661594884
0.74,0.633554001005871,0.15395573087424597,0.21249026811988297
0.76,0.6677078601280806,0.12177565024810227,0.21051648962381714
0.78,0.7018617192502902,0.08959556962195858,0.20854271112775127
0.8,0.7360155783724996,0.0574154889958149,0.2065689326316854
0.8200000000000001,0.7360155783724996,0.0574154889958149,0.2065689326316854
0.84,0.7360155783724996,0.0574154889958149,0.2065689326316854
0.86,0.7360155783724996,0.0574154889958149,0.2065689326316854
0.88,0.7360155783724996,0.0574154889958149,0.2065689326316854
0.9,0.7360155783724996,0.0574154889958149,0.2065689326316854
0.92,0.7360155783724996,0.0574154889958149,0.2065689326316854
0.9400000000000001,0.7360155783724996,0.0574154889958149,0.2065689326316854
0.96,0.7360155783724996,0.0574154889958149,0.2065689326316854
0.98,0.7360155783724996,0.0574154889958149,0.2065689326316854
1.0,0.7360155783724996,0.0574154889958149,0.2065689326316854
