fraction_of_volc,OH,H2O2,TMI
0.0,0.6347954821285506,0.09982247156029883,0.2653820463111505
0.02,0.6347954821285506,0.09982247156029883,0.2653820463111505
0.04,0.6347954821285506,0.09982247156029883,0.2653820463111505
0.06,0.6347954821285506,0.09982247156029883,0.2653820463111505
0.08,0.6347954821285506,0.09982247156029883,0.2653820463111505
0.1,0.6347954821285506,0.09982247156029883,0.2653820463111505
0.12,0.6347954821285506,0.09982247156029883,0.2653820463111505
0.14,0.6347954821285506,0.09982247156029883,0.2653820463111505
0.16,0.6347954821285506,0.09982247156029883,0.2653820463111505
0.18,0.6347954821285506,0.09982247156029883,0.2653820463111505
0.2,0.6347954821285506,0.09982247156029883,0.2653820463111505
0.22,0.6347954821285506,0.09982247156029883,0.2653820463111505
0.24,0.6347954821285506,0.09982247156029883,0.2653820463111505
0.26,0.6347954821285506,0.09982247156029883,0.2653820463111505
0.28,0.6347954821285506,0.09982247156029883,0.2653820463111505
0.3,0.6347954821285506,0.09982247156029883,0.2653820463111505
0.32,0.6347954821285506,0.09982247156029883,0.2653820463111505
0.34,0.6347954821285506,0.09982247156029883,0.2653820463111505
0.36,0.6164111966745566,0.12484405861660794,0.25874474470883546
0.38,0.5980269112205624,0.14986564567291705,0.25210744310652045
0.4,0.5796426257665683,0.17488723272922618,0.24547014150420546
0.42,0.5612583403125743,0.19990881978553526,0.23883283990189044
0.44,0.5428740548585802,0.2249304068418444,0.23219553829957545
0.46,0.524489769404586,0.2499519938981535,0.22555823669726044
0.48,0.506105483950592,0.2749735809544626,0.21892093509494542
0.5,0.506105483950592,0.2749735809544626,0.21892093509494542
0.52,0.506105483950592,0.2749735809544626,0.21892093509494542
0.54,0.506105483950592,0.2749735809544626,0.21892093509494542
0.56,0.506105483950592,0.2749735809544626,0.21892093509494542
0.58,0.506105483950592,0.2749735809544626,0.21892093509494542
0.6,0.506105483950592,0.2749735809544626,0.21892093509494542
0.62,0.506105483950592,0.2749735809544626,0.21892093509494542
0.64,0.506105483950592,0.2749735809544626,0.21892093509494542
0.66,0.506105483950592,0.2749735809544626,0.21892093509494542
0.68,0.506105483950592,0.2749735809544626,0.21892093509494542
0.7000000000000001,0.506105483950592,0.2749735809544626,0.21892093509494542
0.72,0.506105483950592,0.2749735809544626,0.21892093509494542
0.74,0.506105483950592,0.2749735809544626,0.21892093509494542
0.76,0.506105483950592,0.2749735809544626,0.21892093509494542
0.78,0.506105483950592,0.2749735809544626,0.21892093509494542
0.8,0.506105483950592,0.2749735809544626,0.21892093509494542
0.8200000000000001,0.506105483950592,0.2749735809544626,0.21892093509494542
0.84,0.506105483950592,0.2749735809544626,0.21892093509494542
0.86,0.506105483950592,0.2749735809544626,0.21892093509494542
0.88,0.506105483950592,0.2749735809544626,0.21892093509494542
0.9,0.506105483950592,0.2749735809544626,0.21892093509494542
0.92,0.506105483950592,0.2749735809544626,0.21892093509494542
0.9400000000000001,0.506105483950592,0.2749735809544626,0.21892093509494542
0.96,0.506105483950592,0.2749735809544626,0.21892093509494542
0.98,0.506105483950592,0.2749735809544626,0.21892093509494542
1.0,0.506105483950592,0.2749735809544626,0.21892093509494542
