fraction_of_volc,OH,H2O2,TMI
0.0,0.5964308842890365,0.1630534888673927,0.24051562684357086
0.02,0.5964308842890365,0.1630534888673927,0.24051562684357086
0.04,0.5964308842890365,0.1630534888673927,0.24051562684357086
0.06,0.5964308842890365,0.1630534888673927,0.24051562684357086
0.08,0.5964308842890365,0.1630534888673927,0.24051562684357086
0.1,0.5964308842890365,0.1630534888673927,0.24051562684357086
0.12,0.5964308842890365,0.1630534888673927,0.24051562684357086
0.14,0.5964308842890365,0.1630534888673927,0.24051562684357086
0.16,0.5964308842890365,0.1630534888673927,0.24051562684357086
0.18,0.5964308842890365,0.1630534888673927,0.24051562684357086
0.2,0.5964308842890365,0.1630534888673927,0.24051562684357086
0.22,0.5964308842890365,0.1630534888673927,0.24051562684357086
0.24,0.5964308842890365,0.1630534888673927,0.24051562684357086
0.26,0.5964308842890365,0.1630534888673927,0.24051562684357086
0.28,0.5964308842890365,0.1630534888673927,0.24051562684357086
0.3,0.5964308842890365,0.1630534888673927,0.24051562684357086
0.32,0.5964308842890365,0.1630534888673927,0.24051562684357086
0.34,0.5964308842890365,0.1630534888673927,0.24051562684357086
0.36,0.5964308842890365,0.1630534888673927,0.24051562684357086
0.38,0.5964308842890365,0.1630534888673927,0.24051562684357086
0.4,0.5964308842890365,0.1630534888673927,0.24051562684357086
0.42,0.5964308842890365,0.1630534888673927,0.24051562684357086
0.44,0.5811021733100716,0.16853402420246663,0.2503638024874618
0.46,0.5657734623311067,0.17401455953754053,0.2602119781313528
0.48,0.5504447513521419,0.17949509487261445,0.2700601537752437
0.5,0.535116040373177,0.18497563020768834,0.2799083294191347
0.52,0.5197873293942121,0.19045616554276226,0.28975650506302564
0.54,0.5044586184152473,0.19593670087783616,0.2996046807069166
0.56,0.4891299074362824,0.20141723621291008,0.3094528563508075
0.58,0.47380119645731755,0.206897771547984,0.31930103199469845
0.6,0.4584724854783526,0.2123783068830579,0.3291492076385894
0.62,0.4431437744993878,0.2178588422181318,0.33899738328248036
0.64,0.4278150635204229,0.2233393775532057,0.3488455589263713
0.66,0.41248635254145805,0.22881991288827963,0.35869373457026227
0.68,0.3971576415624932,0.23430044822335355,0.3685419102141532
0.7000000000000001,0.3818289305835283,0.23978098355842745,0.3783900858580441
0.72,0.36650021960456347,0.24526151889350134,0.3882382615019351
0.74,0.3511715086255986,0.25074205422857526,0.39808643714582603
0.76,0.3358427976466337,0.2562225895636492,0.407934612789717
0.78,0.32051408666766884,0.26170312489872305,0.41778278843360794
0.8,0.305185375688704,0.26718366023379697,0.4276309640774989
0.8200000000000001,0.28985666470973914,0.2726641955688709,0.43747913972138985
0.84,0.27452795373077427,0.2781447309039448,0.4473273153652808
0.86,0.2591992427518094,0.28362526623901874,0.45717549100917176
0.88,0.2438705317728445,0.2891058015740926,0.4670236666530627
0.9,0.22854182079387964,0.2945863369091666,0.4768718422969537
0.92,0.2132131098149148,0.30006687224424045,0.48672001794084463
0.9400000000000001,0.2132131098149148,0.30006687224424045,0.48672001794084463
0.96,0.2132131098149148,0.30006687224424045,0.48672001794084463
0.98,0.2132131098149148,0.30006687224424045,0.48672001794084463
1.0,0.2132131098149148,0.30006687224424045,0.48672001794084463
