fraction_of_volc,OH,H2O2,TMI
0.0,0.7887855914241569,0.0008335693189288222,0.2103808392569143
0.02,0.7887855914241569,0.0008335693189288222,0.2103808392569143
0.04,0.7887855914241569,0.0008335693189288222,0.2103808392569143
0.06,0.7887855914241569,0.0008335693189288222,0.2103808392569143
0.08,0.7887855914241569,0.0008335693189288222,0.2103808392569143
0.1,0.7887855914241569,0.0008335693189288222,0.2103808392569143
0.12,0.7887855914241569,0.0008335693189288222,0.2103808392569143
0.14,0.7887855914241569,0.0008335693189288222,0.2103808392569143
0.16,0.7887855914241569,0.0008335693189288222,0.2103808392569143
0.18,0.7887855914241569,0.0008335693189288222,0.2103808392569143
0.2,0.7887855914241569,0.0008335693189288222,0.2103808392569143
0.22,0.7887855914241569,0.0008335693189288222,0.2103808392569143
0.24,0.7887855914241569,0.0008335693189288222,0.2103808392569143
0.26,0.7887855914241569,0.0008335693189288222,0.2103808392569143
0.28,0.7887855914241569,0.0008335693189288222,0.2103808392569143
0.3,0.7887855914241569,0.0008335693189288222,0.2103808392569143
0.32,0.7887855914241569,0.0008335693189288222,0.2103808392569143
0.34,0.7887855914241569,0.0008335693189288222,0.2103808392569143
0.36,0.7887855914241569,0.0008335693189288222,0.2103808392569143
0.38,0.7887855914241569,0.0008335693189288222,0.2103808392569143
0.4,0.7887855914241569,0.0008335693189288222,0.2103808392569143
0.42,0.7887855914241569,0.0008335693189288222,0.2103808392569143
0.44,0.7887855914241569,0.0008335693189288222,0.2103808392569143
0.46,0.7887855914241569,0.0008335693189288222,0.2103808392569143
0.48,0.7887855914241569,0.0008335693189288222,0.2103808392569143
0.5,0.7887855914241569,0.0008335693189288222,0.2103808392569143
0.52,0.7877773901378237,0.016037869090632928,0.1961847407715435
0.54,0.7867691888514904,0.031242168862337032,0.18198864228617265
0.56,0.7857609875651571,0.04644646863404113,0.16779254380080183
0.58,0.7847527862788238,0.06165076840574524,0.15359644531543099
0.6,0.7837445849924906,0.07685506817744935,0.13940034683006017
0.62,0.7827363837061573,0.09205936794915344,0.12520424834468935
0.64,0.781728182419824,0.10726366772085755,0.11100814985931852
0.66,0.7807199811334907,0.12246796749256166,0.09681205137394769
0.68,0.7797117798471574,0.13767226726426576,0.08261595288857687
0.7000000000000001,0.7787035785608242,0.15287656703596988,0.06841985440320604
0.72,0.7787035785608242,0.15287656703596988,0.06841985440320604
0.74,0.7787035785608242,0.15287656703596988,0.06841985440320604
0.76,0.7787035785608242,0.15287656703596988,0.06841985440320604
0.78,0.7787035785608242,0.15287656703596988,0.06841985440320604
0.8,0.7787035785608242,0.15287656703596988,0.06841985440320604
0.8200000000000001,0.7787035785608242,0.15287656703596988,0.06841985440320604
0.84,0.7787035785608242,0.15287656703596988,0.06841985440320604
0.86,0.7787035785608242,0.15287656703596988,0.06841985440320604
0.88,0.7787035785608242,0.15287656703596988,0.06841985440320604
0.9,0.7787035785608242,0.15287656703596988,0.06841985440320604
0.92,0.7787035785608242,0.15287656703596988,0.06841985440320604
0.9400000000000001,0.7787035785608242,0.15287656703596988,0.06841985440320604
0.96,0.7787035785608242,0.15287656703596988,0.06841985440320604
0.98,0.7787035785608242,0.15287656703596988,0.06841985440320604
1.0,0.7787035785608242,0.15287656703596988,0.06841985440320604
