fraction_of_volc,OH,H2O2,TMI
0.0,0.3055207395507431,0.4875533659983075,0.20692589445094944
0.02,0.3055207395507431,0.4875533659983075,0.20692589445094944
0.04,0.3055207395507431,0.4875533659983075,0.20692589445094944
0.06,0.3055207395507431,0.4875533659983075,0.20692589445094944
0.08,0.3055207395507431,0.4875533659983075,0.20692589445094944
0.1,0.3055207395507431,0.4875533659983075,0.20692589445094944
0.12,0.3055207395507431,0.4875533659983075,0.20692589445094944
0.14,0.3055207395507431,0.4875533659983075,0.20692589445094944
0.16,0.3055207395507431,0.4875533659983075,0.20692589445094944
0.18,0.3055207395507431,0.4875533659983075,0.20692589445094944
0.2,0.3055207395507431,0.4875533659983075,0.20692589445094944
0.22,0.3055207395507431,0.4875533659983075,0.20692589445094944
0.24,0.3055207395507431,0.4875533659983075,0.20692589445094944
0.26,0.3055207395507431,0.4875533659983075,0.20692589445094944
0.28,0.3055207395507431,0.4875533659983075,0.20692589445094944
0.3,0.3055207395507431,0.4875533659983075,0.20692589445094944
0.32,0.3055207395507431,0.4875533659983075,0.20692589445094944
0.34,0.3055207395507431,0.4875533659983075,0.20692589445094944
0.36,0.3055207395507431,0.4875533659983075,0.20692589445094944
0.38,0.3055207395507431,0.4875533659983075,0.20692589445094944
0.4,0.3055207395507431,0.4875533659983075,0.20692589445094944
0.42,0.3055207395507431,0.4875533659983075,0.20692589445094944
0.44,0.29472413644091944,0.47880813882340423,0.2264677247356764
0.46,0.2839275333310957,0.470062911648501,0.24600955502040336
0.48,0.273130930221272,0.4613176844735977,0.26555138530513034
0.5,0.26233432711144833,0.45257245729869444,0.2850932155898573
0.52,0.25153772400162466,0.44382723012379116,0.30463504587458423
0.54,0.24074112089180094,0.4350820029488879,0.32417687615931123
0.56,0.22994451778197725,0.42633677577398466,0.3437187064440382
0.58,0.21914791467215355,0.4175915485990814,0.3632605367287651
0.6,0.20835131156232986,0.4088463214241781,0.3828023670134921
0.62,0.19755470845250617,0.40010109424927487,0.402344197298219
0.64,0.18675810534268247,0.3913558670743716,0.421886027582946
0.66,0.17596150223285878,0.3826106398994683,0.44142785786767297
0.68,0.16516489912303509,0.373865412724565,0.4609696881523999
0.7000000000000001,0.1543682960132114,0.36512018554966175,0.4805115184371269
0.72,0.1435716929033877,0.3563749583747585,0.5000533487218539
0.74,0.132775089793564,0.34762973119985524,0.5195951790065808
0.76,0.12197848668374031,0.33888450402495196,0.5391370092913077
0.78,0.11118188357391662,0.33013927685004874,0.5586788395760347
0.8,0.10038528046409292,0.32139404967514545,0.5782206698607617
0.8200000000000001,0.10038528046409292,0.32139404967514545,0.5782206698607617
0.84,0.10038528046409292,0.32139404967514545,0.5782206698607617
0.86,0.10038528046409292,0.32139404967514545,0.5782206698607617
0.88,0.10038528046409292,0.32139404967514545,0.5782206698607617
0.9,0.10038528046409292,0.32139404967514545,0.5782206698607617
0.92,0.10038528046409292,0.32139404967514545,0.5782206698607617
0.9400000000000001,0.10038528046409292,0.32139404967514545,0.5782206698607617
0.96,0.10038528046409292,0.32139404967514545,0.5782206698607617
0.98,0.10038528046409292,0.32139404967514545,0.5782206698607617
1.0,0.10038528046409292,0.32139404967514545,0.5782206698607617
