fraction_of_volc,OH,H2O2,TMI
0.0,0.030908001334651367,0.965008112287259,0.004083886378089442
0.02,0.030908001334651367,0.965008112287259,0.004083886378089442
0.04,0.030908001334651367,0.965008112287259,0.004083886378089442
0.06,0.033924546641355725,0.9540355573162679,0.012039896042376232
0.08,0.036941091948060084,0.9430630023452767,0.01999590570666302
0.1,0.03995763725476445,0.9320904473742856,0.027951915370949813
0.12,0.04297418256146881,0.9211178924032944,0.035907925035236606
0.14,0.04599072786817317,0.9101453374323033,0.0438639346995234
0.16,0.04900727317487753,0.8991727824613122,0.05181994436381018
0.18,0.05202381848158189,0.888200227490321,0.059775954028096975
0.2,0.05504036378828625,0.8772276725193299,0.06773196369238377
0.22,0.05805690909499061,0.8662551175483387,0.07568797335667056
0.24,0.06107345440169497,0.8552825625773475,0.08364398302095735
0.26,0.06408999970839933,0.8443100076063563,0.09159999268524414
0.28,0.06710654501510369,0.8333374526353652,0.09955600234953092
0.3,0.07012309032180805,0.822364897664374,0.10751201201381771
0.32,0.07313963562851242,0.8113923426933829,0.11546802167810451
0.34,0.07615618093521678,0.8004197877223918,0.1234240313423913
0.36,0.07917272624192113,0.7894472327514006,0.13138004100667808
0.38,0.08218927154862549,0.7784746777804095,0.13933605067096486
0.4,0.08520581685532985,0.7675021228094183,0.14729206033525166
0.42,0.08822236216203422,0.7565295678384272,0.15524806999953844
0.44,0.09123890746873858,0.745557012867436,0.16320407966382525
0.46,0.09425545277544294,0.7345844578964449,0.17116008932811203
0.48,0.0972719980821473,0.7236119029254537,0.17911609899239883
0.5,0.10028854338885165,0.7126393479544626,0.1870721086566856
0.52,0.10330508869555602,0.7016667929834715,0.1950281183209724
0.54,0.10632163400226038,0.6906942380124803,0.2029841279852592
0.56,0.10933817930896474,0.6797216830414892,0.21094013764954597
0.58,0.1123547246156691,0.668749128070498,0.21889614731383278
0.6,0.11537126992237347,0.6577765730995069,0.22685215697811956
0.62,0.11838781522907782,0.6468040181285157,0.23480816664240636
0.64,0.12140436053578219,0.6358314631575246,0.24276417630669314
0.66,0.12442090584248654,0.6248589081865334,0.25072018597097995
0.68,0.12743745114919092,0.6138863532155423,0.2586761956352667
0.7000000000000001,0.13045399645589528,0.6029137982445512,0.2666322052995535
0.72,0.13347054176259962,0.59194124327356,0.2745882149638403
0.74,0.136487087069304,0.5809686883025689,0.2825442246281271
0.76,0.13950363237600832,0.5699961333315777,0.2905002342924139
0.78,0.1425201776827127,0.5590235783605866,0.2984562439567007
0.8,0.14553672298941706,0.5480510233895953,0.30641225362098745
0.8200000000000001,0.14855326829612142,0.5370784684186042,0.3143682632852743
0.84,0.1515698136028258,0.526105913447613,0.32232427294956106
0.86,0.15458635890953015,0.5151333584766219,0.33028028261384784
0.88,0.15760290421623452,0.5041608035056308,0.3382362922781346
0.9,0.16061944952293888,0.4931882485346396,0.34619230194242145
0.92,0.16061944952293888,0.4931882485346396,0.34619230194242145
0.9400000000000001,0.16061944952293888,0.4931882485346396,0.34619230194242145
0.96,0.16061944952293888,0.4931882485346396,0.34619230194242145
0.98,0.16061944952293888,0.4931882485346396,0.34619230194242145
1.0,0.16061944952293888,0.4931882485346396,0.34619230194242145
