fraction_of_volc,OH,H2O2,TMI
0.0,0.13147195566453487,0.8324018710705844,0.03612617326488058
0.02,0.13147195566453487,0.8324018710705844,0.03612617326488058
0.04,0.13147195566453487,0.8324018710705844,0.03612617326488058
0.06,0.13147195566453487,0.8324018710705844,0.03612617326488058
0.08,0.13147195566453487,0.8324018710705844,0.03612617326488058
0.1,0.13147195566453487,0.8324018710705844,0.03612617326488058
0.12,0.13147195566453487,0.8324018710705844,0.03612617326488058
0.14,0.13147195566453487,0.8324018710705844,0.03612617326488058
0.16,0.13147195566453487,0.8324018710705844,0.03612617326488058
0.18,0.13147195566453487,0.8324018710705844,0.03612617326488058
0.2,0.13147195566453487,0.8324018710705844,0.03612617326488058
0.22,0.13147195566453487,0.8324018710705844,0.03612617326488058
0.24,0.13147195566453487,0.8324018710705844,0.03612617326488058
0.26,0.13147195566453487,0.8324018710705844,0.03612617326488058
0.28,0.13147195566453487,0.8324018710705844,0.03612617326488058
0.3,0.13147195566453487,0.8324018710705844,0.03612617326488058
0.32,0.13147195566453487,0.8324018710705844,0.03612617326488058
0.34,0.13147195566453487,0.8324018710705844,0.03612617326488058
0.36,0.13147195566453487,0.8324018710705844,0.03612617326488058
0.38,0.13147195566453487,0.8324018710705844,0.03612617326488058
0.4,0.13266556627823997,0.8205154328635833,0.04681900085817655
0.42,0.13385917689194507,0.8086289946565822,0.05751182845147253
0.44,0.13505278750565017,0.7967425564495811,0.0682046560447685
0.46,0.13624639811935527,0.7848561182425802,0.07889748363806447
0.48,0.13744000873306036,0.7729696800355791,0.08959031123136044
0.5,0.13863361934676546,0.761083241828578,0.10028313882465642
0.52,0.13982722996047056,0.7491968036215769,0.11097596641795238
0.54,0.14102084057417566,0.7373103654145758,0.12166879401124836
0.56,0.14221445118788076,0.7254239272075749,0.13236162160454432
0.58,0.14340806180158586,0.7135374890005738,0.1430544491978403
0.6,0.14460167241529095,0.7016510507935727,0.15374727679113626
0.62,0.14579528302899603,0.6897646125865716,0.16444010438443224
0.64,0.14698889364270112,0.6778781743795705,0.1751329319777282
0.66,0.14818250425640622,0.6659917361725696,0.18582575957102418
0.68,0.14937611487011132,0.6541052979655684,0.19651858716432014
0.7000000000000001,0.15056972548381642,0.6422188597585674,0.20721141475761612
0.72,0.15176333609752152,0.6303324215515663,0.2179042423509121
0.74,0.15295694671122662,0.6184459833445652,0.22859706994420806
0.76,0.15415055732493171,0.6065595451375642,0.23928989753750404
0.78,0.1553441679386368,0.5946731069305631,0.2499827251308
0.8,0.1565377785523419,0.5827866687235621,0.260675552724096
0.8200000000000001,0.157731389166047,0.570900230516561,0.27136838031739197
0.84,0.1589249997797521,0.5590137923095599,0.28206120791068795
0.86,0.1601186103934572,0.5471273541025589,0.29275403550398393
0.88,0.1613122210071623,0.5352409158955578,0.3034468630972799
0.9,0.1625058316208674,0.5233544776885568,0.31413969069057585
0.92,0.1636994422345725,0.5114680394815556,0.32483251828387183
0.9400000000000001,0.1648930528482776,0.49958160127455464,0.3355253458771678
0.96,0.1648930528482776,0.49958160127455464,0.3355253458771678
0.98,0.1648930528482776,0.49958160127455464,0.3355253458771678
1.0,0.1648930528482776,0.49958160127455464,0.3355253458771678
