fraction_of_volc,OH,H2O2,TMI
0.0,0.8006112860152731,0.0015164822258276216,0.19787223175889931
0.02,0.8006112860152731,0.0015164822258276216,0.19787223175889931
0.04,0.8006112860152731,0.0015164822258276216,0.19787223175889931
0.06,0.8006112860152731,0.0015164822258276216,0.19787223175889931
0.08,0.8006112860152731,0.0015164822258276216,0.19787223175889931
0.1,0.8006112860152731,0.0015164822258276216,0.19787223175889931
0.12,0.8006112860152731,0.0015164822258276216,0.19787223175889931
0.14,0.8006112860152731,0.0015164822258276216,0.19787223175889931
0.16,0.8006112860152731,0.0015164822258276216,0.19787223175889931
0.18,0.8006112860152731,0.0015164822258276216,0.19787223175889931
0.2,0.8006112860152731,0.0015164822258276216,0.19787223175889931
0.22,0.8006112860152731,0.0015164822258276216,0.19787223175889931
0.24,0.8006112860152731,0.0015164822258276216,0.19787223175889931
0.26,0.8006112860152731,0.0015164822258276216,0.19787223175889931
0.28,0.8006112860152731,0.0015164822258276216,0.19787223175889931
0.3,0.8006112860152731,0.0015164822258276216,0.19787223175889931
0.32,0.8006112860152731,0.0015164822258276216,0.19787223175889931
0.34,0.8006112860152731,0.0015164822258276216,0.19787223175889931
0.36,0.8006112860152731,0.0015164822258276216,0.19787223175889931
0.38,0.8006112860152731,0.0015164822258276216,0.19787223175889931
0.4,0.8006112860152731,0.0015164822258276216,0.19787223175889931
0.42,0.8006112860152731,0.0015164822258276216,0.19787223175889931
0.44,0.8006112860152731,0.0015164822258276216,0.19787223175889931
0.46,0.8006112860152731,0.0015164822258276216,0.19787223175889931
0.48,0.8006112860152731,0.0015164822258276216,0.19787223175889931
0.5,0.8006112860152731,0.0015164822258276216,0.19787223175889931
0.52,0.7435115604408826,0.06461428153195545,0.1918741580271619
0.54,0.6864118348664923,0.12771208083808328,0.18587608429542446
0.56,0.6293121092921018,0.1908098801442111,0.17987801056368705
0.58,0.5722123837177113,0.25390767945033893,0.17387993683194963
0.6,0.515112658143321,0.31700547875646673,0.1678818631002122
0.62,0.4580129325689305,0.3801032780625946,0.16188378936847478
0.64,0.4009132069945401,0.44320107736872244,0.15588571563673737
0.66,0.34381348142014967,0.5062988766748503,0.14988764190499992
0.68,0.2867137558457592,0.5693966759809781,0.1438895681732625
0.7000000000000001,0.2296140302713688,0.632494475287106,0.1378914944415251
0.72,0.2296140302713688,0.632494475287106,0.1378914944415251
0.74,0.2296140302713688,0.632494475287106,0.1378914944415251
0.76,0.2296140302713688,0.632494475287106,0.1378914944415251
0.78,0.2296140302713688,0.632494475287106,0.1378914944415251
0.8,0.2296140302713688,0.632494475287106,0.1378914944415251
0.8200000000000001,0.2296140302713688,0.632494475287106,0.1378914944415251
0.84,0.2296140302713688,0.632494475287106,0.1378914944415251
0.86,0.2296140302713688,0.632494475287106,0.1378914944415251
0.88,0.2296140302713688,0.632494475287106,0.1378914944415251
0.9,0.2296140302713688,0.632494475287106,0.1378914944415251
0.92,0.2296140302713688,0.632494475287106,0.1378914944415251
0.9400000000000001,0.2296140302713688,0.632494475287106,0.1378914944415251
0.96,0.2296140302713688,0.632494475287106,0.1378914944415251
0.98,0.2296140302713688,0.632494475287106,0.1378914944415251
1.0,0.2296140302713688,0.632494475287106,0.1378914944415251
