fraction_of_volc,OH,H2O2,TMI
0.0,0.05845011858613892,0.7203647567773616,0.22118512463649956
0.02,0.05845011858613892,0.7203647567773616,0.22118512463649956
0.04,0.05845011858613892,0.7203647567773616,0.22118512463649956
0.06,0.05845011858613892,0.7203647567773616,0.22118512463649956
0.08,0.05845011858613892,0.7203647567773616,0.22118512463649956
0.1,0.05845011858613892,0.7203647567773616,0.22118512463649956
0.12,0.05845011858613892,0.7203647567773616,0.22118512463649956
0.14,0.05845011858613892,0.7203647567773616,0.22118512463649956
0.16,0.05845011858613892,0.7203647567773616,0.22118512463649956
0.18,0.05845011858613892,0.7203647567773616,0.22118512463649956
0.2,0.05845011858613892,0.7203647567773616,0.22118512463649956
0.22,0.05845011858613892,0.7203647567773616,0.22118512463649956
0.24,0.05845011858613892,0.7203647567773616,0.22118512463649956
0.26,0.05845011858613892,0.7203647567773616,0.22118512463649956
0.28,0.05845011858613892,0.7203647567773616,0.22118512463649956
0.3,0.05845011858613892,0.7203647567773616,0.22118512463649956
0.32,0.05845011858613892,0.7203647567773616,0.22118512463649956
0.34,0.05845011858613892,0.7203647567773616,0.22118512463649956
0.36,0.05845011858613892,0.7203647567773616,0.22118512463649956
0.38,0.05845011858613892,0.7203647567773616,0.22118512463649956
0.4,0.05845011858613892,0.7203647567773616,0.22118512463649956
0.42,0.05845011858613892,0.7203647567773616,0.22118512463649956
0.44,0.05845011858613892,0.7203647567773616,0.22118512463649956
0.46,0.05845011858613892,0.7203647567773616,0.22118512463649956
0.48,0.05845011858613892,0.7203647567773616,0.22118512463649956
0.5,0.05845011858613892,0.7203647567773616,0.22118512463649956
0.52,0.05845011858613892,0.7203647567773616,0.22118512463649956
0.54,0.05845011858613892,0.7203647567773616,0.22118512463649956
0.56,0.0662958593902322,0.7155696044235544,0.2181345361862134
0.58,0.0741416001943255,0.7107744520697473,0.2150839477359272
0.6,0.08198734099841878,0.7059792997159402,0.21203335928564104
0.62,0.08983308180251207,0.7011841473621331,0.20898277083535488
0.64,0.09767882260660536,0.696388995008326,0.2059321823850687
0.66,0.10552456341069866,0.6915938426545188,0.20288159393478253
0.68,0.11337030421479194,0.6867986903007117,0.19983100548449634
0.7000000000000001,0.12121604501888522,0.6820035379469046,0.19678041703421018
0.72,0.1290617858229785,0.6772083855930975,0.193729828583924
0.74,0.1369075266270718,0.6724132332392904,0.19067924013363782
0.76,0.1447532674311651,0.6676180808854832,0.18762865168335166
0.78,0.15259900823525838,0.6628229285316761,0.18457806323306547
0.8,0.16044474903935166,0.658027776177869,0.1815274747827793
0.8200000000000001,0.16829048984344497,0.6532326238240619,0.17847688633249315
0.84,0.17613623064753825,0.6484374714702548,0.17542629788220698
0.86,0.18398197145163153,0.6436423191164476,0.1723757094319208
0.88,0.18398197145163153,0.6436423191164476,0.1723757094319208
0.9,0.18398197145163153,0.6436423191164476,0.1723757094319208
0.92,0.18398197145163153,0.6436423191164476,0.1723757094319208
0.9400000000000001,0.18398197145163153,0.6436423191164476,0.1723757094319208
0.96,0.18398197145163153,0.6436423191164476,0.1723757094319208
0.98,0.18398197145163153,0.6436423191164476,0.1723757094319208
1.0,0.18398197145163153,0.6436423191164476,0.1723757094319208
