fraction_of_volc,OH,H2O2,TMI
0.0,0.02802175895051522,0.29417492237929,0.6778033186701948
0.02,0.02802175895051522,0.29417492237929,0.6778033186701948
0.04,0.02802175895051522,0.29417492237929,0.6778033186701948
0.06,0.02802175895051522,0.29417492237929,0.6778033186701948
0.08,0.02802175895051522,0.29417492237929,0.6778033186701948
0.1,0.02802175895051522,0.29417492237929,0.6778033186701948
0.12,0.02802175895051522,0.29417492237929,0.6778033186701948
0.14,0.02802175895051522,0.29417492237929,0.6778033186701948
0.16,0.02802175895051522,0.29417492237929,0.6778033186701948
0.18,0.02802175895051522,0.29417492237929,0.6778033186701948
0.2,0.02802175895051522,0.29417492237929,0.6778033186701948
0.22,0.0645205527586565,0.2898510524289773,0.6456283948123662
0.24,0.10101934656679777,0.28552718247866465,0.6134534709545376
0.26,0.13751814037493906,0.28120331252835196,0.581278547096709
0.28,0.17401693418308034,0.27687944257803926,0.5491036232388804
0.3,0.21051572799122162,0.2725555726277266,0.5169286993810518
0.32,0.2470145217993629,0.2682317026774139,0.48475377552322324
0.34,0.2835133156075042,0.2639078327271012,0.45257885166539463
0.36,0.32001210941564545,0.2595839627767886,0.420403927807566
0.38,0.3565109032237867,0.2552600928264759,0.3882290039497374
0.4,0.393009697031928,0.2509362228761632,0.3560540800919088
0.42,0.4295084908400693,0.24661235292585051,0.3238791562340802
0.44,0.46600728464821056,0.24228848297553784,0.29170423237625165
0.46,0.5025060784563518,0.23796461302522515,0.25952930851842304
0.48,0.5390048722644931,0.23364074307491248,0.22735438466059443
0.5,0.5755036660726344,0.2293168731245998,0.19517946080276583
0.52,0.6120024598807756,0.2249930031742871,0.16300453694493722
0.54,0.6485012536889169,0.22066913322397444,0.1308296130871086
0.56,0.6850000474970582,0.21634526327366177,0.09865468922927996
0.58,0.6850000474970582,0.21634526327366177,0.09865468922927996
0.6,0.6850000474970582,0.21634526327366177,0.09865468922927996
0.62,0.6850000474970582,0.21634526327366177,0.09865468922927996
0.64,0.6850000474970582,0.21634526327366177,0.09865468922927996
0.66,0.6850000474970582,0.21634526327366177,0.09865468922927996
0.68,0.6850000474970582,0.21634526327366177,0.09865468922927996
0.7000000000000001,0.6850000474970582,0.21634526327366177,0.09865468922927996
0.72,0.6850000474970582,0.21634526327366177,0.09865468922927996
0.74,0.6850000474970582,0.21634526327366177,0.09865468922927996
0.76,0.6850000474970582,0.21634526327366177,0.09865468922927996
0.78,0.6850000474970582,0.21634526327366177,0.09865468922927996
0.8,0.6850000474970582,0.21634526327366177,0.09865468922927996
0.8200000000000001,0.6850000474970582,0.21634526327366177,0.09865468922927996
0.84,0.6850000474970582,0.21634526327366177,0.09865468922927996
0.86,0.6850000474970582,0.21634526327366177,0.09865468922927996
0.88,0.6850000474970582,0.21634526327366177,0.09865468922927996
0.9,0.6850000474970582,0.21634526327366177,0.09865468922927996
0.92,0.6850000474970582,0.21634526327366177,0.09865468922927996
0.9400000000000001,0.6850000474970582,0.21634526327366177,0.09865468922927996
0.96,0.6850000474970582,0.21634526327366177,0.09865468922927996
0.98,0.6850000474970582,0.21634526327366177,0.09865468922927996
1.0,0.6850000474970582,0.21634526327366177,0.09865468922927996
