fraction_of_volc,OH,H2O2,TMI
0.0,0.10157936633399567,0.014110167056118339,0.884310466609886
0.02,0.10157936633399567,0.014110167056118339,0.884310466609886
0.04,0.10157936633399567,0.014110167056118339,0.884310466609886
0.06,0.10157936633399567,0.014110167056118339,0.884310466609886
0.08,0.10157936633399567,0.014110167056118339,0.884310466609886
0.1,0.10157936633399567,0.014110167056118339,0.884310466609886
0.12,0.10157936633399567,0.014110167056118339,0.884310466609886
0.14,0.10157936633399567,0.014110167056118339,0.884310466609886
0.16,0.10157936633399567,0.014110167056118339,0.884310466609886
0.18,0.10157936633399567,0.014110167056118339,0.884310466609886
0.2,0.10015014586288268,0.020032657905432367,0.879817196231685
0.22,0.0987209253917697,0.025955148754746395,0.875323925853484
0.24,0.09729170492065671,0.03187763960406042,0.8708306554752828
0.26,0.09586248444954373,0.03780013045337445,0.8663373850970818
0.28,0.09443326397843074,0.043722621302688475,0.8618441147188808
0.3,0.09300404350731777,0.0496451121520025,0.8573508443406798
0.32,0.09157482303620477,0.05556760300131653,0.8528575739624786
0.34,0.0901456025650918,0.061490093850630555,0.8483643035842776
0.36,0.08871638209397881,0.06741258469994457,0.8438710332060766
0.38,0.08728716162286582,0.07333507554925861,0.8393777628278756
0.4,0.08585794115175284,0.07925756639857263,0.8348844924496746
0.42,0.08442872068063985,0.08518005724788666,0.8303912220714734
0.44,0.08299950020952687,0.09110254809720068,0.8258979516932724
0.46,0.08157027973841388,0.09702503894651472,0.8214046813150714
0.48,0.08014105926730089,0.10294752979582875,0.8169114109368704
0.5,0.07871183879618791,0.10887002064514277,0.8124181405586692
0.52,0.07728261832507494,0.1147925114944568,0.8079248701804682
0.54,0.07585339785396195,0.12071500234377082,0.8034315998022672
0.56,0.07442417738284896,0.12663749319308487,0.7989383294240662
0.58,0.07299495691173598,0.13255998404239888,0.7944450590458652
0.6,0.07156573644062299,0.1384824748917129,0.789951788667664
0.62,0.07013651596951001,0.14440496574102693,0.785458518289463
0.64,0.06870729549839702,0.15032745659034097,0.780965247911262
0.66,0.06727807502728403,0.15624994743965498,0.7764719775330609
0.68,0.06584885455617105,0.16217243828896902,0.7719787071548598
0.7000000000000001,0.06441963408505808,0.16809492913828303,0.7674854367766588
0.72,0.06299041361394508,0.17401741998759707,0.7629921663984578
0.74,0.061561193142832094,0.1799399108369111,0.7584988960202568
0.76,0.06013197267171911,0.18586240168622511,0.7540056256420558
0.78,0.058702752200606126,0.19178489253553915,0.7495123552638546
0.8,0.05727353172949314,0.19770738338485316,0.7450190848856536
0.8200000000000001,0.05584431125838016,0.2036298742341672,0.7405258145074526
0.84,0.054415090787267174,0.20955236508348124,0.7360325441292515
0.86,0.05298587031615419,0.21547485593279525,0.7315392737510504
0.88,0.05155664984504121,0.2213973467821093,0.7270460033728494
0.9,0.05155664984504121,0.2213973467821093,0.7270460033728494
0.92,0.05155664984504121,0.2213973467821093,0.7270460033728494
0.9400000000000001,0.05155664984504121,0.2213973467821093,0.7270460033728494
0.96,0.05155664984504121,0.2213973467821093,0.7270460033728494
0.98,0.05155664984504121,0.2213973467821093,0.7270460033728494
1.0,0.05155664984504121,0.2213973467821093,0.7270460033728494
