fraction_of_volc,OH,H2O2,TMI
0.0,0.16766957149134534,0.8025315156455333,0.0297989128631216
0.02,0.16766957149134534,0.8025315156455333,0.0297989128631216
0.04,0.16766957149134534,0.8025315156455333,0.0297989128631216
0.06,0.16766957149134534,0.8025315156455333,0.0297989128631216
0.08,0.16766957149134534,0.8025315156455333,0.0297989128631216
0.1,0.17618534587609005,0.7930566822007623,0.030757971923147873
0.12,0.18470112026083474,0.7835818487559914,0.031717030983174146
0.14,0.19321689464557945,0.7741070153112203,0.03267609004320042
0.16,0.20173266903032416,0.7646321818664493,0.0336351491032267
0.18,0.21024844341506885,0.7551573484216784,0.034594208163252975
0.2,0.21876421779981356,0.7456825149769074,0.03555326722327925
0.22,0.22727999218455824,0.7362076815321363,0.03651232628330552
0.24,0.23579576656930296,0.7267328480873654,0.037471385343331796
0.26,0.24431154095404767,0.7172580146425944,0.03843044440335807
0.28,0.2528273153387923,0.7077831811978235,0.03938950346338435
0.3,0.26134308972353704,0.6983083477530525,0.040348562523410625
0.32,0.26985886410828175,0.6888335143082814,0.0413076215834369
0.34,0.27837463849302646,0.6793586808635105,0.04226668064346317
0.36,0.2868904128777712,0.6698838474187395,0.043225739703489446
0.38,0.2954061872625159,0.6604090139739686,0.04418479876351572
0.4,0.3039219616472606,0.6509341805291975,0.045143857823541994
0.42,0.3124377360320053,0.6414593470844265,0.04610291688356827
0.44,0.32095351041674997,0.6319845136396556,0.04706197594359454
0.46,0.3294692848014947,0.6225096801948846,0.048021035003620816
0.48,0.33798505918623933,0.6130348467501137,0.048980094063647096
0.5,0.34650083357098405,0.6035600133053427,0.04993915312367337
0.52,0.35501660795572876,0.5940851798605716,0.050898212183699644
0.54,0.36353238234047347,0.5846103464158007,0.05185727124372592
0.56,0.3720481567252182,0.5751355129710297,0.0528163303037522
0.58,0.3805639311099629,0.5656606795262586,0.05377538936377847
0.6,0.3890797054947076,0.5561858460814877,0.054734448423804746
0.62,0.3975954798794523,0.5467110126367167,0.05569350748383102
0.64,0.40611125426419703,0.5372361791919458,0.056652566543857294
0.66,0.4146270286489417,0.5277613457471748,0.05761162560388357
0.68,0.42314280303368634,0.5182865123024039,0.05857068466390984
0.7000000000000001,0.43165857741843106,0.5088116788576328,0.059529743723936115
0.72,0.44017435180317577,0.49933684541286183,0.06048880278396239
0.74,0.4486901261879205,0.48986201196809087,0.06144786184398867
0.76,0.4572059005726652,0.48038717852331986,0.062406920904014944
0.78,0.4657216749574099,0.4709123450785489,0.06336597996404122
0.8,0.4742374493421546,0.4614375116337779,0.0643250390240675
0.8200000000000001,0.4827532237268993,0.45196267818900693,0.06528409808409377
0.84,0.49126899811164404,0.4424878447442359,0.06624315714412005
0.86,0.49978477249638875,0.43301301129946496,0.06720221620414632
0.88,0.5083005468811334,0.42353817785469394,0.0681612752641726
0.9,0.5168163212658781,0.414063344409923,0.06912033432419887
0.92,0.5253320956506228,0.404588510965152,0.07007939338422514
0.9400000000000001,0.5338478700353675,0.395113677520381,0.07103845244425142
0.96,0.5423636444201122,0.38563884407561005,0.07199751150427769
0.98,0.5423636444201122,0.38563884407561005,0.07199751150427769
1.0,0.5423636444201122,0.38563884407561005,0.07199751150427769
