fraction_of_volc,OH,H2O2,TMI
0.0,0.11272369244257811,0.6275263192190009,0.25974998833842095
0.02,0.11272369244257811,0.6275263192190009,0.25974998833842095
0.04,0.11272369244257811,0.6275263192190009,0.25974998833842095
0.06,0.11272369244257811,0.6275263192190009,0.25974998833842095
0.08,0.11272369244257811,0.6275263192190009,0.25974998833842095
0.1,0.11272369244257811,0.6275263192190009,0.25974998833842095
0.12,0.11272369244257811,0.6275263192190009,0.25974998833842095
0.14,0.11272369244257811,0.6275263192190009,0.25974998833842095
0.16,0.11272369244257811,0.6275263192190009,0.25974998833842095
0.18,0.11272369244257811,0.6275263192190009,0.25974998833842095
0.2,0.11272369244257811,0.6275263192190009,0.25974998833842095
0.22,0.11272369244257811,0.6275263192190009,0.25974998833842095
0.24,0.11272369244257811,0.6275263192190009,0.25974998833842095
0.26,0.11272369244257811,0.6275263192190009,0.25974998833842095
0.28,0.11272369244257811,0.6275263192190009,0.25974998833842095
0.3,0.11272369244257811,0.6275263192190009,0.25974998833842095
0.32,0.11272369244257811,0.6275263192190009,0.25974998833842095
0.34,0.11272369244257811,0.6275263192190009,0.25974998833842095
0.36,0.11272369244257811,0.6275263192190009,0.25974998833842095
0.38,0.11272369244257811,0.6275263192190009,0.25974998833842095
0.4,0.11272369244257811,0.6275263192190009,0.25974998833842095
0.42,0.11702353028251807,0.6185346709713433,0.2644417987461386
0.44,0.12132336812245802,0.6095430227236857,0.26913360915385626
0.46,0.12562320596239795,0.6005513744760281,0.2738254195615739
0.48,0.1299230438023379,0.5915597262283705,0.27851722996929157
0.5,0.13422288164227786,0.5825680779807129,0.2832090403770092
0.52,0.1385227194822178,0.5735764297330552,0.28790085078472694
0.54,0.14282255732215776,0.5645847814853977,0.29259266119244454
0.56,0.1471223951620977,0.5555931332377401,0.29728447160016225
0.58,0.15142223300203767,0.5466014849900824,0.3019762820078799
0.6,0.15572207084197762,0.5376098367424248,0.30666809241559756
0.62,0.16002190868191757,0.5286181884947672,0.3113599028233152
0.64,0.16432174652185752,0.5196265402471096,0.31605171323103287
0.66,0.16862158436179747,0.510634891999452,0.3207435236387505
0.68,0.17292142220173742,0.5016432437517944,0.3254353340464682
0.7000000000000001,0.17722126004167738,0.49265159550413673,0.33012714445418584
0.72,0.18152109788161733,0.48365994725647915,0.3348189548619035
0.74,0.18582093572155728,0.47466829900882157,0.33951076526962115
0.76,0.19012077356149723,0.46567665076116393,0.3442025756773388
0.78,0.19442061140143718,0.4566850025135063,0.3488943860850565
0.8,0.19872044924137713,0.4476933542658487,0.3535861964927741
0.8200000000000001,0.20302028708131709,0.4387017060181911,0.35827800690049183
0.84,0.20732012492125704,0.4297100577705335,0.3629698173082095
0.86,0.211619962761197,0.42071840952287587,0.36766162771592714
0.88,0.2159198006011369,0.41172676127521823,0.3723534381236448
0.9,0.2202196384410769,0.40273511302756065,0.37704524853136245
0.92,0.22451947628101682,0.3937434647799031,0.3817370589390801
0.9400000000000001,0.2288193141209568,0.38475181653224544,0.38642886934679777
0.96,0.2288193141209568,0.38475181653224544,0.38642886934679777
0.98,0.2288193141209568,0.38475181653224544,0.38642886934679777
1.0,0.2288193141209568,0.38475181653224544,0.38642886934679777
