fraction_of_volc,OH,H2O2,TMI
0.0,0.2897747858941955,0.06114920151532645,0.6490760125904781
0.02,0.2897747858941955,0.06114920151532645,0.6490760125904781
0.04,0.2897747858941955,0.06114920151532645,0.6490760125904781
0.06,0.2897747858941955,0.06114920151532645,0.6490760125904781
0.08,0.2897747858941955,0.06114920151532645,0.6490760125904781
0.1,0.2962480501700405,0.05988405232291087,0.6438678975070486
0.12,0.30272131444588557,0.05861890313049529,0.6386597824236192
0.14,0.30919457872173056,0.05735375393807971,0.6334516673401898
0.16,0.3156678429975756,0.05608860474566413,0.6282435522567603
0.18,0.32214110727342066,0.05482345555324855,0.6230354371733308
0.2,0.3286143715492657,0.05355830636083297,0.6178273220899013
0.22,0.3350876358251107,0.05229315716841739,0.6126192070064719
0.24,0.34156090010095574,0.05102800797600181,0.6074110919230424
0.26,0.3480341643768008,0.04976285878358623,0.602202976839613
0.28,0.35450742865264584,0.04849770959117065,0.5969948617561835
0.3,0.3609806929284909,0.04723256039875507,0.5917867466727541
0.32,0.3674539572043359,0.04596741120633949,0.5865786315893247
0.34,0.3739272214801809,0.04470226201392391,0.5813705165058951
0.36,0.380400485756026,0.043437112821508334,0.5761624014224657
0.38,0.38687375003187097,0.04217196362909275,0.5709542863390362
0.4,0.393347014307716,0.040906814436677166,0.5657461712556068
0.42,0.39982027858356106,0.03964166524426159,0.5605380561721773
0.44,0.4062935428594061,0.03837651605184601,0.5553299410887479
0.46,0.41276680713525116,0.03711136685943043,0.5501218260053184
0.48,0.4192400714110962,0.035846217667014846,0.544913710921889
0.5,0.4257133356869412,0.03458106847459927,0.5397055958384596
0.52,0.43218659996278624,0.03331591928218369,0.53449748075503
0.54,0.43865986423863124,0.03205077008976811,0.5292893656716006
0.56,0.4451331285144763,0.030785620897352532,0.5240812505881711
0.58,0.45160639279032133,0.02952047170493695,0.5188731355047417
0.6,0.4580796570661664,0.028255322512521372,0.5136650204213122
0.62,0.4645529213420114,0.02699017332010579,0.5084569053378828
0.64,0.4710261856178565,0.02572502412769021,0.5032487902544533
0.66,0.47749944989370147,0.02445987493527463,0.49804067517102385
0.68,0.47749944989370147,0.02445987493527463,0.49804067517102385
0.7000000000000001,0.47749944989370147,0.02445987493527463,0.49804067517102385
0.72,0.47749944989370147,0.02445987493527463,0.49804067517102385
0.74,0.47749944989370147,0.02445987493527463,0.49804067517102385
0.76,0.47749944989370147,0.02445987493527463,0.49804067517102385
0.78,0.47749944989370147,0.02445987493527463,0.49804067517102385
0.8,0.47749944989370147,0.02445987493527463,0.49804067517102385
0.8200000000000001,0.47749944989370147,0.02445987493527463,0.49804067517102385
0.84,0.47749944989370147,0.02445987493527463,0.49804067517102385
0.86,0.47749944989370147,0.02445987493527463,0.49804067517102385
0.88,0.47749944989370147,0.02445987493527463,0.49804067517102385
0.9,0.47749944989370147,0.02445987493527463,0.49804067517102385
0.92,0.47749944989370147,0.02445987493527463,0.49804067517102385
0.9400000000000001,0.47749944989370147,0.02445987493527463,0.49804067517102385
0.96,0.47749944989370147,0.02445987493527463,0.49804067517102385
0.98,0.47749944989370147,0.02445987493527463,0.49804067517102385
1.0,0.47749944989370147,0.02445987493527463,0.49804067517102385
