fraction_of_volc,OH,H2O2,TMI
0.0,0.21769631897883246,0.22574063605034594,0.5565630449708215
0.02,0.21769631897883246,0.22574063605034594,0.5565630449708215
0.04,0.21769631897883246,0.22574063605034594,0.5565630449708215
0.06,0.21769631897883246,0.22574063605034594,0.5565630449708215
0.08,0.21769631897883246,0.22574063605034594,0.5565630449708215
0.1,0.21769631897883246,0.22574063605034594,0.5565630449708215
0.12,0.21769631897883246,0.22574063605034594,0.5565630449708215
0.14,0.21769631897883246,0.22574063605034594,0.5565630449708215
0.16,0.21769631897883246,0.22574063605034594,0.5565630449708215
0.18,0.21769631897883246,0.22574063605034594,0.5565630449708215
0.2,0.21769631897883246,0.22574063605034594,0.5565630449708215
0.22,0.21769631897883246,0.22574063605034594,0.5565630449708215
0.24,0.2297856070983063,0.22953193060294674,0.540682462298747
0.26,0.24187489521778016,0.23332322515554754,0.5248018796266722
0.28,0.253964183337254,0.23711451970814834,0.5089212969545976
0.3,0.26605347145672786,0.24090581426074917,0.49304071428252294
0.32,0.2781427595762017,0.24469710881334997,0.4771601316104483
0.34,0.29023204769567557,0.24848840336595077,0.46127954893837364
0.36,0.3023213358151494,0.2522796979185516,0.44539896626629905
0.38,0.31441062393462327,0.2560709924711524,0.42951838359422434
0.4,0.3264999120540971,0.2598622870237532,0.41363780092214975
0.42,0.33858920017357097,0.263653581576354,0.39775721825007504
0.44,0.3506784882930448,0.2674448761289548,0.38187663557800045
0.46,0.36276777641251867,0.2712361706815556,0.3659960529059258
0.48,0.3748570645319925,0.2750274652341564,0.35011547023385114
0.5,0.3869463526514664,0.2788187597867572,0.3342348875617765
0.52,0.3990356407709402,0.282610054339358,0.31835430488970184
0.54,0.4111249288904141,0.2864013488919588,0.3024737222176272
0.56,0.4232142170098879,0.29019264344455964,0.28659313954555254
0.58,0.4353035051293618,0.2939839379971604,0.2707125568734779
0.6,0.44739279324883563,0.29777523254976124,0.25483197420140324
0.62,0.4594820813683095,0.30156652710236204,0.2389513915293286
0.64,0.47157136948778333,0.30535782165496284,0.22307080885725394
0.66,0.4836606576072572,0.30914911620756363,0.2071902261851793
0.68,0.49574994572673103,0.31294041076016443,0.19130964351310464
0.7000000000000001,0.5078392338462049,0.31673170531276523,0.17542906084103002
0.72,0.5078392338462049,0.31673170531276523,0.17542906084103002
0.74,0.5078392338462049,0.31673170531276523,0.17542906084103002
0.76,0.5078392338462049,0.31673170531276523,0.17542906084103002
0.78,0.5078392338462049,0.31673170531276523,0.17542906084103002
0.8,0.5078392338462049,0.31673170531276523,0.17542906084103002
0.8200000000000001,0.5078392338462049,0.31673170531276523,0.17542906084103002
0.84,0.5078392338462049,0.31673170531276523,0.17542906084103002
0.86,0.5078392338462049,0.31673170531276523,0.17542906084103002
0.88,0.5078392338462049,0.31673170531276523,0.17542906084103002
0.9,0.5078392338462049,0.31673170531276523,0.17542906084103002
0.92,0.5078392338462049,0.31673170531276523,0.17542906084103002
0.9400000000000001,0.5078392338462049,0.31673170531276523,0.17542906084103002
0.96,0.5078392338462049,0.31673170531276523,0.17542906084103002
0.98,0.5078392338462049,0.31673170531276523,0.17542906084103002
1.0,0.5078392338462049,0.31673170531276523,0.17542906084103002
