fraction_of_volc,OH,H2O2,TMI
0.0,0.4953191938705372,0.45871291962174526,0.04596788650771751
0.02,0.4953191938705372,0.45871291962174526,0.04596788650771751
0.04,0.4953191938705372,0.45871291962174526,0.04596788650771751
0.06,0.4953191938705372,0.45871291962174526,0.04596788650771751
0.08,0.4953191938705372,0.45871291962174526,0.04596788650771751
0.1,0.4953191938705372,0.45871291962174526,0.04596788650771751
0.12,0.4953191938705372,0.45871291962174526,0.04596788650771751
0.14,0.4953191938705372,0.45871291962174526,0.04596788650771751
0.16,0.4953191938705372,0.45871291962174526,0.04596788650771751
0.18,0.4953191938705372,0.45871291962174526,0.04596788650771751
0.2,0.4953191938705372,0.45871291962174526,0.04596788650771751
0.22,0.4953191938705372,0.45871291962174526,0.04596788650771751
0.24,0.4953191938705372,0.45871291962174526,0.04596788650771751
0.26,0.4953191938705372,0.45871291962174526,0.04596788650771751
0.28,0.4953191938705372,0.45871291962174526,0.04596788650771751
0.3,0.4953191938705372,0.45871291962174526,0.04596788650771751
0.32,0.4953191938705372,0.45871291962174526,0.04596788650771751
0.34,0.4953191938705372,0.45871291962174526,0.04596788650771751
0.36,0.4953191938705372,0.45871291962174526,0.04596788650771751
0.38,0.4953191938705372,0.45871291962174526,0.04596788650771751
0.4,0.4953191938705372,0.45871291962174526,0.04596788650771751
0.42,0.4953191938705372,0.45871291962174526,0.04596788650771751
0.44,0.4953191938705372,0.45871291962174526,0.04596788650771751
0.46,0.4953191938705372,0.45871291962174526,0.04596788650771751
0.48,0.4953191938705372,0.45871291962174526,0.04596788650771751
0.5,0.4953191938705372,0.45871291962174526,0.04596788650771751
0.52,0.4953191938705372,0.45871291962174526,0.04596788650771751
0.54,0.4953191938705372,0.45871291962174526,0.04596788650771751
0.56,0.4953191938705372,0.45871291962174526,0.04596788650771751
0.58,0.4953191938705372,0.45871291962174526,0.04596788650771751
0.6,0.4953191938705372,0.45871291962174526,0.04596788650771751
0.62,0.4953191938705372,0.45871291962174526,0.04596788650771751
0.64,0.4953191938705372,0.45871291962174526,0.04596788650771751
0.66,0.4953191938705372,0.45871291962174526,0.04596788650771751
0.68,0.4953191938705372,0.45871291962174526,0.04596788650771751
0.7000000000000001,0.4953191938705372,0.45871291962174526,0.04596788650771751
0.72,0.4953191938705372,0.45871291962174526,0.04596788650771751
0.74,0.5169483604300057,0.43713717102245664,0.04591446854753767
0.76,0.5385775269894741,0.41556142242316807,0.04586105058735782
0.78,0.5602066935489426,0.39398567382387945,0.04580763262717798
0.8,0.581835860108411,0.3724099252245908,0.04575421466699813
0.8200000000000001,0.6034650266678795,0.35083417662530225,0.045700796706818286
0.84,0.6250941932273479,0.3292584280260136,0.045647378746638434
0.86,0.6467233597868165,0.307682679426725,0.04559396078645859
0.88,0.668352526346285,0.28610693082743643,0.04554054282627874
0.9,0.6899816929057534,0.26453118222814787,0.0454871248660989
0.92,0.7116108594652218,0.24295543362885924,0.04543370690591905
0.9400000000000001,0.7116108594652218,0.24295543362885924,0.04543370690591905
0.96,0.7116108594652218,0.24295543362885924,0.04543370690591905
0.98,0.7116108594652218,0.24295543362885924,0.04543370690591905
1.0,0.7116108594652218,0.24295543362885924,0.04543370690591905
