fraction_of_volc,OH,H2O2,TMI
0.0,0.13550216057188672,0.7223672421390858,0.14213059728902744
0.02,0.13550216057188672,0.7223672421390858,0.14213059728902744
0.04,0.13550216057188672,0.7223672421390858,0.14213059728902744
0.06,0.13550216057188672,0.7223672421390858,0.14213059728902744
0.08,0.13550216057188672,0.7223672421390858,0.14213059728902744
0.1,0.13550216057188672,0.7223672421390858,0.14213059728902744
0.12,0.13550216057188672,0.7223672421390858,0.14213059728902744
0.14,0.13550216057188672,0.7223672421390858,0.14213059728902744
0.16,0.13550216057188672,0.7223672421390858,0.14213059728902744
0.18,0.13550216057188672,0.7223672421390858,0.14213059728902744
0.2,0.13550216057188672,0.7223672421390858,0.14213059728902744
0.22,0.13550216057188672,0.7223672421390858,0.14213059728902744
0.24,0.13550216057188672,0.7223672421390858,0.14213059728902744
0.26,0.13550216057188672,0.7223672421390858,0.14213059728902744
0.28,0.13550216057188672,0.7223672421390858,0.14213059728902744
0.3,0.13550216057188672,0.7223672421390858,0.14213059728902744
0.32,0.13550216057188672,0.7223672421390858,0.14213059728902744
0.34,0.13550216057188672,0.7223672421390858,0.14213059728902744
0.36,0.13550216057188672,0.7223672421390858,0.14213059728902744
0.38,0.13550216057188672,0.7223672421390858,0.14213059728902744
0.4,0.13550216057188672,0.7223672421390858,0.14213059728902744
0.42,0.13550216057188672,0.7223672421390858,0.14213059728902744
0.44,0.13550216057188672,0.7223672421390858,0.14213059728902744
0.46,0.13550216057188672,0.7223672421390858,0.14213059728902744
0.48,0.13550216057188672,0.7223672421390858,0.14213059728902744
0.5,0.13550216057188672,0.7223672421390858,0.14213059728902744
0.52,0.13550216057188672,0.7223672421390858,0.14213059728902744
0.54,0.13550216057188672,0.7223672421390858,0.14213059728902744
0.56,0.13550216057188672,0.7223672421390858,0.14213059728902744
0.58,0.13550216057188672,0.7223672421390858,0.14213059728902744
0.6,0.13550216057188672,0.7223672421390858,0.14213059728902744
0.62,0.14303929125091594,0.7136967885352957,0.14326392021378825
0.64,0.15057642192994516,0.7050263349315057,0.14439724313854907
0.66,0.1581135526089744,0.6963558813277156,0.14553056606330989
0.68,0.16565068328800361,0.6876854277239256,0.1466638889880707
0.7000000000000001,0.17318781396703284,0.6790149741201356,0.14779721191283154
0.72,0.1807249446460621,0.6703445205163455,0.14893053483759236
0.74,0.18826207532509132,0.6616740669125555,0.15006385776235318
0.76,0.19579920600412054,0.6530036133087656,0.151197180687114
0.78,0.20333633668314977,0.6443331597049755,0.1523305036118748
0.8,0.210873467362179,0.6356627061011855,0.15346382653663562
0.8200000000000001,0.21841059804120821,0.6269922524973954,0.15459714946139644
0.84,0.22594772872023744,0.6183217988936054,0.15573047238615725
0.86,0.23348485939926666,0.6096513452898153,0.15686379531091807
0.88,0.2410219900782959,0.6009808916860253,0.1579971182356789
0.9,0.2485591207573251,0.5923104380822353,0.15913044116043973
0.92,0.25609625143635434,0.5836399844784452,0.16026376408520054
0.9400000000000001,0.26363338211538356,0.5749695308746552,0.16139708700996136
0.96,0.2711705127944128,0.5662990772708651,0.16253040993472218
0.98,0.2711705127944128,0.5662990772708651,0.16253040993472218
1.0,0.2711705127944128,0.5662990772708651,0.16253040993472218
