fraction_of_volc,OH,H2O2,TMI
0.0,0.23641116389220435,0.4212882082966316,0.3423006278111641
0.02,0.23641116389220435,0.4212882082966316,0.3423006278111641
0.04,0.23641116389220435,0.4212882082966316,0.3423006278111641
0.06,0.23641116389220435,0.4212882082966316,0.3423006278111641
0.08,0.23641116389220435,0.4212882082966316,0.3423006278111641
0.1,0.23641116389220435,0.4212882082966316,0.3423006278111641
0.12,0.23641116389220435,0.4212882082966316,0.3423006278111641
0.14,0.23641116389220435,0.4212882082966316,0.3423006278111641
0.16,0.23641116389220435,0.4212882082966316,0.3423006278111641
0.18,0.23641116389220435,0.4212882082966316,0.3423006278111641
0.2,0.23641116389220435,0.4212882082966316,0.3423006278111641
0.22,0.23641116389220435,0.4212882082966316,0.3423006278111641
0.24,0.23641116389220435,0.4212882082966316,0.3423006278111641
0.26,0.23641116389220435,0.4212882082966316,0.3423006278111641
0.28,0.23641116389220435,0.4212882082966316,0.3423006278111641
0.3,0.23641116389220435,0.4212882082966316,0.3423006278111641
0.32,0.23641116389220435,0.4212882082966316,0.3423006278111641
0.34,0.23641116389220435,0.4212882082966316,0.3423006278111641
0.36,0.23641116389220435,0.4212882082966316,0.3423006278111641
0.38,0.23641116389220435,0.4212882082966316,0.3423006278111641
0.4,0.23641116389220435,0.4212882082966316,0.3423006278111641
0.42,0.23641116389220435,0.4212882082966316,0.3423006278111641
0.44,0.23641116389220435,0.4212882082966316,0.3423006278111641
0.46,0.23641116389220435,0.4212882082966316,0.3423006278111641
0.48,0.23641116389220435,0.4212882082966316,0.3423006278111641
0.5,0.23641116389220435,0.4212882082966316,0.3423006278111641
0.52,0.23641116389220435,0.4212882082966316,0.3423006278111641
0.54,0.23641116389220435,0.4212882082966316,0.3423006278111641
0.56,0.23641116389220435,0.4212882082966316,0.3423006278111641
0.58,0.23641116389220435,0.4212882082966316,0.3423006278111641
0.6,0.23641116389220435,0.4212882082966316,0.3423006278111641
0.62,0.23641116389220435,0.4212882082966316,0.3423006278111641
0.64,0.23641116389220435,0.4212882082966316,0.3423006278111641
0.66,0.23641116389220435,0.4212882082966316,0.3423006278111641
0.68,0.23641116389220435,0.4212882082966316,0.3423006278111641
0.7000000000000001,0.23641116389220435,0.4212882082966316,0.3423006278111641
0.72,0.23641116389220435,0.4212882082966316,0.3423006278111641
0.74,0.23641116389220435,0.4212882082966316,0.3423006278111641
0.76,0.23641116389220435,0.4212882082966316,0.3423006278111641
0.78,0.22348869134555294,0.41761806083598985,0.3588932478184572
0.8,0.21056621879890156,0.41394791337534814,0.3754858678257504
0.8200000000000001,0.19764374625225015,0.4102777659147064,0.39207848783304355
0.84,0.18472127370559877,0.4066076184540647,0.40867110784033667
0.86,0.17179880115894736,0.4029374709934229,0.4252637278476298
0.88,0.15887632861229595,0.39926732353278116,0.44185634785492295
0.9,0.14595385606564454,0.39559717607213946,0.4584489678622161
0.92,0.13303138351899316,0.3919270286114977,0.47504158786950923
0.9400000000000001,0.13303138351899316,0.3919270286114977,0.47504158786950923
0.96,0.13303138351899316,0.3919270286114977,0.47504158786950923
0.98,0.13303138351899316,0.3919270286114977,0.47504158786950923
1.0,0.13303138351899316,0.3919270286114977,0.47504158786950923
