fraction_of_volc,OH,H2O2,TMI
0.0,0.7732222629078164,0.12026116096904375,0.10651657612313978
0.02,0.7732222629078164,0.12026116096904375,0.10651657612313978
0.04,0.7732222629078164,0.12026116096904375,0.10651657612313978
0.06,0.7732222629078164,0.12026116096904375,0.10651657612313978
0.08,0.7732222629078164,0.12026116096904375,0.10651657612313978
0.1,0.7732222629078164,0.12026116096904375,0.10651657612313978
0.12,0.7732222629078164,0.12026116096904375,0.10651657612313978
0.14,0.7732222629078164,0.12026116096904375,0.10651657612313978
0.16,0.7732222629078164,0.12026116096904375,0.10651657612313978
0.18,0.7593328767860331,0.11235724165907567,0.12830988155489112
0.2,0.7454434906642499,0.10445332234910759,0.15010318698664246
0.22,0.7315541045424666,0.0965494030391395,0.17189649241839383
0.24,0.7176647184206834,0.08864548372917141,0.19368979785014517
0.26,0.7037753322989001,0.08074156441920333,0.21548310328189652
0.28,0.6898859461771168,0.07283764510923524,0.23727640871364786
0.3,0.6759965600553336,0.06493372579926716,0.2590697141453992
0.32,0.6621071739335503,0.057029806489299076,0.28086301957715054
0.34,0.6482177878117671,0.04912588717933099,0.3026563250089019
0.36,0.6343284016899838,0.04122196786936289,0.3244496304406532
0.38,0.6343284016899838,0.04122196786936289,0.3244496304406532
0.4,0.6343284016899838,0.04122196786936289,0.3244496304406532
0.42,0.6343284016899838,0.04122196786936289,0.3244496304406532
0.44,0.6343284016899838,0.04122196786936289,0.3244496304406532
0.46,0.6343284016899838,0.04122196786936289,0.3244496304406532
0.48,0.6343284016899838,0.04122196786936289,0.3244496304406532
0.5,0.6343284016899838,0.04122196786936289,0.3244496304406532
0.52,0.6343284016899838,0.04122196786936289,0.3244496304406532
0.54,0.6343284016899838,0.04122196786936289,0.3244496304406532
0.56,0.6343284016899838,0.04122196786936289,0.3244496304406532
0.58,0.6343284016899838,0.04122196786936289,0.3244496304406532
0.6,0.6343284016899838,0.04122196786936289,0.3244496304406532
0.62,0.6343284016899838,0.04122196786936289,0.3244496304406532
0.64,0.6343284016899838,0.04122196786936289,0.3244496304406532
0.66,0.6343284016899838,0.04122196786936289,0.3244496304406532
0.68,0.6343284016899838,0.04122196786936289,0.3244496304406532
0.7000000000000001,0.6343284016899838,0.04122196786936289,0.3244496304406532
0.72,0.6343284016899838,0.04122196786936289,0.3244496304406532
0.74,0.6343284016899838,0.04122196786936289,0.3244496304406532
0.76,0.6343284016899838,0.04122196786936289,0.3244496304406532
0.78,0.6343284016899838,0.04122196786936289,0.3244496304406532
0.8,0.6343284016899838,0.04122196786936289,0.3244496304406532
0.8200000000000001,0.6343284016899838,0.04122196786936289,0.3244496304406532
0.84,0.6343284016899838,0.04122196786936289,0.3244496304406532
0.86,0.6343284016899838,0.04122196786936289,0.3244496304406532
0.88,0.6343284016899838,0.04122196786936289,0.3244496304406532
0.9,0.6343284016899838,0.04122196786936289,0.3244496304406532
0.92,0.6343284016899838,0.04122196786936289,0.3244496304406532
0.9400000000000001,0.6343284016899838,0.04122196786936289,0.3244496304406532
0.96,0.6343284016899838,0.04122196786936289,0.3244496304406532
0.98,0.6343284016899838,0.04122196786936289,0.3244496304406532
1.0,0.6343284016899838,0.04122196786936289,0.3244496304406532
