fraction_of_volc,OH,H2O2,TMI
0.0,0.5124106953424222,0.13608363940232543,0.35150566525525234
0.02,0.5124106953424222,0.13608363940232543,0.35150566525525234
0.04,0.5124106953424222,0.13608363940232543,0.35150566525525234
0.06,0.5124106953424222,0.13608363940232543,0.35150566525525234
0.08,0.5124106953424222,0.13608363940232543,0.35150566525525234
0.1,0.5124106953424222,0.13608363940232543,0.35150566525525234
0.12,0.5124106953424222,0.13608363940232543,0.35150566525525234
0.14,0.5124106953424222,0.13608363940232543,0.35150566525525234
0.16,0.5124106953424222,0.13608363940232543,0.35150566525525234
0.18,0.5124106953424222,0.13608363940232543,0.35150566525525234
0.2,0.5124106953424222,0.13608363940232543,0.35150566525525234
0.22,0.5124106953424222,0.13608363940232543,0.35150566525525234
0.24,0.5124106953424222,0.13608363940232543,0.35150566525525234
0.26,0.5124106953424222,0.13608363940232543,0.35150566525525234
0.28,0.5124106953424222,0.13608363940232543,0.35150566525525234
0.3,0.5124106953424222,0.13608363940232543,0.35150566525525234
0.32,0.5124106953424222,0.13608363940232543,0.35150566525525234
0.34,0.5124106953424222,0.13608363940232543,0.35150566525525234
0.36,0.5124106953424222,0.13608363940232543,0.35150566525525234
0.38,0.5124106953424222,0.13608363940232543,0.35150566525525234
0.4,0.5124106953424222,0.13608363940232543,0.35150566525525234
0.42,0.5124106953424222,0.13608363940232543,0.35150566525525234
0.44,0.5124106953424222,0.13608363940232543,0.35150566525525234
0.46,0.5124106953424222,0.13608363940232543,0.35150566525525234
0.48,0.5124106953424222,0.13608363940232543,0.35150566525525234
0.5,0.5124106953424222,0.13608363940232543,0.35150566525525234
0.52,0.5124106953424222,0.13608363940232543,0.35150566525525234
0.54,0.5124106953424222,0.13608363940232543,0.35150566525525234
0.56,0.5124106953424222,0.13608363940232543,0.35150566525525234
0.58,0.5124106953424222,0.13608363940232543,0.35150566525525234
0.6,0.5124106953424222,0.13608363940232543,0.35150566525525234
0.62,0.5124106953424222,0.13608363940232543,0.35150566525525234
0.64,0.5124106953424222,0.13608363940232543,0.35150566525525234
0.66,0.5124106953424222,0.13608363940232543,0.35150566525525234
0.68,0.47939842282223943,0.13035070552384875,0.3902508716539118
0.7000000000000001,0.4463861503020566,0.12461777164537209,0.42899607805257134
0.72,0.41337387778187373,0.11888483776689543,0.46774128445123087
0.74,0.38036160526169094,0.11315190388841877,0.5064864908498903
0.76,0.34734933274150814,0.1074189700099421,0.5452316972485498
0.78,0.3143370602213253,0.10168603613146543,0.5839769036472093
0.8,0.28132478770114244,0.09595310225298877,0.6227221100458689
0.8200000000000001,0.24831251518095965,0.0902201683745121,0.6614673164445284
0.84,0.21530024266077685,0.08448723449603543,0.7002125228431879
0.86,0.182287970140594,0.07875430061755877,0.7389577292418473
0.88,0.14927569762041115,0.0730213667390821,0.7777029356405067
0.9,0.11626342510022836,0.06728843286060543,0.8164481420391663
0.92,0.08325115258004556,0.06155549898212877,0.8551933484378258
0.9400000000000001,0.05023888005986271,0.055822565103652105,0.8939385548364853
0.96,0.017226607539679858,0.05008963122517542,0.9326837612351447
0.98,0.017226607539679858,0.05008963122517542,0.9326837612351447
1.0,0.017226607539679858,0.05008963122517542,0.9326837612351447
