fraction_of_volc,OH,H2O2,TMI
0.0,0.7899944926790052,0.06583238102124689,0.1441731262997478
0.02,0.7899944926790052,0.06583238102124689,0.1441731262997478
0.04,0.7899944926790052,0.06583238102124689,0.1441731262997478
0.06,0.7899944926790052,0.06583238102124689,0.1441731262997478
0.08,0.7899944926790052,0.06583238102124689,0.1441731262997478
0.1,0.7899944926790052,0.06583238102124689,0.1441731262997478
0.12,0.7899944926790052,0.06583238102124689,0.1441731262997478
0.14,0.7899944926790052,0.06583238102124689,0.1441731262997478
0.16,0.7899944926790052,0.06583238102124689,0.1441731262997478
0.18,0.7899944926790052,0.06583238102124689,0.1441731262997478
0.2,0.7899944926790052,0.06583238102124689,0.1441731262997478
0.22,0.7899944926790052,0.06583238102124689,0.1441731262997478
0.24,0.7899944926790052,0.06583238102124689,0.1441731262997478
0.26,0.7899944926790052,0.06583238102124689,0.1441731262997478
0.28,0.7899944926790052,0.06583238102124689,0.1441731262997478
0.3,0.7899944926790052,0.06583238102124689,0.1441731262997478
0.32,0.7899944926790052,0.06583238102124689,0.1441731262997478
0.34,0.7899944926790052,0.06583238102124689,0.1441731262997478
0.36,0.7899944926790052,0.06583238102124689,0.1441731262997478
0.38,0.7899944926790052,0.06583238102124689,0.1441731262997478
0.4,0.7899944926790052,0.06583238102124689,0.1441731262997478
0.42,0.7899944926790052,0.06583238102124689,0.1441731262997478
0.44,0.7899944926790052,0.06583238102124689,0.1441731262997478
0.46,0.7899944926790052,0.06583238102124689,0.1441731262997478
0.48,0.7899944926790052,0.06583238102124689,0.1441731262997478
0.5,0.7899944926790052,0.06583238102124689,0.1441731262997478
0.52,0.7899944926790052,0.06583238102124689,0.1441731262997478
0.54,0.7899944926790052,0.06583238102124689,0.1441731262997478
0.56,0.7899944926790052,0.06583238102124689,0.1441731262997478
0.58,0.7899944926790052,0.06583238102124689,0.1441731262997478
0.6,0.7899944926790052,0.06583238102124689,0.1441731262997478
0.62,0.7899944926790052,0.06583238102124689,0.1441731262997478
0.64,0.7899944926790052,0.06583238102124689,0.1441731262997478
0.66,0.7899944926790052,0.06583238102124689,0.1441731262997478
0.68,0.7899944926790052,0.06583238102124689,0.1441731262997478
0.7000000000000001,0.7899944926790052,0.06583238102124689,0.1441731262997478
0.72,0.7899944926790052,0.06583238102124689,0.1441731262997478
0.74,0.7899944926790052,0.06583238102124689,0.1441731262997478
0.76,0.7899944926790052,0.06583238102124689,0.1441731262997478
0.78,0.7899944926790052,0.06583238102124689,0.1441731262997478
0.8,0.6778192259413017,0.08543760378330652,0.2367431702753917
0.8200000000000001,0.5656439592035981,0.10504282654536615,0.32931321425103566
0.84,0.4534686924658946,0.12464804930742579,0.4218832582266796
0.86,0.34129342572819105,0.1442532720694854,0.5144533022023235
0.88,0.22911815899048749,0.16385849483154505,0.6070233461779675
0.9,0.11694289225278398,0.1834637175936047,0.6995933901536113
0.92,0.004767625515080407,0.2030689403556643,0.7921634341292553
0.9400000000000001,0.004767625515080407,0.2030689403556643,0.7921634341292553
0.96,0.004767625515080407,0.2030689403556643,0.7921634341292553
0.98,0.004767625515080407,0.2030689403556643,0.7921634341292553
1.0,0.004767625515080407,0.2030689403556643,0.7921634341292553
