fraction_of_volc,OH,H2O2,TMI
0.0,0.13138581617973735,0.01499506969192062,0.8536191141283421
0.02,0.13138581617973735,0.01499506969192062,0.8536191141283421
0.04,0.13138581617973735,0.01499506969192062,0.8536191141283421
0.06,0.13138581617973735,0.01499506969192062,0.8536191141283421
0.08,0.13138581617973735,0.01499506969192062,0.8536191141283421
0.1,0.13138581617973735,0.01499506969192062,0.8536191141283421
0.12,0.13138581617973735,0.01499506969192062,0.8536191141283421
0.14,0.13138581617973735,0.01499506969192062,0.8536191141283421
0.16,0.13138581617973735,0.01499506969192062,0.8536191141283421
0.18,0.13138581617973735,0.01499506969192062,0.8536191141283421
0.2,0.13138581617973735,0.01499506969192062,0.8536191141283421
0.22,0.13138581617973735,0.01499506969192062,0.8536191141283421
0.24,0.13138581617973735,0.01499506969192062,0.8536191141283421
0.26,0.13100156760563345,0.028815993856011093,0.8401824385383555
0.28,0.13061731903152957,0.04263691802010156,0.826745762948369
0.3,0.13023307045742566,0.05645784218419203,0.8133090873583824
0.32,0.12984882188332175,0.0702787663482825,0.7998724117683959
0.34,0.12946457330921787,0.08409969051237298,0.7864357361784092
0.36,0.12908032473511397,0.09792061467646344,0.7729990605884227
0.38,0.12869607616101006,0.11174153884055392,0.7595623849984361
0.4,0.12831182758690618,0.1255624630046444,0.7461257094084495
0.42,0.12792757901280227,0.13938338716873488,0.732689033818463
0.44,0.12754333043869837,0.15320431133282536,0.7192523582284764
0.46,0.1271590818645945,0.16702523549691584,0.7058156826384898
0.48,0.12677483329049058,0.18084615966100628,0.6923790070485032
0.5,0.12639058471638667,0.19466708382509676,0.6789423314585167
0.52,0.1260063361422828,0.20848800798918724,0.66550565586853
0.54,0.1256220875681789,0.2223089321532777,0.6520689802785435
0.56,0.12523783899407498,0.2361298563173682,0.6386323046885569
0.58,0.12485359041997109,0.24995078048145866,0.6251956290985703
0.6,0.12446934184586719,0.2637717046455491,0.6117589535085838
0.62,0.1240850932717633,0.2775926288096396,0.5983222779185973
0.64,0.12370084469765939,0.29141355297373006,0.5848856023286106
0.66,0.1233165961235555,0.30523447713782054,0.571448926738624
0.68,0.1229323475494516,0.319055401301911,0.5580122511486374
0.7000000000000001,0.1225480989753477,0.3328763254660015,0.5445755755586509
0.72,0.1221638504012438,0.3466972496300919,0.5311388999686644
0.74,0.12177960182713991,0.3605181737941824,0.5177022243786777
0.76,0.121395353253036,0.37433909795827286,0.5042655487886911
0.78,0.12101110467893211,0.38816002212236334,0.4908288731987046
0.8,0.12101110467893211,0.38816002212236334,0.4908288731987046
0.8200000000000001,0.12101110467893211,0.38816002212236334,0.4908288731987046
0.84,0.12101110467893211,0.38816002212236334,0.4908288731987046
0.86,0.12101110467893211,0.38816002212236334,0.4908288731987046
0.88,0.12101110467893211,0.38816002212236334,0.4908288731987046
0.9,0.12101110467893211,0.38816002212236334,0.4908288731987046
0.92,0.12101110467893211,0.38816002212236334,0.4908288731987046
0.9400000000000001,0.12101110467893211,0.38816002212236334,0.4908288731987046
0.96,0.12101110467893211,0.38816002212236334,0.4908288731987046
0.98,0.12101110467893211,0.38816002212236334,0.4908288731987046
1.0,0.12101110467893211,0.38816002212236334,0.4908288731987046
