fraction_of_volc,OH,H2O2,TMI
0.0,0.22429341140844614,0.09872762348571368,0.6769789651058402
0.02,0.22429341140844614,0.09872762348571368,0.6769789651058402
0.04,0.22429341140844614,0.09872762348571368,0.6769789651058402
0.06,0.22429341140844614,0.09872762348571368,0.6769789651058402
0.08,0.22429341140844614,0.09872762348571368,0.6769789651058402
0.1,0.22429341140844614,0.09872762348571368,0.6769789651058402
0.12,0.22429341140844614,0.09872762348571368,0.6769789651058402
0.14,0.2311903250857833,0.11102184437595253,0.6577878305382642
0.16,0.2380872387631205,0.12331606526619138,0.6385966959706881
0.18,0.24498415244045765,0.13561028615643023,0.6194055614031122
0.2,0.2518810661177948,0.14790450704666908,0.6002144268355362
0.22,0.258777979795132,0.16019872793690793,0.5810232922679601
0.24,0.2656748934724692,0.17249294882714675,0.5618321577003841
0.26,0.27257180714980633,0.1847871697173856,0.542641023132808
0.28,0.2794687208271435,0.19708139060762445,0.5234498885652321
0.3,0.2863656345044807,0.2093756114978633,0.5042587539976561
0.32,0.29326254818181785,0.22166983238810214,0.48506761943008003
0.34,0.30015946185915504,0.233964053278341,0.465876484862504
0.36,0.30705637553649223,0.24625827416857982,0.44668535029492795
0.38,0.31395328921382937,0.25855249505881867,0.42749421572735197
0.4,0.32085020289116656,0.2708467159490575,0.4083030811597759
0.42,0.32774711656850375,0.28314093683929636,0.38911194659219994
0.44,0.3346440302458409,0.2954351577295352,0.3699208120246239
0.46,0.3415409439231781,0.30772937861977406,0.35072967745704786
0.48,0.34843785760051527,0.3200235995100129,0.3315385428894719
0.5,0.3553347712778524,0.33231782040025176,0.31234740832189584
0.52,0.36223168495518965,0.3446120412904906,0.29315627375431985
0.54,0.3691285986325268,0.35690626218072946,0.2739651391867438
0.56,0.3760255123098639,0.3692004830709683,0.25477400461916777
0.58,0.38292242598720116,0.38149470396120716,0.2355828700515918
0.6,0.3898193396645383,0.39378892485144595,0.21639173548401575
0.62,0.39671625334187544,0.4060831457416848,0.1972006009164397
0.64,0.4036131670192127,0.41837736663192365,0.17800946634886372
0.66,0.4105100806965498,0.4306715875221625,0.15881833178128774
0.68,0.4105100806965498,0.4306715875221625,0.15881833178128774
0.7000000000000001,0.4105100806965498,0.4306715875221625,0.15881833178128774
0.72,0.4105100806965498,0.4306715875221625,0.15881833178128774
0.74,0.4105100806965498,0.4306715875221625,0.15881833178128774
0.76,0.4105100806965498,0.4306715875221625,0.15881833178128774
0.78,0.4105100806965498,0.4306715875221625,0.15881833178128774
0.8,0.4105100806965498,0.4306715875221625,0.15881833178128774
0.8200000000000001,0.4105100806965498,0.4306715875221625,0.15881833178128774
0.84,0.4105100806965498,0.4306715875221625,0.15881833178128774
0.86,0.4105100806965498,0.4306715875221625,0.15881833178128774
0.88,0.4105100806965498,0.4306715875221625,0.15881833178128774
0.9,0.4105100806965498,0.4306715875221625,0.15881833178128774
0.92,0.4105100806965498,0.4306715875221625,0.15881833178128774
0.9400000000000001,0.4105100806965498,0.4306715875221625,0.15881833178128774
0.96,0.4105100806965498,0.4306715875221625,0.15881833178128774
0.98,0.4105100806965498,0.4306715875221625,0.15881833178128774
1.0,0.4105100806965498,0.4306715875221625,0.15881833178128774
