fraction_of_volc,OH,H2O2,TMI
0.0,0.7509077896846007,0.22153960309675122,0.027552607218648037
0.02,0.7509077896846007,0.22153960309675122,0.027552607218648037
0.04,0.7509077896846007,0.22153960309675122,0.027552607218648037
0.06,0.7509077896846007,0.22153960309675122,0.027552607218648037
0.08,0.7509077896846007,0.22153960309675122,0.027552607218648037
0.1,0.7509077896846007,0.22153960309675122,0.027552607218648037
0.12,0.7509077896846007,0.22153960309675122,0.027552607218648037
0.14,0.7509077896846007,0.22153960309675122,0.027552607218648037
0.16,0.7509077896846007,0.22153960309675122,0.027552607218648037
0.18,0.7509077896846007,0.22153960309675122,0.027552607218648037
0.2,0.7509077896846007,0.22153960309675122,0.027552607218648037
0.22,0.7427974093853249,0.22732788883861763,0.029874701776057375
0.24,0.7346870290860492,0.23311617458048406,0.03219679633346671
0.26,0.7265766487867734,0.23890446032235046,0.03451889089087604
0.28,0.7184662684874977,0.2446927460642169,0.03684098544828538
0.3,0.7103558881882219,0.25048103180608333,0.03916308000569472
0.32,0.7022455078889461,0.25626931754794974,0.04148517456310405
0.34,0.6941351275896704,0.26205760328981614,0.04380726912051339
0.36,0.6860247472903946,0.26784588903168255,0.046129363677922725
0.38,0.677914366991119,0.273634174773549,0.04845145823533206
0.4,0.6698039866918432,0.2794224605154154,0.0507735527927414
0.42,0.6616936063925674,0.2852107462572818,0.05309564735015073
0.44,0.6535832260932917,0.2909990319991482,0.05541774190756007
0.46,0.6454728457940159,0.29678731774101463,0.057739836464969406
0.48,0.6373624654947402,0.3025756034828811,0.06006193102237874
0.5,0.6292520851954644,0.3083638892247475,0.062384025579788074
0.52,0.6211417048961887,0.3141521749666139,0.06470612013719741
0.54,0.6130313245969129,0.31994046070848037,0.06702821469460675
0.56,0.6049209442976371,0.3257287464503468,0.06935030925201609
0.58,0.5968105639983614,0.3315170321922132,0.07167240380942541
0.6,0.5887001836990856,0.3373053179340796,0.07399449836683475
0.62,0.5805898033998098,0.343093603675946,0.07631659292424409
0.64,0.5724794231005341,0.3488818894178124,0.07863868748165342
0.66,0.5643690428012583,0.35467017515967886,0.08096078203906276
0.68,0.5562586625019826,0.36045846090154526,0.0832828765964721
0.7000000000000001,0.5481482822027068,0.3662467466434117,0.08560497115388144
0.72,0.5400379019034312,0.37203503238527813,0.08792706571129077
0.74,0.5319275216041554,0.37782331812714454,0.09024916026870011
0.76,0.5319275216041554,0.37782331812714454,0.09024916026870011
0.78,0.5319275216041554,0.37782331812714454,0.09024916026870011
0.8,0.5319275216041554,0.37782331812714454,0.09024916026870011
0.8200000000000001,0.5319275216041554,0.37782331812714454,0.09024916026870011
0.84,0.5319275216041554,0.37782331812714454,0.09024916026870011
0.86,0.5319275216041554,0.37782331812714454,0.09024916026870011
0.88,0.5319275216041554,0.37782331812714454,0.09024916026870011
0.9,0.5319275216041554,0.37782331812714454,0.09024916026870011
0.92,0.5319275216041554,0.37782331812714454,0.09024916026870011
0.9400000000000001,0.5319275216041554,0.37782331812714454,0.09024916026870011
0.96,0.5319275216041554,0.37782331812714454,0.09024916026870011
0.98,0.5319275216041554,0.37782331812714454,0.09024916026870011
1.0,0.5319275216041554,0.37782331812714454,0.09024916026870011
