fraction_of_volc,OH,H2O2,TMI
0.0,0.6099944560745606,0.11559158912530083,0.2744139548001385
0.02,0.6099944560745606,0.11559158912530083,0.2744139548001385
0.04,0.6099944560745606,0.11559158912530083,0.2744139548001385
0.06,0.6099944560745606,0.11559158912530083,0.2744139548001385
0.08,0.6099944560745606,0.11559158912530083,0.2744139548001385
0.1,0.6099944560745606,0.11559158912530083,0.2744139548001385
0.12,0.6099944560745606,0.11559158912530083,0.2744139548001385
0.14,0.6099944560745606,0.11559158912530083,0.2744139548001385
0.16,0.6099944560745606,0.11559158912530083,0.2744139548001385
0.18,0.6099944560745606,0.11559158912530083,0.2744139548001385
0.2,0.6099944560745606,0.11559158912530083,0.2744139548001385
0.22,0.6099944560745606,0.11559158912530083,0.2744139548001385
0.24,0.5951156943138066,0.12124856615748844,0.2836357395287049
0.26,0.5802369325530526,0.12690554318967606,0.2928575242572713
0.28,0.5653581707922987,0.13256252022186366,0.3020793089858377
0.3,0.5504794090315446,0.13821949725405128,0.3113010937144041
0.32,0.5356006472707906,0.14387647428623887,0.3205228784429705
0.34,0.5207218855100366,0.1495334513184265,0.3297446631715369
0.36,0.5058431237492826,0.15519042835061408,0.3389664479001033
0.38,0.49096436198852866,0.1608474053828017,0.34818823262866966
0.4,0.4760856002277747,0.16650438241498933,0.3574100173572361
0.42,0.4612068384670207,0.17216135944717692,0.3666318020858025
0.44,0.4463280767062667,0.17781833647936454,0.37585358681436887
0.46,0.4314493149455127,0.18347531351155216,0.38507537154293525
0.48,0.4165705531847587,0.18913229054373976,0.39429715627150164
0.5,0.4016917914240047,0.19478926757592735,0.403518941000068
0.52,0.3868130296632507,0.20044624460811497,0.4127407257286344
0.54,0.37193426790249673,0.2061032216403026,0.4219625104572008
0.56,0.35705550614174275,0.21176019867249019,0.4311842951857672
0.58,0.3421767443809888,0.21741717570467778,0.4404060799143336
0.6,0.32729798262023474,0.2230741527368654,0.4496278646429
0.62,0.31241922085948076,0.22873112976905302,0.4588496493714664
0.64,0.31241922085948076,0.22873112976905302,0.4588496493714664
0.66,0.31241922085948076,0.22873112976905302,0.4588496493714664
0.68,0.31241922085948076,0.22873112976905302,0.4588496493714664
0.7000000000000001,0.31241922085948076,0.22873112976905302,0.4588496493714664
0.72,0.31241922085948076,0.22873112976905302,0.4588496493714664
0.74,0.31241922085948076,0.22873112976905302,0.4588496493714664
0.76,0.31241922085948076,0.22873112976905302,0.4588496493714664
0.78,0.31241922085948076,0.22873112976905302,0.4588496493714664
0.8,0.31241922085948076,0.22873112976905302,0.4588496493714664
0.8200000000000001,0.31241922085948076,0.22873112976905302,0.4588496493714664
0.84,0.31241922085948076,0.22873112976905302,0.4588496493714664
0.86,0.31241922085948076,0.22873112976905302,0.4588496493714664
0.88,0.31241922085948076,0.22873112976905302,0.4588496493714664
0.9,0.31241922085948076,0.22873112976905302,0.4588496493714664
0.92,0.31241922085948076,0.22873112976905302,0.4588496493714664
0.9400000000000001,0.31241922085948076,0.22873112976905302,0.4588496493714664
0.96,0.31241922085948076,0.22873112976905302,0.4588496493714664
0.98,0.31241922085948076,0.22873112976905302,0.4588496493714664
1.0,0.31241922085948076,0.22873112976905302,0.4588496493714664
