fraction_of_volc,OH,H2O2,TMI
0.0,0.01752516148430597,0.23122550305141787,0.7512493354642762
0.02,0.01752516148430597,0.23122550305141787,0.7512493354642762
0.04,0.01752516148430597,0.23122550305141787,0.7512493354642762
0.06,0.01752516148430597,0.23122550305141787,0.7512493354642762
0.08,0.01752516148430597,0.23122550305141787,0.7512493354642762
0.1,0.01752516148430597,0.23122550305141787,0.7512493354642762
0.12,0.01752516148430597,0.23122550305141787,0.7512493354642762
0.14,0.01752516148430597,0.23122550305141787,0.7512493354642762
0.16,0.01752516148430597,0.23122550305141787,0.7512493354642762
0.18,0.01752516148430597,0.23122550305141787,0.7512493354642762
0.2,0.01752516148430597,0.23122550305141787,0.7512493354642762
0.22,0.035773643134367705,0.23299948596441117,0.7312268709012212
0.24,0.05402212478442943,0.23477346887740447,0.7112044063381661
0.26,0.07227060643449117,0.23654745179039777,0.691181941775111
0.28,0.09051908808455289,0.23832143470339107,0.671159477212056
0.3,0.10876756973461463,0.24009541761638437,0.651137012649001
0.32,0.12701605138467637,0.24186940052937766,0.6311145480859459
0.34,0.14526453303473807,0.243643383442371,0.6110920835228909
0.36,0.1635130146847998,0.2454173663553643,0.5910696189598359
0.38,0.18176149633486155,0.2471913492683576,0.5710471543967808
0.4,0.2000099779849233,0.2489653321813509,0.5510246898337258
0.42,0.218258459634985,0.25073931509434416,0.5310022252706708
0.44,0.23650694128504673,0.25251329800733746,0.5109797607076156
0.46,0.2547554229351085,0.2542872809203308,0.4909572961445607
0.48,0.2730039045851702,0.2560612638333241,0.4709348315815056
0.5,0.291252386235232,0.2578352467463174,0.4509123670184506
0.52,0.3095008678852937,0.2596092296593107,0.43088990245539555
0.54,0.3277493495353554,0.261383212572304,0.4108674378923405
0.56,0.34599783118541716,0.2631571954852973,0.39084497332928547
0.58,0.36424631283547887,0.2649311783982906,0.3708225087662304
0.6,0.38249479448554063,0.2667051613112839,0.3508000442031754
0.62,0.40074327613560234,0.2684791442242772,0.33077757964012033
0.64,0.41899175778566405,0.2702531271372705,0.3107551150770653
0.66,0.4372402394357258,0.2720271100502638,0.29073265051401026
0.68,0.45548872108578753,0.2738010929632571,0.2707101859509552
0.7000000000000001,0.4737372027358493,0.2755750758762504,0.25068772138790024
0.72,0.4737372027358493,0.2755750758762504,0.25068772138790024
0.74,0.4737372027358493,0.2755750758762504,0.25068772138790024
0.76,0.4737372027358493,0.2755750758762504,0.25068772138790024
0.78,0.4737372027358493,0.2755750758762504,0.25068772138790024
0.8,0.4737372027358493,0.2755750758762504,0.25068772138790024
0.8200000000000001,0.4737372027358493,0.2755750758762504,0.25068772138790024
0.84,0.4737372027358493,0.2755750758762504,0.25068772138790024
0.86,0.4737372027358493,0.2755750758762504,0.25068772138790024
0.88,0.4737372027358493,0.2755750758762504,0.25068772138790024
0.9,0.4737372027358493,0.2755750758762504,0.25068772138790024
0.92,0.4737372027358493,0.2755750758762504,0.25068772138790024
0.9400000000000001,0.4737372027358493,0.2755750758762504,0.25068772138790024
0.96,0.4737372027358493,0.2755750758762504,0.25068772138790024
0.98,0.4737372027358493,0.2755750758762504,0.25068772138790024
1.0,0.4737372027358493,0.2755750758762504,0.25068772138790024
