fraction_of_volc,OH,H2O2,TMI
0.0,0.6077439296962729,0.27222013495328384,0.12003593535044334
0.02,0.6077439296962729,0.27222013495328384,0.12003593535044334
0.04,0.6077439296962729,0.27222013495328384,0.12003593535044334
0.06,0.6077439296962729,0.27222013495328384,0.12003593535044334
0.08,0.6077439296962729,0.27222013495328384,0.12003593535044334
0.1,0.6077439296962729,0.27222013495328384,0.12003593535044334
0.12,0.6077439296962729,0.27222013495328384,0.12003593535044334
0.14,0.6077439296962729,0.27222013495328384,0.12003593535044334
0.16,0.6077439296962729,0.27222013495328384,0.12003593535044334
0.18,0.6077439296962729,0.27222013495328384,0.12003593535044334
0.2,0.6077439296962729,0.27222013495328384,0.12003593535044334
0.22,0.6077439296962729,0.27222013495328384,0.12003593535044334
0.24,0.6077439296962729,0.27222013495328384,0.12003593535044334
0.26,0.6077439296962729,0.27222013495328384,0.12003593535044334
0.28,0.6077439296962729,0.27222013495328384,0.12003593535044334
0.3,0.6077439296962729,0.27222013495328384,0.12003593535044334
0.32,0.6077439296962729,0.27222013495328384,0.12003593535044334
0.34,0.6077439296962729,0.27222013495328384,0.12003593535044334
0.36,0.6077439296962729,0.27222013495328384,0.12003593535044334
0.38,0.6077439296962729,0.27222013495328384,0.12003593535044334
0.4,0.6077439296962729,0.27222013495328384,0.12003593535044334
0.42,0.6077439296962729,0.27222013495328384,0.12003593535044334
0.44,0.6077439296962729,0.27222013495328384,0.12003593535044334
0.46,0.6077439296962729,0.27222013495328384,0.12003593535044334
0.48,0.6077439296962729,0.27222013495328384,0.12003593535044334
0.5,0.6077439296962729,0.27222013495328384,0.12003593535044334
0.52,0.6077439296962729,0.27222013495328384,0.12003593535044334
0.54,0.6077439296962729,0.27222013495328384,0.12003593535044334
0.56,0.6077439296962729,0.27222013495328384,0.12003593535044334
0.58,0.6077439296962729,0.27222013495328384,0.12003593535044334
0.6,0.6077439296962729,0.27222013495328384,0.12003593535044334
0.62,0.6077439296962729,0.27222013495328384,0.12003593535044334
0.64,0.6077439296962729,0.27222013495328384,0.12003593535044334
0.66,0.6077439296962729,0.27222013495328384,0.12003593535044334
0.68,0.6077439296962729,0.27222013495328384,0.12003593535044334
0.7000000000000001,0.6077439296962729,0.27222013495328384,0.12003593535044334
0.72,0.5763562685630578,0.27095750077994984,0.15268623065699244
0.74,0.5449686074298428,0.2696948666066158,0.1853365259635415
0.76,0.5135809462966276,0.2684322324332818,0.2179868212700906
0.78,0.4821932851634126,0.2671695982599478,0.2506371165766397
0.8,0.4508056240301975,0.26590696408661374,0.2832874118831888
0.8200000000000001,0.4194179628969824,0.26464432991327974,0.31593770718973785
0.84,0.38803030176376735,0.2633816957399457,0.34858800249628696
0.86,0.3566426406305523,0.2621190615666117,0.381238297802836
0.88,0.3252549794973372,0.2608564273932777,0.4138885931093851
0.9,0.29386731836412217,0.25959379321994364,0.4465388884159342
0.92,0.26247965723090705,0.25833115904660964,0.47918918372248326
0.9400000000000001,0.26247965723090705,0.25833115904660964,0.47918918372248326
0.96,0.26247965723090705,0.25833115904660964,0.47918918372248326
0.98,0.26247965723090705,0.25833115904660964,0.47918918372248326
1.0,0.26247965723090705,0.25833115904660964,0.47918918372248326
