fraction_of_volc,OH,H2O2,TMI
0.0,0.49499046637181593,0.4054957892334725,0.09951374439471142
0.02,0.49499046637181593,0.4054957892334725,0.09951374439471142
0.04,0.47558087770928803,0.4219100905167609,0.10250903177395093
0.06,0.45617128904676013,0.4383243918000493,0.10550431915319045
0.08,0.43676170038423223,0.4547386930833377,0.10849960653242996
0.1,0.41735211172170433,0.47115299436662605,0.11149489391166947
0.12,0.39794252305917643,0.48756729564991447,0.11449018129090899
0.14,0.3785329343966485,0.5039815969332029,0.1174854686701485
0.16,0.35912334573412064,0.5203958982164912,0.12048075604938803
0.18,0.3397137570715927,0.5368101994997796,0.12347604342862754
0.2,0.32030416840906484,0.5532245007830681,0.12647133080786704
0.22,0.3008945797465369,0.5696388020663564,0.12946661818710659
0.24,0.28148499108400904,0.5860531033496448,0.13246190556634607
0.26,0.2620754024214811,0.6024674046329332,0.1354571929455856
0.28,0.24266581375895319,0.6188817059162216,0.1384524803248251
0.3,0.2232562250964253,0.63529600719951,0.14144776770406464
0.32,0.2038466364338974,0.6517103084827984,0.14444305508330416
0.34,0.1844370477713695,0.6681246097660868,0.14743834246254367
0.36,0.1650274591088416,0.6845389110493751,0.15043362984178318
0.38,0.1456178704463137,0.7009532123326636,0.1534289172210227
0.4,0.1262082817837858,0.717367513615952,0.1564242046002622
0.42,0.10679869312125789,0.7337818148992403,0.15941949197950173
0.44,0.08738910445873,0.7501961161825288,0.16241477935874124
0.46,0.06797951579620201,0.7666104174658172,0.16541006673798075
0.48,0.06797951579620201,0.7666104174658172,0.16541006673798075
0.5,0.06797951579620201,0.7666104174658172,0.16541006673798075
0.52,0.06797951579620201,0.7666104174658172,0.16541006673798075
0.54,0.06797951579620201,0.7666104174658172,0.16541006673798075
0.56,0.06797951579620201,0.7666104174658172,0.16541006673798075
0.58,0.06797951579620201,0.7666104174658172,0.16541006673798075
0.6,0.06797951579620201,0.7666104174658172,0.16541006673798075
0.62,0.06797951579620201,0.7666104174658172,0.16541006673798075
0.64,0.06797951579620201,0.7666104174658172,0.16541006673798075
0.66,0.06797951579620201,0.7666104174658172,0.16541006673798075
0.68,0.06797951579620201,0.7666104174658172,0.16541006673798075
0.7000000000000001,0.06797951579620201,0.7666104174658172,0.16541006673798075
0.72,0.06797951579620201,0.7666104174658172,0.16541006673798075
0.74,0.06797951579620201,0.7666104174658172,0.16541006673798075
0.76,0.06797951579620201,0.7666104174658172,0.16541006673798075
0.78,0.06797951579620201,0.7666104174658172,0.16541006673798075
0.8,0.06797951579620201,0.7666104174658172,0.16541006673798075
0.8200000000000001,0.06797951579620201,0.7666104174658172,0.16541006673798075
0.84,0.06797951579620201,0.7666104174658172,0.16541006673798075
0.86,0.06797951579620201,0.7666104174658172,0.16541006673798075
0.88,0.06797951579620201,0.7666104174658172,0.16541006673798075
0.9,0.06797951579620201,0.7666104174658172,0.16541006673798075
0.92,0.06797951579620201,0.7666104174658172,0.16541006673798075
0.9400000000000001,0.06797951579620201,0.7666104174658172,0.16541006673798075
0.96,0.06797951579620201,0.7666104174658172,0.16541006673798075
0.98,0.06797951579620201,0.7666104174658172,0.16541006673798075
1.0,0.06797951579620201,0.7666104174658172,0.16541006673798075
