fraction_of_volc,OH,H2O2,TMI
0.0,0.06929563987062627,0.301821690773937,0.6288826693554367
0.02,0.06929563987062627,0.301821690773937,0.6288826693554367
0.04,0.06929563987062627,0.301821690773937,0.6288826693554367
0.06,0.06929563987062627,0.301821690773937,0.6288826693554367
0.08,0.06929563987062627,0.301821690773937,0.6288826693554367
0.1,0.06929563987062627,0.301821690773937,0.6288826693554367
0.12,0.06929563987062627,0.301821690773937,0.6288826693554367
0.14,0.06929563987062627,0.301821690773937,0.6288826693554367
0.16,0.06719253138325353,0.30426783096582166,0.6285396376509248
0.18,0.06508942289588077,0.3067139711577063,0.6281966059464128
0.2,0.06298631440850802,0.309160111349591,0.6278535742419009
0.22,0.06088320592113526,0.31160625154147564,0.627510542537389
0.24,0.058780097433762515,0.3140523917333603,0.6271675108328771
0.26,0.05667698894638976,0.31649853192524496,0.6268244791283653
0.28,0.05457388045901701,0.3189446721171296,0.6264814474238533
0.3,0.05247077197164426,0.3213908123090143,0.6261384157193414
0.32,0.05247077197164426,0.3213908123090143,0.6261384157193414
0.34,0.05247077197164426,0.3213908123090143,0.6261384157193414
0.36,0.05247077197164426,0.3213908123090143,0.6261384157193414
0.38,0.05247077197164426,0.3213908123090143,0.6261384157193414
0.4,0.05247077197164426,0.3213908123090143,0.6261384157193414
0.42,0.05247077197164426,0.3213908123090143,0.6261384157193414
0.44,0.05247077197164426,0.3213908123090143,0.6261384157193414
0.46,0.05247077197164426,0.3213908123090143,0.6261384157193414
0.48,0.05247077197164426,0.3213908123090143,0.6261384157193414
0.5,0.05247077197164426,0.3213908123090143,0.6261384157193414
0.52,0.05247077197164426,0.3213908123090143,0.6261384157193414
0.54,0.05247077197164426,0.3213908123090143,0.6261384157193414
0.56,0.05247077197164426,0.3213908123090143,0.6261384157193414
0.58,0.05247077197164426,0.3213908123090143,0.6261384157193414
0.6,0.05247077197164426,0.3213908123090143,0.6261384157193414
0.62,0.05247077197164426,0.3213908123090143,0.6261384157193414
0.64,0.05247077197164426,0.3213908123090143,0.6261384157193414
0.66,0.05247077197164426,0.3213908123090143,0.6261384157193414
0.68,0.05247077197164426,0.3213908123090143,0.6261384157193414
0.7000000000000001,0.05247077197164426,0.3213908123090143,0.6261384157193414
0.72,0.05247077197164426,0.3213908123090143,0.6261384157193414
0.74,0.05247077197164426,0.3213908123090143,0.6261384157193414
0.76,0.05247077197164426,0.3213908123090143,0.6261384157193414
0.78,0.05247077197164426,0.3213908123090143,0.6261384157193414
0.8,0.05247077197164426,0.3213908123090143,0.6261384157193414
0.8200000000000001,0.05247077197164426,0.3213908123090143,0.6261384157193414
0.84,0.05247077197164426,0.3213908123090143,0.6261384157193414
0.86,0.05247077197164426,0.3213908123090143,0.6261384157193414
0.88,0.05247077197164426,0.3213908123090143,0.6261384157193414
0.9,0.05247077197164426,0.3213908123090143,0.6261384157193414
0.92,0.05247077197164426,0.3213908123090143,0.6261384157193414
0.9400000000000001,0.05247077197164426,0.3213908123090143,0.6261384157193414
0.96,0.05247077197164426,0.3213908123090143,0.6261384157193414
0.98,0.05247077197164426,0.3213908123090143,0.6261384157193414
1.0,0.05247077197164426,0.3213908123090143,0.6261384157193414
