fraction_of_volc,OH,H2O2,TMI
0.0,0.3360599006766325,0.2081819067926097,0.4557581925307578
0.02,0.3360599006766325,0.2081819067926097,0.4557581925307578
0.04,0.3360599006766325,0.2081819067926097,0.4557581925307578
0.06,0.3360599006766325,0.2081819067926097,0.4557581925307578
0.08,0.3360599006766325,0.2081819067926097,0.4557581925307578
0.1,0.3360599006766325,0.2081819067926097,0.4557581925307578
0.12,0.32727272905287264,0.20792620612961762,0.46480106481750977
0.14,0.3184855574291128,0.20767050546662552,0.4738439371042617
0.16,0.3096983858053529,0.20741480480363345,0.4828868093910137
0.18,0.300911214181593,0.20715910414064134,0.49192968167776563
0.2,0.29212404255783314,0.20690340347764927,0.5009725539645176
0.22,0.2833368709340733,0.2066477028146572,0.5100154262512696
0.24,0.2745496993103134,0.2063920021516651,0.5190582985380215
0.26,0.26576252768655356,0.206136301488673,0.5281011708247735
0.28,0.25697535606279365,0.2058806008256809,0.5371440431115254
0.3,0.24818818443903382,0.20562490016268883,0.5461869153982775
0.32,0.23940101281527393,0.20536919949969676,0.5552297876850294
0.34,0.23061384119151407,0.20511349883670466,0.5642726599717813
0.36,0.2218266695677542,0.20485779817371258,0.5733155322585333
0.38,0.21303949794399435,0.20460209751072048,0.5823584045452853
0.4,0.20425232632023446,0.2043463968477284,0.5914012768320372
0.42,0.20425232632023446,0.2043463968477284,0.5914012768320372
0.44,0.20425232632023446,0.2043463968477284,0.5914012768320372
0.46,0.20425232632023446,0.2043463968477284,0.5914012768320372
0.48,0.20425232632023446,0.2043463968477284,0.5914012768320372
0.5,0.20425232632023446,0.2043463968477284,0.5914012768320372
0.52,0.20425232632023446,0.2043463968477284,0.5914012768320372
0.54,0.20425232632023446,0.2043463968477284,0.5914012768320372
0.56,0.20425232632023446,0.2043463968477284,0.5914012768320372
0.58,0.20425232632023446,0.2043463968477284,0.5914012768320372
0.6,0.20425232632023446,0.2043463968477284,0.5914012768320372
0.62,0.20425232632023446,0.2043463968477284,0.5914012768320372
0.64,0.20425232632023446,0.2043463968477284,0.5914012768320372
0.66,0.20425232632023446,0.2043463968477284,0.5914012768320372
0.68,0.20425232632023446,0.2043463968477284,0.5914012768320372
0.7000000000000001,0.20425232632023446,0.2043463968477284,0.5914012768320372
0.72,0.20425232632023446,0.2043463968477284,0.5914012768320372
0.74,0.20425232632023446,0.2043463968477284,0.5914012768320372
0.76,0.20425232632023446,0.2043463968477284,0.5914012768320372
0.78,0.20425232632023446,0.2043463968477284,0.5914012768320372
0.8,0.20425232632023446,0.2043463968477284,0.5914012768320372
0.8200000000000001,0.20425232632023446,0.2043463968477284,0.5914012768320372
0.84,0.20425232632023446,0.2043463968477284,0.5914012768320372
0.86,0.20425232632023446,0.2043463968477284,0.5914012768320372
0.88,0.20425232632023446,0.2043463968477284,0.5914012768320372
0.9,0.20425232632023446,0.2043463968477284,0.5914012768320372
0.92,0.20425232632023446,0.2043463968477284,0.5914012768320372
0.9400000000000001,0.20425232632023446,0.2043463968477284,0.5914012768320372
0.96,0.20425232632023446,0.2043463968477284,0.5914012768320372
0.98,0.20425232632023446,0.2043463968477284,0.5914012768320372
1.0,0.20425232632023446,0.2043463968477284,0.5914012768320372
