fraction_of_volc,OH,H2O2,TMI
0.0,0.6503621831970909,0.08725849915878868,0.26237931764412037
0.02,0.6503621831970909,0.08725849915878868,0.26237931764412037
0.04,0.6503621831970909,0.08725849915878868,0.26237931764412037
0.06,0.6503621831970909,0.08725849915878868,0.26237931764412037
0.08,0.6503621831970909,0.08725849915878868,0.26237931764412037
0.1,0.6503621831970909,0.08725849915878868,0.26237931764412037
0.12,0.6503621831970909,0.08725849915878868,0.26237931764412037
0.14,0.6503621831970909,0.08725849915878868,0.26237931764412037
0.16,0.6503621831970909,0.08725849915878868,0.26237931764412037
0.18,0.6503621831970909,0.08725849915878868,0.26237931764412037
0.2,0.6503621831970909,0.08725849915878868,0.26237931764412037
0.22,0.6503621831970909,0.08725849915878868,0.26237931764412037
0.24,0.6503621831970909,0.08725849915878868,0.26237931764412037
0.26,0.6503621831970909,0.08725849915878868,0.26237931764412037
0.28,0.6503621831970909,0.08725849915878868,0.26237931764412037
0.3,0.6503621831970909,0.08725849915878868,0.26237931764412037
0.32,0.6701631907791934,0.09436988204123194,0.2354669271795746
0.34,0.689964198361296,0.1014812649236752,0.20855453671502883
0.36,0.7097652059433984,0.10859264780611844,0.18164214625048308
0.38,0.729566213525501,0.1157040306885617,0.15472975578593728
0.4,0.7493672211076035,0.12281541357100495,0.12781736532139154
0.42,0.769168228689706,0.1299267964534482,0.10090497485684577
0.44,0.7889692362718085,0.13703817933589146,0.07399258439230001
0.46,0.7889692362718085,0.13703817933589146,0.07399258439230001
0.48,0.7889692362718085,0.13703817933589146,0.07399258439230001
0.5,0.7889692362718085,0.13703817933589146,0.07399258439230001
0.52,0.7889692362718085,0.13703817933589146,0.07399258439230001
0.54,0.7889692362718085,0.13703817933589146,0.07399258439230001
0.56,0.7889692362718085,0.13703817933589146,0.07399258439230001
0.58,0.7889692362718085,0.13703817933589146,0.07399258439230001
0.6,0.7889692362718085,0.13703817933589146,0.07399258439230001
0.62,0.7889692362718085,0.13703817933589146,0.07399258439230001
0.64,0.7889692362718085,0.13703817933589146,0.07399258439230001
0.66,0.7889692362718085,0.13703817933589146,0.07399258439230001
0.68,0.7889692362718085,0.13703817933589146,0.07399258439230001
0.7000000000000001,0.7889692362718085,0.13703817933589146,0.07399258439230001
0.72,0.7889692362718085,0.13703817933589146,0.07399258439230001
0.74,0.7889692362718085,0.13703817933589146,0.07399258439230001
0.76,0.7889692362718085,0.13703817933589146,0.07399258439230001
0.78,0.7889692362718085,0.13703817933589146,0.07399258439230001
0.8,0.7889692362718085,0.13703817933589146,0.07399258439230001
0.8200000000000001,0.7889692362718085,0.13703817933589146,0.07399258439230001
0.84,0.7889692362718085,0.13703817933589146,0.07399258439230001
0.86,0.7889692362718085,0.13703817933589146,0.07399258439230001
0.88,0.7889692362718085,0.13703817933589146,0.07399258439230001
0.9,0.7889692362718085,0.13703817933589146,0.07399258439230001
0.92,0.7889692362718085,0.13703817933589146,0.07399258439230001
0.9400000000000001,0.7889692362718085,0.13703817933589146,0.07399258439230001
0.96,0.7889692362718085,0.13703817933589146,0.07399258439230001
0.98,0.7889692362718085,0.13703817933589146,0.07399258439230001
1.0,0.7889692362718085,0.13703817933589146,0.07399258439230001
