fraction_of_volc,OH,H2O2,TMI
0.0,0.19938928166957884,0.6728264210248328,0.12778429730558835
0.02,0.19938928166957884,0.6728264210248328,0.12778429730558835
0.04,0.19938928166957884,0.6728264210248328,0.12778429730558835
0.06,0.19938928166957884,0.6728264210248328,0.12778429730558835
0.08,0.19938928166957884,0.6728264210248328,0.12778429730558835
0.1,0.21563880553404494,0.6234965806413729,0.16086461382458217
0.12,0.231888329398511,0.5741667402579129,0.19394493034357602
0.14,0.2481378532629771,0.524836899874453,0.22702524686256986
0.16,0.2643873771274432,0.47550705949099314,0.26010556338156365
0.18,0.2806369009919093,0.4261772191075332,0.29318587990055756
0.2,0.2968864248563754,0.37684737872407326,0.32626619641955135
0.22,0.31313594872084144,0.32751753834061337,0.35934651293854514
0.24,0.32938547258530754,0.2781876979571534,0.392426829457539
0.26,0.32938547258530754,0.2781876979571534,0.392426829457539
0.28,0.32938547258530754,0.2781876979571534,0.392426829457539
0.3,0.32938547258530754,0.2781876979571534,0.392426829457539
0.32,0.32938547258530754,0.2781876979571534,0.392426829457539
0.34,0.32938547258530754,0.2781876979571534,0.392426829457539
0.36,0.32938547258530754,0.2781876979571534,0.392426829457539
0.38,0.32938547258530754,0.2781876979571534,0.392426829457539
0.4,0.32938547258530754,0.2781876979571534,0.392426829457539
0.42,0.32938547258530754,0.2781876979571534,0.392426829457539
0.44,0.32938547258530754,0.2781876979571534,0.392426829457539
0.46,0.32938547258530754,0.2781876979571534,0.392426829457539
0.48,0.32938547258530754,0.2781876979571534,0.392426829457539
0.5,0.32938547258530754,0.2781876979571534,0.392426829457539
0.52,0.32938547258530754,0.2781876979571534,0.392426829457539
0.54,0.32938547258530754,0.2781876979571534,0.392426829457539
0.56,0.32938547258530754,0.2781876979571534,0.392426829457539
0.58,0.32938547258530754,0.2781876979571534,0.392426829457539
0.6,0.32938547258530754,0.2781876979571534,0.392426829457539
0.62,0.32938547258530754,0.2781876979571534,0.392426829457539
0.64,0.32938547258530754,0.2781876979571534,0.392426829457539
0.66,0.32938547258530754,0.2781876979571534,0.392426829457539
0.68,0.32938547258530754,0.2781876979571534,0.392426829457539
0.7000000000000001,0.32938547258530754,0.2781876979571534,0.392426829457539
0.72,0.32938547258530754,0.2781876979571534,0.392426829457539
0.74,0.32938547258530754,0.2781876979571534,0.392426829457539
0.76,0.32938547258530754,0.2781876979571534,0.392426829457539
0.78,0.32938547258530754,0.2781876979571534,0.392426829457539
0.8,0.32938547258530754,0.2781876979571534,0.392426829457539
0.8200000000000001,0.32938547258530754,0.2781876979571534,0.392426829457539
0.84,0.32938547258530754,0.2781876979571534,0.392426829457539
0.86,0.32938547258530754,0.2781876979571534,0.392426829457539
0.88,0.32938547258530754,0.2781876979571534,0.392426829457539
0.9,0.32938547258530754,0.2781876979571534,0.392426829457539
0.92,0.32938547258530754,0.2781876979571534,0.392426829457539
0.9400000000000001,0.32938547258530754,0.2781876979571534,0.392426829457539
0.96,0.32938547258530754,0.2781876979571534,0.392426829457539
0.98,0.32938547258530754,0.2781876979571534,0.392426829457539
1.0,0.32938547258530754,0.2781876979571534,0.392426829457539
