fraction_of_volc,OH,H2O2,TMI
0.0,0.3645470089885449,0.6052711341966048,0.03018185681485018
0.02,0.3645470089885449,0.6052711341966048,0.03018185681485018
0.04,0.3645470089885449,0.6052711341966048,0.03018185681485018
0.06,0.3645470089885449,0.6052711341966048,0.03018185681485018
0.08,0.3645470089885449,0.6052711341966048,0.03018185681485018
0.1,0.3645470089885449,0.6052711341966048,0.03018185681485018
0.12,0.3645470089885449,0.6052711341966048,0.03018185681485018
0.14,0.3645470089885449,0.6052711341966048,0.03018185681485018
0.16,0.37014099655753774,0.59704920980773,0.03280979363473216
0.18,0.37573498412653056,0.5888272854188552,0.03543773045461414
0.2,0.3813289716955233,0.5806053610299805,0.03806566727449612
0.22,0.38692295926451614,0.5723834366411057,0.040693604094378104
0.24,0.39251694683350896,0.5641615122522309,0.04332154091426008
0.26,0.3981109344025018,0.5559395878633561,0.04594947773414206
0.28,0.4037049219714946,0.5477176634744814,0.04857741455402405
0.3,0.40929890954048737,0.5394957390856066,0.05120535137390603
0.32,0.4148928971094802,0.5312738146967317,0.053833288193788006
0.34,0.420486884678473,0.5230518903078569,0.056461225013669986
0.36,0.4260808722474658,0.5148299659189821,0.059089161833551965
0.38,0.4316748598164586,0.5066080415301074,0.061717098653433944
0.4,0.4372688473854514,0.4983861171412326,0.06434503547331592
0.42,0.44286283495444423,0.4901641927523578,0.0669729722931979
0.44,0.44845682252343705,0.481942268363483,0.0696009091130799
0.46,0.45405081009242987,0.4737203439746082,0.07222884593296186
0.48,0.45964479766142263,0.46549841958573346,0.07485678275284385
0.5,0.46523878523041545,0.45727649519685865,0.07748471957272582
0.52,0.4708327727994083,0.44905457080798383,0.08011265639260781
0.54,0.4764267603684011,0.4408326464191091,0.08274059321248979
0.56,0.4820207479373939,0.43261072203023426,0.08536853003237177
0.58,0.4876147355063867,0.4243887976413595,0.08799646685225375
0.6,0.49320872307537955,0.4161668732524847,0.09062440367213573
0.62,0.4988027106443723,0.4079449488636099,0.09325234049201771
0.64,0.5043966982133652,0.3997230244747351,0.09588027731189969
0.66,0.509990685782358,0.39150110008586037,0.09850821413178167
0.68,0.5155846733513507,0.38327917569698555,0.10113615095166366
0.7000000000000001,0.5211786609203436,0.37505725130811074,0.10376408777154564
0.72,0.5267726484893364,0.366835326919236,0.10639202459142762
0.74,0.5267726484893364,0.366835326919236,0.10639202459142762
0.76,0.5267726484893364,0.366835326919236,0.10639202459142762
0.78,0.5267726484893364,0.366835326919236,0.10639202459142762
0.8,0.5267726484893364,0.366835326919236,0.10639202459142762
0.8200000000000001,0.5267726484893364,0.366835326919236,0.10639202459142762
0.84,0.5267726484893364,0.366835326919236,0.10639202459142762
0.86,0.5267726484893364,0.366835326919236,0.10639202459142762
0.88,0.5267726484893364,0.366835326919236,0.10639202459142762
0.9,0.5267726484893364,0.366835326919236,0.10639202459142762
0.92,0.5267726484893364,0.366835326919236,0.10639202459142762
0.9400000000000001,0.5267726484893364,0.366835326919236,0.10639202459142762
0.96,0.5267726484893364,0.366835326919236,0.10639202459142762
0.98,0.5267726484893364,0.366835326919236,0.10639202459142762
1.0,0.5267726484893364,0.366835326919236,0.10639202459142762
