fraction_of_volc,OH,H2O2,TMI
0.0,0.3264916169322535,0.47396020005395956,0.19954818301378693
0.02,0.3264916169322535,0.47396020005395956,0.19954818301378693
0.04,0.3264916169322535,0.47396020005395956,0.19954818301378693
0.06,0.3264916169322535,0.47396020005395956,0.19954818301378693
0.08,0.3264916169322535,0.47396020005395956,0.19954818301378693
0.1,0.3264916169322535,0.47396020005395956,0.19954818301378693
0.12,0.3264916169322535,0.47396020005395956,0.19954818301378693
0.14,0.3264916169322535,0.47396020005395956,0.19954818301378693
0.16,0.3264916169322535,0.47396020005395956,0.19954818301378693
0.18,0.3264916169322535,0.47396020005395956,0.19954818301378693
0.2,0.3264916169322535,0.47396020005395956,0.19954818301378693
0.22,0.3264916169322535,0.47396020005395956,0.19954818301378693
0.24,0.3264916169322535,0.47396020005395956,0.19954818301378693
0.26,0.3264916169322535,0.47396020005395956,0.19954818301378693
0.28,0.3264916169322535,0.47396020005395956,0.19954818301378693
0.3,0.3264916169322535,0.47396020005395956,0.19954818301378693
0.32,0.3264916169322535,0.47396020005395956,0.19954818301378693
0.34,0.3264916169322535,0.47396020005395956,0.19954818301378693
0.36,0.3264916169322535,0.47396020005395956,0.19954818301378693
0.38,0.3264916169322535,0.47396020005395956,0.19954818301378693
0.4,0.3264916169322535,0.47396020005395956,0.19954818301378693
0.42,0.3264916169322535,0.47396020005395956,0.19954818301378693
0.44,0.3264916169322535,0.47396020005395956,0.19954818301378693
0.46,0.3264916169322535,0.47396020005395956,0.19954818301378693
0.48,0.3264916169322535,0.47396020005395956,0.19954818301378693
0.5,0.3264916169322535,0.47396020005395956,0.19954818301378693
0.52,0.3264916169322535,0.47396020005395956,0.19954818301378693
0.54,0.3264916169322535,0.47396020005395956,0.19954818301378693
0.56,0.3264916169322535,0.47396020005395956,0.19954818301378693
0.58,0.3264916169322535,0.47396020005395956,0.19954818301378693
0.6,0.3264916169322535,0.47396020005395956,0.19954818301378693
0.62,0.3264916169322535,0.47396020005395956,0.19954818301378693
0.64,0.3264916169322535,0.47396020005395956,0.19954818301378693
0.66,0.3729211194281662,0.4400107216524775,0.18706815891935627
0.68,0.4193506219240789,0.40606124325099546,0.1745881348249256
0.7000000000000001,0.46578012441999167,0.37211176484951336,0.16210811073049494
0.72,0.5122096269159044,0.33816228644803137,0.14962808663606428
0.74,0.5586391294118171,0.30421280804654927,0.13714806254163361
0.76,0.6050686319077299,0.2702633296450672,0.12466803844720295
0.78,0.6514981344036426,0.23631385124358517,0.11218801435277229
0.8,0.6979276368995553,0.20236437284210312,0.09970799025834162
0.8200000000000001,0.744357139395468,0.16841489444062108,0.08722796616391096
0.84,0.7907866418913807,0.13446541603913903,0.0747479420694803
0.86,0.8372161443872934,0.10051593763765698,0.06226791797504963
0.88,0.8836456468832062,0.06656645923617488,0.049787893880618966
0.9,0.930075149379119,0.032616980834692826,0.03730786978618829
0.92,0.930075149379119,0.032616980834692826,0.03730786978618829
0.9400000000000001,0.930075149379119,0.032616980834692826,0.03730786978618829
0.96,0.930075149379119,0.032616980834692826,0.03730786978618829
0.98,0.930075149379119,0.032616980834692826,0.03730786978618829
1.0,0.930075149379119,0.032616980834692826,0.03730786978618829
