fraction_of_volc,OH,H2O2,TMI
0.0,0.38099176829718495,0.08907614736323195,0.529932084339583
0.02,0.38099176829718495,0.08907614736323195,0.529932084339583
0.04,0.38099176829718495,0.08907614736323195,0.529932084339583
0.06,0.38099176829718495,0.08907614736323195,0.529932084339583
0.08,0.38099176829718495,0.08907614736323195,0.529932084339583
0.1,0.38099176829718495,0.08907614736323195,0.529932084339583
0.12,0.38099176829718495,0.08907614736323195,0.529932084339583
0.14,0.38099176829718495,0.08907614736323195,0.529932084339583
0.16,0.38099176829718495,0.08907614736323195,0.529932084339583
0.18,0.38099176829718495,0.08907614736323195,0.529932084339583
0.2,0.38099176829718495,0.08907614736323195,0.529932084339583
0.22,0.38099176829718495,0.08907614736323195,0.529932084339583
0.24,0.38099176829718495,0.08907614736323195,0.529932084339583
0.26,0.38099176829718495,0.08907614736323195,0.529932084339583
0.28,0.38099176829718495,0.08907614736323195,0.529932084339583
0.3,0.38099176829718495,0.08907614736323195,0.529932084339583
0.32,0.38099176829718495,0.08907614736323195,0.529932084339583
0.34,0.38099176829718495,0.08907614736323195,0.529932084339583
0.36,0.38099176829718495,0.08907614736323195,0.529932084339583
0.38,0.38099176829718495,0.08907614736323195,0.529932084339583
0.4,0.38099176829718495,0.08907614736323195,0.529932084339583
0.42,0.38099176829718495,0.08907614736323195,0.529932084339583
0.44,0.38099176829718495,0.08907614736323195,0.529932084339583
0.46,0.38099176829718495,0.08907614736323195,0.529932084339583
0.48,0.38099176829718495,0.08907614736323195,0.529932084339583
0.5,0.38099176829718495,0.08907614736323195,0.529932084339583
0.52,0.38099176829718495,0.08907614736323195,0.529932084339583
0.54,0.38099176829718495,0.08907614736323195,0.529932084339583
0.56,0.38099176829718495,0.08907614736323195,0.529932084339583
0.58,0.38099176829718495,0.08907614736323195,0.529932084339583
0.6,0.38099176829718495,0.08907614736323195,0.529932084339583
0.62,0.38099176829718495,0.08907614736323195,0.529932084339583
0.64,0.38099176829718495,0.08907614736323195,0.529932084339583
0.66,0.38099176829718495,0.08907614736323195,0.529932084339583
0.68,0.38099176829718495,0.08907614736323195,0.529932084339583
0.7000000000000001,0.38099176829718495,0.08907614736323195,0.529932084339583
0.72,0.38099176829718495,0.08907614736323195,0.529932084339583
0.74,0.38099176829718495,0.08907614736323195,0.529932084339583
0.76,0.3813922838352141,0.13259133684284743,0.48601637932193836
0.78,0.38179279937324334,0.17610652632246293,0.44210067430429373
0.8,0.3821933149112725,0.2196217158020784,0.39818496928664904
0.8200000000000001,0.3825938304493017,0.2631369052816939,0.3542692642690044
0.84,0.3829943459873309,0.3066520947613094,0.3103535592513597
0.86,0.38339486152536006,0.35016728424092486,0.266437854233715
0.88,0.38379537706338923,0.3936824737205404,0.2225221492160704
0.9,0.38419589260141845,0.43719766320015585,0.1786064441984257
0.92,0.3845964081394476,0.4807128526797713,0.134690739180781
0.9400000000000001,0.3849969236774768,0.5242280421593869,0.09077503416313637
0.96,0.385397439215506,0.5677432316390023,0.04685932914549168
0.98,0.3857979547535352,0.6112584211186178,0.002943624127846944
1.0,0.3857979547535352,0.6112584211186178,0.002943624127846944
