fraction_of_volc,OH,H2O2,TMI
0.0,0.29174418207996117,0.05387097585768131,0.6543848420623576
0.02,0.29174418207996117,0.05387097585768131,0.6543848420623576
0.04,0.29174418207996117,0.05387097585768131,0.6543848420623576
0.06,0.29174418207996117,0.05387097585768131,0.6543848420623576
0.08,0.29174418207996117,0.05387097585768131,0.6543848420623576
0.1,0.29174418207996117,0.05387097585768131,0.6543848420623576
0.12,0.29174418207996117,0.05387097585768131,0.6543848420623576
0.14,0.29174418207996117,0.05387097585768131,0.6543848420623576
0.16,0.29174418207996117,0.05387097585768131,0.6543848420623576
0.18,0.29174418207996117,0.05387097585768131,0.6543848420623576
0.2,0.29174418207996117,0.05387097585768131,0.6543848420623576
0.22,0.29174418207996117,0.05387097585768131,0.6543848420623576
0.24,0.29174418207996117,0.05387097585768131,0.6543848420623576
0.26,0.29174418207996117,0.05387097585768131,0.6543848420623576
0.28,0.29174418207996117,0.05387097585768131,0.6543848420623576
0.3,0.29174418207996117,0.05387097585768131,0.6543848420623576
0.32,0.29174418207996117,0.05387097585768131,0.6543848420623576
0.34,0.29174418207996117,0.05387097585768131,0.6543848420623576
0.36,0.29174418207996117,0.05387097585768131,0.6543848420623576
0.38,0.29174418207996117,0.05387097585768131,0.6543848420623576
0.4,0.2885377674804527,0.0759039328462332,0.6355582996733141
0.42,0.28533135288094424,0.09793688983478509,0.6167317572842708
0.44,0.28212493828143576,0.11996984682333697,0.5979052148952273
0.46,0.2789185236819273,0.14200280381188887,0.5790786725061838
0.48,0.27571210908241883,0.16403576080044074,0.5602521301171404
0.5,0.2725056944829104,0.18606871778899264,0.541425587728097
0.52,0.2692992798834019,0.20810167477754452,0.5225990453390535
0.54,0.2660928652838935,0.23013463176609641,0.5037725029500102
0.56,0.262886450684385,0.25216758875464834,0.4849459605609667
0.58,0.25968003608487655,0.2742005457432002,0.46611941817192326
0.6,0.25647362148536806,0.2962335027317521,0.44729287578287985
0.62,0.2532672068858596,0.318266459720304,0.42846633339383644
0.64,0.25006079228635114,0.3402994167088559,0.409639791004793
0.66,0.24685437768684268,0.36233237369740773,0.39081324861574956
0.68,0.24364796308733422,0.3843653306859596,0.3719867062267061
0.7000000000000001,0.24044154848782573,0.4063982876745115,0.3531601638376627
0.72,0.2372351338883173,0.4284312446630634,0.3343336214486193
0.74,0.2340287192888088,0.4504642016516153,0.3155070790595758
0.76,0.23082230468930034,0.47249715864016717,0.2966805366705324
0.78,0.22761589008979188,0.49453011562871907,0.27785399428148894
0.8,0.22440947549028342,0.516563072617271,0.2590274518924455
0.8200000000000001,0.22440947549028342,0.516563072617271,0.2590274518924455
0.84,0.22440947549028342,0.516563072617271,0.2590274518924455
0.86,0.22440947549028342,0.516563072617271,0.2590274518924455
0.88,0.22440947549028342,0.516563072617271,0.2590274518924455
0.9,0.22440947549028342,0.516563072617271,0.2590274518924455
0.92,0.22440947549028342,0.516563072617271,0.2590274518924455
0.9400000000000001,0.22440947549028342,0.516563072617271,0.2590274518924455
0.96,0.22440947549028342,0.516563072617271,0.2590274518924455
0.98,0.22440947549028342,0.516563072617271,0.2590274518924455
1.0,0.22440947549028342,0.516563072617271,0.2590274518924455
