fraction_of_volc,OH,H2O2,TMI
0.0,0.6533961967890203,0.3442860068069458,0.0023177964040337856
0.02,0.6533961967890203,0.3442860068069458,0.0023177964040337856
0.04,0.6533961967890203,0.3442860068069458,0.0023177964040337856
0.06,0.6533961967890203,0.3442860068069458,0.0023177964040337856
0.08,0.6533961967890203,0.3442860068069458,0.0023177964040337856
0.1,0.6533961967890203,0.3442860068069458,0.0023177964040337856
0.12,0.6533961967890203,0.3442860068069458,0.0023177964040337856
0.14,0.6533961967890203,0.3442860068069458,0.0023177964040337856
0.16,0.6533961967890203,0.3442860068069458,0.0023177964040337856
0.18,0.6533961967890203,0.3442860068069458,0.0023177964040337856
0.2,0.6533961967890203,0.3442860068069458,0.0023177964040337856
0.22,0.6533961967890203,0.3442860068069458,0.0023177964040337856
0.24,0.6533961967890203,0.3442860068069458,0.0023177964040337856
0.26,0.6533961967890203,0.3442860068069458,0.0023177964040337856
0.28,0.6533961967890203,0.3442860068069458,0.0023177964040337856
0.3,0.6533961967890203,0.3442860068069458,0.0023177964040337856
0.32,0.6533961967890203,0.3442860068069458,0.0023177964040337856
0.34,0.6533961967890203,0.3442860068069458,0.0023177964040337856
0.36,0.6533961967890203,0.3442860068069458,0.0023177964040337856
0.38,0.6533961967890203,0.3442860068069458,0.0023177964040337856
0.4,0.6533961967890203,0.3442860068069458,0.0023177964040337856
0.42,0.6533961967890203,0.3442860068069458,0.0023177964040337856
0.44,0.6533961967890203,0.3442860068069458,0.0023177964040337856
0.46,0.6533961967890203,0.3442860068069458,0.0023177964040337856
0.48,0.6533961967890203,0.3442860068069458,0.0023177964040337856
0.5,0.6533961967890203,0.3442860068069458,0.0023177964040337856
0.52,0.6533961967890203,0.3442860068069458,0.0023177964040337856
0.54,0.6533961967890203,0.3442860068069458,0.0023177964040337856
0.56,0.6533961967890203,0.3442860068069458,0.0023177964040337856
0.58,0.6533961967890203,0.3442860068069458,0.0023177964040337856
0.6,0.6533961967890203,0.3442860068069458,0.0023177964040337856
0.62,0.5962995415605004,0.36076908607390185,0.04293137236559761
0.64,0.5392028863319805,0.3772521653408579,0.08354494832716144
0.66,0.4821062311034606,0.39373524460781395,0.12415852428872527
0.68,0.4250095758749408,0.41021832387477,0.1647721002502891
0.7000000000000001,0.3679129206464209,0.426701403141726,0.20538567621185294
0.72,0.310816265417901,0.4431844824086821,0.24599925217341675
0.74,0.25371961018938116,0.4596675616756381,0.28661282813498057
0.76,0.25371961018938116,0.4596675616756381,0.28661282813498057
0.78,0.25371961018938116,0.4596675616756381,0.28661282813498057
0.8,0.25371961018938116,0.4596675616756381,0.28661282813498057
0.8200000000000001,0.25371961018938116,0.4596675616756381,0.28661282813498057
0.84,0.25371961018938116,0.4596675616756381,0.28661282813498057
0.86,0.25371961018938116,0.4596675616756381,0.28661282813498057
0.88,0.25371961018938116,0.4596675616756381,0.28661282813498057
0.9,0.25371961018938116,0.4596675616756381,0.28661282813498057
0.92,0.25371961018938116,0.4596675616756381,0.28661282813498057
0.9400000000000001,0.25371961018938116,0.4596675616756381,0.28661282813498057
0.96,0.25371961018938116,0.4596675616756381,0.28661282813498057
0.98,0.25371961018938116,0.4596675616756381,0.28661282813498057
1.0,0.25371961018938116,0.4596675616756381,0.28661282813498057
