fraction_of_volc,OH,H2O2,TMI
0.0,0.43765112926277544,0.3138174790288501,0.2485313917083745
0.02,0.43765112926277544,0.3138174790288501,0.2485313917083745
0.04,0.43765112926277544,0.3138174790288501,0.2485313917083745
0.06,0.43765112926277544,0.3138174790288501,0.2485313917083745
0.08,0.4322777294679349,0.31788916809780904,0.24983310243425608
0.1,0.42690432967309444,0.3219608571667679,0.25113481316013764
0.12,0.4215309298782539,0.32603254623572686,0.2524365238860192
0.14,0.41615753008341344,0.3301042353046858,0.2537382346119008
0.16,0.4107841302885729,0.3341759243736447,0.2550399453377824
0.18,0.40541073049373244,0.3382476134426036,0.256341656063664
0.2,0.4000373306988919,0.3423193025115625,0.2576433667895456
0.22,0.3946639309040514,0.34639099158052145,0.25894507751542717
0.24,0.3892905311092109,0.3504626806494804,0.26024678824130876
0.26,0.3839171313143704,0.35453436971843927,0.26154849896719035
0.28,0.3785437315195299,0.3586060587873982,0.26285020969307193
0.3,0.3731703317246894,0.36267774785635715,0.2641519204189535
0.32,0.36779693192984886,0.36674943692531603,0.2654536311448351
0.34,0.3624235321350084,0.37082112599427497,0.2667553418707167
0.36,0.35705013234016786,0.3748928150632339,0.2680570525965983
0.38,0.3516767325453274,0.3789645041321928,0.2693587633224798
0.4,0.34630333275048686,0.38303619320115173,0.2706604740483614
0.42,0.34092993295564633,0.3871078822701106,0.271962184774243
0.44,0.33555653316080586,0.39117957133906955,0.2732638955001246
0.46,0.33018313336596533,0.3952512604080285,0.2745656062260062
0.48,0.32480973357112486,0.39932294947698743,0.27586731695188776
0.5,0.31943633377628433,0.4033946385459463,0.27716902767776935
0.52,0.31943633377628433,0.4033946385459463,0.27716902767776935
0.54,0.31943633377628433,0.4033946385459463,0.27716902767776935
0.56,0.31943633377628433,0.4033946385459463,0.27716902767776935
0.58,0.31943633377628433,0.4033946385459463,0.27716902767776935
0.6,0.31943633377628433,0.4033946385459463,0.27716902767776935
0.62,0.31943633377628433,0.4033946385459463,0.27716902767776935
0.64,0.31943633377628433,0.4033946385459463,0.27716902767776935
0.66,0.31943633377628433,0.4033946385459463,0.27716902767776935
0.68,0.31943633377628433,0.4033946385459463,0.27716902767776935
0.7000000000000001,0.31943633377628433,0.4033946385459463,0.27716902767776935
0.72,0.31943633377628433,0.4033946385459463,0.27716902767776935
0.74,0.31943633377628433,0.4033946385459463,0.27716902767776935
0.76,0.31943633377628433,0.4033946385459463,0.27716902767776935
0.78,0.31943633377628433,0.4033946385459463,0.27716902767776935
0.8,0.31943633377628433,0.4033946385459463,0.27716902767776935
0.8200000000000001,0.31943633377628433,0.4033946385459463,0.27716902767776935
0.84,0.31943633377628433,0.4033946385459463,0.27716902767776935
0.86,0.31943633377628433,0.4033946385459463,0.27716902767776935
0.88,0.31943633377628433,0.4033946385459463,0.27716902767776935
0.9,0.31943633377628433,0.4033946385459463,0.27716902767776935
0.92,0.31943633377628433,0.4033946385459463,0.27716902767776935
0.9400000000000001,0.31943633377628433,0.4033946385459463,0.27716902767776935
0.96,0.31943633377628433,0.4033946385459463,0.27716902767776935
0.98,0.31943633377628433,0.4033946385459463,0.27716902767776935
1.0,0.31943633377628433,0.4033946385459463,0.27716902767776935
