fraction_of_volc,OH,H2O2,TMI
0.0,0.4942186220546026,0.3170294182838541,0.18875195966154332
0.02,0.4942186220546026,0.3170294182838541,0.18875195966154332
0.04,0.4942186220546026,0.3170294182838541,0.18875195966154332
0.06,0.4942186220546026,0.3170294182838541,0.18875195966154332
0.08,0.4942186220546026,0.3170294182838541,0.18875195966154332
0.1,0.4942186220546026,0.3170294182838541,0.18875195966154332
0.12,0.4942186220546026,0.3170294182838541,0.18875195966154332
0.14,0.4942186220546026,0.3170294182838541,0.18875195966154332
0.16,0.4942186220546026,0.3170294182838541,0.18875195966154332
0.18,0.4942186220546026,0.3170294182838541,0.18875195966154332
0.2,0.4942186220546026,0.3170294182838541,0.18875195966154332
0.22,0.4942186220546026,0.3170294182838541,0.18875195966154332
0.24,0.4942186220546026,0.3170294182838541,0.18875195966154332
0.26,0.4942186220546026,0.3170294182838541,0.18875195966154332
0.28,0.4942186220546026,0.3170294182838541,0.18875195966154332
0.3,0.4942186220546026,0.3170294182838541,0.18875195966154332
0.32,0.4942186220546026,0.3170294182838541,0.18875195966154332
0.34,0.4942186220546026,0.3170294182838541,0.18875195966154332
0.36,0.4942186220546026,0.3170294182838541,0.18875195966154332
0.38,0.4942186220546026,0.3170294182838541,0.18875195966154332
0.4,0.4942186220546026,0.3170294182838541,0.18875195966154332
0.42,0.4942186220546026,0.3170294182838541,0.18875195966154332
0.44,0.4942186220546026,0.3170294182838541,0.18875195966154332
0.46,0.4942186220546026,0.3170294182838541,0.18875195966154332
0.48,0.4942186220546026,0.3170294182838541,0.18875195966154332
0.5,0.4942186220546026,0.3170294182838541,0.18875195966154332
0.52,0.4942186220546026,0.3170294182838541,0.18875195966154332
0.54,0.4942186220546026,0.3170294182838541,0.18875195966154332
0.56,0.4942186220546026,0.3170294182838541,0.18875195966154332
0.58,0.4942186220546026,0.3170294182838541,0.18875195966154332
0.6,0.4942186220546026,0.3170294182838541,0.18875195966154332
0.62,0.4942186220546026,0.3170294182838541,0.18875195966154332
0.64,0.4942186220546026,0.3170294182838541,0.18875195966154332
0.66,0.49741502883556565,0.3072716826656715,0.19531328849876284
0.68,0.5006114356165288,0.2975139470474889,0.20187461733598236
0.7000000000000001,0.5038078423974918,0.28775621142930635,0.20843594617320188
0.72,0.5070042491784549,0.27799847581112375,0.2149972750104214
0.74,0.5102006559594179,0.26824074019294114,0.22155860384764092
0.76,0.513397062740381,0.2584830045747586,0.22811993268486047
0.78,0.516593469521344,0.24872526895657598,0.23468126152207996
0.8,0.5197898763023071,0.23896753333839338,0.2412425903592995
0.8200000000000001,0.5229862830832701,0.22920979772021077,0.247803919196519
0.84,0.5261826898642332,0.2194520621020282,0.25436524803373856
0.86,0.5293790966451962,0.20969432648384562,0.26092657687095805
0.88,0.5325755034261593,0.199936590865663,0.2674879057081776
0.9,0.5357719102071223,0.1901788552474804,0.2740492345453971
0.92,0.5389683169880854,0.18042111962929783,0.28061056338261664
0.9400000000000001,0.5389683169880854,0.18042111962929783,0.28061056338261664
0.96,0.5389683169880854,0.18042111962929783,0.28061056338261664
0.98,0.5389683169880854,0.18042111962929783,0.28061056338261664
1.0,0.5389683169880854,0.18042111962929783,0.28061056338261664
