fraction_of_volc,OH,H2O2,TMI
0.0,0.21239632397611363,0.630373254535441,0.15723042148844532
0.02,0.21239632397611363,0.630373254535441,0.15723042148844532
0.04,0.21239632397611363,0.630373254535441,0.15723042148844532
0.06,0.21239632397611363,0.630373254535441,0.15723042148844532
0.08,0.21239632397611363,0.630373254535441,0.15723042148844532
0.1,0.21239632397611363,0.630373254535441,0.15723042148844532
0.12,0.21239632397611363,0.630373254535441,0.15723042148844532
0.14,0.21239632397611363,0.630373254535441,0.15723042148844532
0.16,0.21239632397611363,0.630373254535441,0.15723042148844532
0.18,0.21239632397611363,0.630373254535441,0.15723042148844532
0.2,0.21239632397611363,0.630373254535441,0.15723042148844532
0.22,0.21239632397611363,0.630373254535441,0.15723042148844532
0.24,0.21239632397611363,0.630373254535441,0.15723042148844532
0.26,0.21239632397611363,0.630373254535441,0.15723042148844532
0.28,0.21239632397611363,0.630373254535441,0.15723042148844532
0.3,0.21239632397611363,0.630373254535441,0.15723042148844532
0.32,0.21239632397611363,0.630373254535441,0.15723042148844532
0.34,0.21239632397611363,0.630373254535441,0.15723042148844532
0.36,0.21239632397611363,0.630373254535441,0.15723042148844532
0.38,0.21239632397611363,0.630373254535441,0.15723042148844532
0.4,0.21239632397611363,0.630373254535441,0.15723042148844532
0.42,0.21239632397611363,0.630373254535441,0.15723042148844532
0.44,0.21239632397611363,0.630373254535441,0.15723042148844532
0.46,0.21239632397611363,0.630373254535441,0.15723042148844532
0.48,0.21239632397611363,0.630373254535441,0.15723042148844532
0.5,0.21239632397611363,0.630373254535441,0.15723042148844532
0.52,0.21239632397611363,0.630373254535441,0.15723042148844532
0.54,0.21239632397611363,0.630373254535441,0.15723042148844532
0.56,0.21239632397611363,0.630373254535441,0.15723042148844532
0.58,0.21239632397611363,0.630373254535441,0.15723042148844532
0.6,0.21239632397611363,0.630373254535441,0.15723042148844532
0.62,0.21239632397611363,0.630373254535441,0.15723042148844532
0.64,0.21239632397611363,0.630373254535441,0.15723042148844532
0.66,0.21239632397611363,0.630373254535441,0.15723042148844532
0.68,0.21239632397611363,0.630373254535441,0.15723042148844532
0.7000000000000001,0.21239632397611363,0.630373254535441,0.15723042148844532
0.72,0.21239632397611363,0.630373254535441,0.15723042148844532
0.74,0.21239632397611363,0.630373254535441,0.15723042148844532
0.76,0.21239632397611363,0.630373254535441,0.15723042148844532
0.78,0.19181735889089874,0.6704314899549955,0.13775115115410577
0.8,0.17123839380568384,0.7104897253745499,0.11827188081976625
0.8200000000000001,0.15065942872046895,0.7505479607941044,0.0987926104854267
0.84,0.13008046363525405,0.7906061962136588,0.07931334015108717
0.86,0.10950149855003916,0.8306644316332132,0.05983406981674763
0.88,0.08892253346482426,0.8707226670527677,0.04035479948240808
0.9,0.06834356837960937,0.9107809024723221,0.02087552914806855
0.92,0.06834356837960937,0.9107809024723221,0.02087552914806855
0.9400000000000001,0.06834356837960937,0.9107809024723221,0.02087552914806855
0.96,0.06834356837960937,0.9107809024723221,0.02087552914806855
0.98,0.06834356837960937,0.9107809024723221,0.02087552914806855
1.0,0.06834356837960937,0.9107809024723221,0.02087552914806855
