fraction_of_volc,OH,H2O2,TMI
0.0,0.26885588711395797,0.054500699636392085,0.6766434132496499
0.02,0.26885588711395797,0.054500699636392085,0.6766434132496499
0.04,0.26885588711395797,0.054500699636392085,0.6766434132496499
0.06,0.26885588711395797,0.054500699636392085,0.6766434132496499
0.08,0.26885588711395797,0.054500699636392085,0.6766434132496499
0.1,0.26885588711395797,0.054500699636392085,0.6766434132496499
0.12,0.26885588711395797,0.054500699636392085,0.6766434132496499
0.14,0.26885588711395797,0.054500699636392085,0.6766434132496499
0.16,0.26885588711395797,0.054500699636392085,0.6766434132496499
0.18,0.3060130340131694,0.05704920881360779,0.6369377571732228
0.2,0.34317018091238094,0.05959771799082349,0.5972321010967956
0.22,0.3803273278115924,0.06214622716803919,0.5575264450203684
0.24,0.41748447471080385,0.0646947363452549,0.5178207889439412
0.26,0.45464162161001537,0.0672432455224706,0.47811513286751406
0.28,0.4917987685092268,0.0697917546996863,0.4384094767910869
0.3,0.5289559154084383,0.07234026387690201,0.3987038207146597
0.32,0.5661130623076498,0.0748887730541177,0.35899816463823253
0.34,0.6032702092068613,0.07743728223133342,0.31929250856180535
0.36,0.6404273561060727,0.07998579140854911,0.2795868524853782
0.38,0.6775845030052843,0.08253430058576482,0.239881196408951
0.4,0.7147416499044957,0.08508280976298052,0.2001755403325238
0.42,0.7147416499044957,0.08508280976298052,0.2001755403325238
0.44,0.7147416499044957,0.08508280976298052,0.2001755403325238
0.46,0.7147416499044957,0.08508280976298052,0.2001755403325238
0.48,0.7147416499044957,0.08508280976298052,0.2001755403325238
0.5,0.7147416499044957,0.08508280976298052,0.2001755403325238
0.52,0.7147416499044957,0.08508280976298052,0.2001755403325238
0.54,0.7147416499044957,0.08508280976298052,0.2001755403325238
0.56,0.7147416499044957,0.08508280976298052,0.2001755403325238
0.58,0.7147416499044957,0.08508280976298052,0.2001755403325238
0.6,0.7147416499044957,0.08508280976298052,0.2001755403325238
0.62,0.7147416499044957,0.08508280976298052,0.2001755403325238
0.64,0.7147416499044957,0.08508280976298052,0.2001755403325238
0.66,0.7147416499044957,0.08508280976298052,0.2001755403325238
0.68,0.7147416499044957,0.08508280976298052,0.2001755403325238
0.7000000000000001,0.7147416499044957,0.08508280976298052,0.2001755403325238
0.72,0.7147416499044957,0.08508280976298052,0.2001755403325238
0.74,0.7147416499044957,0.08508280976298052,0.2001755403325238
0.76,0.7147416499044957,0.08508280976298052,0.2001755403325238
0.78,0.7147416499044957,0.08508280976298052,0.2001755403325238
0.8,0.7147416499044957,0.08508280976298052,0.2001755403325238
0.8200000000000001,0.7147416499044957,0.08508280976298052,0.2001755403325238
0.84,0.7147416499044957,0.08508280976298052,0.2001755403325238
0.86,0.7147416499044957,0.08508280976298052,0.2001755403325238
0.88,0.7147416499044957,0.08508280976298052,0.2001755403325238
0.9,0.7147416499044957,0.08508280976298052,0.2001755403325238
0.92,0.7147416499044957,0.08508280976298052,0.2001755403325238
0.9400000000000001,0.7147416499044957,0.08508280976298052,0.2001755403325238
0.96,0.7147416499044957,0.08508280976298052,0.2001755403325238
0.98,0.7147416499044957,0.08508280976298052,0.2001755403325238
1.0,0.7147416499044957,0.08508280976298052,0.2001755403325238
