fraction_of_volc,OH,H2O2,TMI
0.0,0.07650930180213421,0.7729781088599393,0.1505125893379265
0.02,0.07650930180213421,0.7729781088599393,0.1505125893379265
0.04,0.07650930180213421,0.7729781088599393,0.1505125893379265
0.06,0.07650930180213421,0.7729781088599393,0.1505125893379265
0.08,0.07650930180213421,0.7729781088599393,0.1505125893379265
0.1,0.09499217794108944,0.7490492089852149,0.15595861307369577
0.12,0.11347505408004468,0.7251203091104903,0.16140463680946504
0.14,0.13195793021899993,0.7011914092357658,0.16685066054523431
0.16,0.15044080635795515,0.6772625093610413,0.1722966842810036
0.18,0.16892368249691042,0.6533336094863168,0.17774270801677286
0.2,0.18740655863586564,0.6294047096115922,0.18318873175254213
0.22,0.20588943477482086,0.6054758097368678,0.1886347554883114
0.24,0.22437231091377613,0.5815469098621432,0.19408077922408068
0.26,0.24285518705273135,0.5576180099874187,0.19952680295984995
0.28,0.2613380631916866,0.5336891101126942,0.20497282669561923
0.3,0.27982093933064184,0.5097602102379697,0.2104188504313885
0.32,0.29830381546959706,0.4858313103632452,0.21586487416715777
0.34,0.31678669160855233,0.46190241048852065,0.22131089790292702
0.36,0.33526956774750755,0.43797351061379614,0.22675692163869632
0.38,0.3537524438864628,0.4140446107390716,0.23220294537446556
0.4,0.37223532002541804,0.3901157108643471,0.23764896911023486
0.42,0.39071819616437325,0.3661868109896226,0.2430949928460041
0.44,0.40920107230332853,0.34225791111489806,0.2485410165817734
0.46,0.42768394844228375,0.31832901124017354,0.25398704031754266
0.48,0.446166824581239,0.294400111365449,0.25943306405331196
0.5,0.46464970072019424,0.2704712114907245,0.2648790877890812
0.52,0.48313257685914945,0.24654231161600004,0.2703251115248505
0.54,0.5016154529981047,0.22261341174127547,0.27577113526061975
0.56,0.5200983291370599,0.198684511866551,0.281217158996389
0.58,0.5385812052760152,0.17475561199182643,0.2866631827321583
0.6,0.5570640814149704,0.15082671211710197,0.2921092064679276
0.62,0.5755469575539256,0.1268978122423774,0.29755523020369684
0.64,0.5940298336928809,0.10296891236765293,0.3030012539394661
0.66,0.6125127098318361,0.07904001249292833,0.3084472776752354
0.68,0.6125127098318361,0.07904001249292833,0.3084472776752354
0.7000000000000001,0.6125127098318361,0.07904001249292833,0.3084472776752354
0.72,0.6125127098318361,0.07904001249292833,0.3084472776752354
0.74,0.6125127098318361,0.07904001249292833,0.3084472776752354
0.76,0.6125127098318361,0.07904001249292833,0.3084472776752354
0.78,0.6125127098318361,0.07904001249292833,0.3084472776752354
0.8,0.6125127098318361,0.07904001249292833,0.3084472776752354
0.8200000000000001,0.6125127098318361,0.07904001249292833,0.3084472776752354
0.84,0.6125127098318361,0.07904001249292833,0.3084472776752354
0.86,0.6125127098318361,0.07904001249292833,0.3084472776752354
0.88,0.6125127098318361,0.07904001249292833,0.3084472776752354
0.9,0.6125127098318361,0.07904001249292833,0.3084472776752354
0.92,0.6125127098318361,0.07904001249292833,0.3084472776752354
0.9400000000000001,0.6125127098318361,0.07904001249292833,0.3084472776752354
0.96,0.6125127098318361,0.07904001249292833,0.3084472776752354
0.98,0.6125127098318361,0.07904001249292833,0.3084472776752354
1.0,0.6125127098318361,0.07904001249292833,0.3084472776752354
