fraction_of_volc,OH,H2O2,TMI
0.0,0.07179939987867871,0.7378880004136827,0.1903125997076385
0.02,0.07179939987867871,0.7378880004136827,0.1903125997076385
0.04,0.07179939987867871,0.7378880004136827,0.1903125997076385
0.06,0.07179939987867871,0.7378880004136827,0.1903125997076385
0.08,0.07179939987867871,0.7378880004136827,0.1903125997076385
0.1,0.07179939987867871,0.7378880004136827,0.1903125997076385
0.12,0.07179939987867871,0.7378880004136827,0.1903125997076385
0.14,0.07179939987867871,0.7378880004136827,0.1903125997076385
0.16,0.07179939987867871,0.7378880004136827,0.1903125997076385
0.18,0.07179939987867871,0.7378880004136827,0.1903125997076385
0.2,0.07179939987867871,0.7378880004136827,0.1903125997076385
0.22,0.07179939987867871,0.7378880004136827,0.1903125997076385
0.24,0.07179939987867871,0.7378880004136827,0.1903125997076385
0.26,0.07179939987867871,0.7378880004136827,0.1903125997076385
0.28,0.07179939987867871,0.7378880004136827,0.1903125997076385
0.3,0.07179939987867871,0.7378880004136827,0.1903125997076385
0.32,0.07179939987867871,0.7378880004136827,0.1903125997076385
0.34,0.07179939987867871,0.7378880004136827,0.1903125997076385
0.36,0.07179939987867871,0.7378880004136827,0.1903125997076385
0.38,0.07179939987867871,0.7378880004136827,0.1903125997076385
0.4,0.07179939987867871,0.7378880004136827,0.1903125997076385
0.42,0.07179939987867871,0.7378880004136827,0.1903125997076385
0.44,0.07179939987867871,0.7378880004136827,0.1903125997076385
0.46,0.07179939987867871,0.7378880004136827,0.1903125997076385
0.48,0.07179939987867871,0.7378880004136827,0.1903125997076385
0.5,0.07179939987867871,0.7378880004136827,0.1903125997076385
0.52,0.07179939987867871,0.7378880004136827,0.1903125997076385
0.54,0.07179939987867871,0.7378880004136827,0.1903125997076385
0.56,0.07179939987867871,0.7378880004136827,0.1903125997076385
0.58,0.07179939987867871,0.7378880004136827,0.1903125997076385
0.6,0.07179939987867871,0.7378880004136827,0.1903125997076385
0.62,0.07179939987867871,0.7378880004136827,0.1903125997076385
0.64,0.07179939987867871,0.7378880004136827,0.1903125997076385
0.66,0.07179939987867871,0.7378880004136827,0.1903125997076385
0.68,0.07179939987867871,0.7378880004136827,0.1903125997076385
0.7000000000000001,0.07179939987867871,0.7378880004136827,0.1903125997076385
0.72,0.07647110768417244,0.7466474857105486,0.17688140660527893
0.74,0.08114281548966615,0.7554069710074145,0.16345021350291933
0.76,0.08581452329515987,0.7641664563042804,0.15001902040055975
0.78,0.0904862311006536,0.7729259416011462,0.13658782729820015
0.8,0.09515793890614731,0.7816854268980121,0.12315663419584058
0.8200000000000001,0.09982964671164103,0.790444912194878,0.109725441093481
0.84,0.10450135451713474,0.7992043974917438,0.0962942479911214
0.86,0.10917306232262847,0.8079638827886096,0.08286305488876182
0.88,0.11384477012812219,0.8167233680854755,0.06943186178640223
0.9,0.1185164779336159,0.8254828533823414,0.05600066868404266
0.92,0.12318818573910963,0.8342423386792073,0.04256947558168306
0.9400000000000001,0.12785989354460334,0.8430018239760732,0.029138282479323485
0.96,0.13253160135009706,0.851761309272939,0.015707089376963888
0.98,0.13253160135009706,0.851761309272939,0.015707089376963888
1.0,0.13253160135009706,0.851761309272939,0.015707089376963888
