fraction_of_volc,OH,H2O2,TMI
0.0,0.6557185599852575,0.14237844947540185,0.2019029905393405
0.02,0.6557185599852575,0.14237844947540185,0.2019029905393405
0.04,0.6557185599852575,0.14237844947540185,0.2019029905393405
0.06,0.6557185599852575,0.14237844947540185,0.2019029905393405
0.08,0.6557185599852575,0.14237844947540185,0.2019029905393405
0.1,0.6557185599852575,0.14237844947540185,0.2019029905393405
0.12,0.6557185599852575,0.14237844947540185,0.2019029905393405
0.14,0.6557185599852575,0.14237844947540185,0.2019029905393405
0.16,0.6557185599852575,0.14237844947540185,0.2019029905393405
0.18,0.6557185599852575,0.14237844947540185,0.2019029905393405
0.2,0.6557185599852575,0.14237844947540185,0.2019029905393405
0.22,0.6557185599852575,0.14237844947540185,0.2019029905393405
0.24,0.6557185599852575,0.14237844947540185,0.2019029905393405
0.26,0.6557185599852575,0.14237844947540185,0.2019029905393405
0.28,0.6557185599852575,0.14237844947540185,0.2019029905393405
0.3,0.6557185599852575,0.14237844947540185,0.2019029905393405
0.32,0.6557185599852575,0.14237844947540185,0.2019029905393405
0.34,0.6557185599852575,0.14237844947540185,0.2019029905393405
0.36,0.6307397242560265,0.14246553956347804,0.22679473618049525
0.38,0.6057608885267957,0.14255262965155424,0.25168648182165004
0.4,0.5807820527975647,0.14263971973963044,0.2765782274628048
0.42,0.5558032170683337,0.14272680982770664,0.30146997310395957
0.44,0.5308243813391027,0.14281389991578283,0.3263617187451143
0.46,0.5058455456098718,0.14290099000385903,0.3512534643862691
0.48,0.48086670988064084,0.14298808009193523,0.37614521002742385
0.5,0.4558878741514099,0.14307517018001142,0.4010369556685786
0.52,0.430909038422179,0.14316226026808762,0.42592870130973337
0.54,0.405930202692948,0.14324935035616385,0.45082044695088813
0.56,0.38095136696371706,0.14333644044424004,0.4757121925920429
0.58,0.35597253123448613,0.14342353053231624,0.5006039382331977
0.6,0.33099369550525515,0.14351062062039244,0.5254956838743524
0.62,0.3060148597760242,0.14359771070846863,0.5503874295155072
0.64,0.28103602404679323,0.14368480079654483,0.5752791751566619
0.66,0.2560571883175623,0.14377189088462103,0.6001709207978168
0.68,0.23107835258833137,0.14385898097269723,0.6250626664389715
0.7000000000000001,0.20609951685910038,0.14394607106077342,0.6499544120801263
0.72,0.18112068112986945,0.14403316114884962,0.674846157721281
0.74,0.18112068112986945,0.14403316114884962,0.674846157721281
0.76,0.18112068112986945,0.14403316114884962,0.674846157721281
0.78,0.18112068112986945,0.14403316114884962,0.674846157721281
0.8,0.18112068112986945,0.14403316114884962,0.674846157721281
0.8200000000000001,0.18112068112986945,0.14403316114884962,0.674846157721281
0.84,0.18112068112986945,0.14403316114884962,0.674846157721281
0.86,0.18112068112986945,0.14403316114884962,0.674846157721281
0.88,0.18112068112986945,0.14403316114884962,0.674846157721281
0.9,0.18112068112986945,0.14403316114884962,0.674846157721281
0.92,0.18112068112986945,0.14403316114884962,0.674846157721281
0.9400000000000001,0.18112068112986945,0.14403316114884962,0.674846157721281
0.96,0.18112068112986945,0.14403316114884962,0.674846157721281
0.98,0.18112068112986945,0.14403316114884962,0.674846157721281
1.0,0.18112068112986945,0.14403316114884962,0.674846157721281
