fraction_of_volc,OH,H2O2,TMI
0.0,0.005331049142058225,0.03515693874008309,0.9595120121178587
0.02,0.005331049142058225,0.03515693874008309,0.9595120121178587
0.04,0.005331049142058225,0.03515693874008309,0.9595120121178587
0.06,0.005331049142058225,0.03515693874008309,0.9595120121178587
0.08,0.005331049142058225,0.03515693874008309,0.9595120121178587
0.1,0.005331049142058225,0.03515693874008309,0.9595120121178587
0.12,0.005331049142058225,0.03515693874008309,0.9595120121178587
0.14,0.005331049142058225,0.03515693874008309,0.9595120121178587
0.16,0.005331049142058225,0.03515693874008309,0.9595120121178587
0.18,0.005331049142058225,0.03515693874008309,0.9595120121178587
0.2,0.005331049142058225,0.03515693874008309,0.9595120121178587
0.22,0.005331049142058225,0.03515693874008309,0.9595120121178587
0.24,0.005331049142058225,0.03515693874008309,0.9595120121178587
0.26,0.005331049142058225,0.03515693874008309,0.9595120121178587
0.28,0.005331049142058225,0.03515693874008309,0.9595120121178587
0.3,0.005331049142058225,0.03515693874008309,0.9595120121178587
0.32,0.005331049142058225,0.03515693874008309,0.9595120121178587
0.34,0.005331049142058225,0.03515693874008309,0.9595120121178587
0.36,0.005331049142058225,0.03515693874008309,0.9595120121178587
0.38,0.005331049142058225,0.03515693874008309,0.9595120121178587
0.4,0.005331049142058225,0.03515693874008309,0.9595120121178587
0.42,0.005331049142058225,0.03515693874008309,0.9595120121178587
0.44,0.005331049142058225,0.03515693874008309,0.9595120121178587
0.46,0.005331049142058225,0.03515693874008309,0.9595120121178587
0.48,0.005331049142058225,0.03515693874008309,0.9595120121178587
0.5,0.005331049142058225,0.03515693874008309,0.9595120121178587
0.52,0.005331049142058225,0.03515693874008309,0.9595120121178587
0.54,0.005331049142058225,0.03515693874008309,0.9595120121178587
0.56,0.010417354472828096,0.06822252401552029,0.9213601215116517
0.58,0.015503659803597965,0.10128810929095748,0.8832082309054445
0.6,0.020589965134367838,0.13435369456639468,0.8450563402992375
0.62,0.025676270465137707,0.16741927984183186,0.8069044496930304
0.64,0.030762575795907576,0.20048486511726904,0.7687525590868234
0.66,0.03584888112667745,0.23355045039270628,0.7306006684806163
0.68,0.04093518645744732,0.26661603566814346,0.6924487778744092
0.7000000000000001,0.04602149178821719,0.29968162094358064,0.6542968872682021
0.72,0.05110779711898706,0.3327472062190178,0.6161449966619951
0.74,0.05619410244975693,0.365812791494455,0.5779931060557879
0.76,0.061280407780526805,0.39887837676989224,0.5398412154495809
0.78,0.06636671311129667,0.4319439620453294,0.5016893248433738
0.8,0.07145301844206656,0.4650095473207666,0.46353743423716676
0.8200000000000001,0.07653932377283643,0.49807513259620384,0.4253855436309596
0.84,0.0816256291036063,0.5311407178716411,0.38723365302475254
0.86,0.08671193443437616,0.5642063031470782,0.3490817624185455
0.88,0.09179823976514603,0.5972718884225154,0.31092987181233844
0.9,0.0968845450959159,0.6303374736979526,0.2727779812061314
0.92,0.10197085042668577,0.6634030589733898,0.23462609059992423
0.9400000000000001,0.10705715575745564,0.6964686442488269,0.19647419999371718
0.96,0.11214346108822552,0.7295342295242642,0.15832230938751013
0.98,0.1172297664189954,0.7625998147997014,0.12017041878130312
1.0,0.1172297664189954,0.7625998147997014,0.12017041878130312
