fraction_of_volc,OH,H2O2,TMI
0.0,0.251373036938291,0.19810954627341842,0.5505174167882905
0.02,0.251373036938291,0.19810954627341842,0.5505174167882905
0.04,0.251373036938291,0.19810954627341842,0.5505174167882905
0.06,0.251373036938291,0.19810954627341842,0.5505174167882905
0.08,0.251373036938291,0.19810954627341842,0.5505174167882905
0.1,0.251373036938291,0.19810954627341842,0.5505174167882905
0.12,0.251373036938291,0.19810954627341842,0.5505174167882905
0.14,0.251373036938291,0.19810954627341842,0.5505174167882905
0.16,0.251373036938291,0.19810954627341842,0.5505174167882905
0.18,0.251373036938291,0.19810954627341842,0.5505174167882905
0.2,0.25231194563312603,0.20903992220656797,0.5386481321603058
0.22,0.25325085432796113,0.21997029813971752,0.5267788475323213
0.24,0.25418976302279617,0.23090067407286707,0.5149095629043366
0.26,0.25512867171763126,0.24183105000601662,0.503040278276352
0.28,0.2560675804124663,0.2527614259391662,0.4911709936483674
0.3,0.2570064891073014,0.2636918018723157,0.4793017090203828
0.32,0.25794539780213643,0.2746221778054653,0.4674324243923982
0.34,0.25888430649697153,0.2855525537386148,0.4555631397644136
0.36,0.25982321519180657,0.2964829296717644,0.443693855136429
0.38,0.26076212388664166,0.3074133056049139,0.43182457050844436
0.4,0.2617010325814767,0.31834368153806347,0.41995528588045977
0.42,0.26263994127631174,0.329274057471213,0.4080860012524752
0.44,0.26357884997114683,0.34020443340436257,0.39621671662449054
0.46,0.2645177586659819,0.3511348093375121,0.38434743199650595
0.48,0.26545666736081697,0.36206518527066167,0.37247814736852136
0.5,0.266395576055652,0.3729955612038112,0.3606088627405367
0.52,0.2673344847504871,0.38392593713696077,0.3487395781125521
0.54,0.26827339344532214,0.3948563130701103,0.3368702934845675
0.56,0.26921230214015723,0.40578668900325987,0.3250010088565829
0.58,0.2701512108349923,0.4167170649364094,0.31313172422859825
0.6,0.2710901195298273,0.42764744086955897,0.30126243960061366
0.62,0.2720290282246624,0.4385778168027085,0.2893931549726291
0.64,0.27296793691949744,0.44950819273585807,0.27752387034464443
0.66,0.27390684561433254,0.4604385686690076,0.26565458571665984
0.68,0.2748457543091676,0.47136894460215717,0.25378530108867525
0.7000000000000001,0.2757846630040027,0.4822993205353067,0.2419160164606906
0.72,0.2767235716988377,0.49322969646845627,0.23004673183270602
0.74,0.2776624803936728,0.5041600724016058,0.21817744720472143
0.76,0.27860138908850784,0.5150904483347554,0.2063081625767368
0.78,0.27954029778334294,0.526020824267905,0.1944388779487522
0.8,0.280479206478178,0.5369512002010545,0.18256959332076755
0.8200000000000001,0.280479206478178,0.5369512002010545,0.18256959332076755
0.84,0.280479206478178,0.5369512002010545,0.18256959332076755
0.86,0.280479206478178,0.5369512002010545,0.18256959332076755
0.88,0.280479206478178,0.5369512002010545,0.18256959332076755
0.9,0.280479206478178,0.5369512002010545,0.18256959332076755
0.92,0.280479206478178,0.5369512002010545,0.18256959332076755
0.9400000000000001,0.280479206478178,0.5369512002010545,0.18256959332076755
0.96,0.280479206478178,0.5369512002010545,0.18256959332076755
0.98,0.280479206478178,0.5369512002010545,0.18256959332076755
1.0,0.280479206478178,0.5369512002010545,0.18256959332076755
