fraction_of_volc,OH,H2O2,TMI
0.0,0.0842272139377807,0.38006640024922894,0.5357063858129902
0.02,0.0842272139377807,0.38006640024922894,0.5357063858129902
0.04,0.0842272139377807,0.38006640024922894,0.5357063858129902
0.06,0.0842272139377807,0.38006640024922894,0.5357063858129902
0.08,0.0842272139377807,0.38006640024922894,0.5357063858129902
0.1,0.0842272139377807,0.38006640024922894,0.5357063858129902
0.12,0.0842272139377807,0.38006640024922894,0.5357063858129902
0.14,0.0842272139377807,0.38006640024922894,0.5357063858129902
0.16,0.0842272139377807,0.38006640024922894,0.5357063858129902
0.18,0.0842272139377807,0.38006640024922894,0.5357063858129902
0.2,0.0842272139377807,0.38006640024922894,0.5357063858129902
0.22,0.0842272139377807,0.38006640024922894,0.5357063858129902
0.24,0.0842272139377807,0.38006640024922894,0.5357063858129902
0.26,0.0842272139377807,0.38006640024922894,0.5357063858129902
0.28,0.07985332401083223,0.3659554192191285,0.5541912567700391
0.3,0.07547943408388375,0.35184443818902805,0.5726761277270881
0.32,0.07110554415693528,0.3377334571589276,0.5911609986841371
0.34,0.0667316542299868,0.32362247612882716,0.609645869641186
0.36,0.06235776430303833,0.3095114950987268,0.6281307405982348
0.38,0.05798387437608985,0.29540051406862633,0.6466156115552838
0.4,0.053609984449141376,0.2812895330385259,0.6651004825123328
0.42,0.0492360945221929,0.26717855200842544,0.6835853534693817
0.44,0.044862204595244426,0.253067570978325,0.7020702244264305
0.46,0.04048831466829595,0.23895658994822455,0.7205550953834795
0.48,0.036114424741347476,0.2248456089181241,0.7390399663405285
0.5,0.031740534814399,0.21073462788802366,0.7575248372975774
0.52,0.031740534814399,0.21073462788802366,0.7575248372975774
0.54,0.031740534814399,0.21073462788802366,0.7575248372975774
0.56,0.031740534814399,0.21073462788802366,0.7575248372975774
0.58,0.031740534814399,0.21073462788802366,0.7575248372975774
0.6,0.031740534814399,0.21073462788802366,0.7575248372975774
0.62,0.031740534814399,0.21073462788802366,0.7575248372975774
0.64,0.031740534814399,0.21073462788802366,0.7575248372975774
0.66,0.031740534814399,0.21073462788802366,0.7575248372975774
0.68,0.031740534814399,0.21073462788802366,0.7575248372975774
0.7000000000000001,0.031740534814399,0.21073462788802366,0.7575248372975774
0.72,0.031740534814399,0.21073462788802366,0.7575248372975774
0.74,0.031740534814399,0.21073462788802366,0.7575248372975774
0.76,0.031740534814399,0.21073462788802366,0.7575248372975774
0.78,0.031740534814399,0.21073462788802366,0.7575248372975774
0.8,0.031740534814399,0.21073462788802366,0.7575248372975774
0.8200000000000001,0.031740534814399,0.21073462788802366,0.7575248372975774
0.84,0.031740534814399,0.21073462788802366,0.7575248372975774
0.86,0.031740534814399,0.21073462788802366,0.7575248372975774
0.88,0.031740534814399,0.21073462788802366,0.7575248372975774
0.9,0.031740534814399,0.21073462788802366,0.7575248372975774
0.92,0.031740534814399,0.21073462788802366,0.7575248372975774
0.9400000000000001,0.031740534814399,0.21073462788802366,0.7575248372975774
0.96,0.031740534814399,0.21073462788802366,0.7575248372975774
0.98,0.031740534814399,0.21073462788802366,0.7575248372975774
1.0,0.031740534814399,0.21073462788802366,0.7575248372975774
