fraction_of_volc,OH,H2O2,TMI
0.0,0.12909607317233415,0.3938896325119609,0.47701429431570497
0.02,0.12909607317233415,0.3938896325119609,0.47701429431570497
0.04,0.12909607317233415,0.3938896325119609,0.47701429431570497
0.06,0.12909607317233415,0.3938896325119609,0.47701429431570497
0.08,0.12696702276183425,0.39626269807945547,0.4767702791587103
0.1,0.12483797235133434,0.39863576364695,0.47652626400171566
0.12,0.12270892194083442,0.4010088292144446,0.47628224884472103
0.14,0.12057987153033452,0.40338189478193914,0.47603823368772635
0.16,0.11845082111983461,0.4057549603494337,0.47579421853073167
0.18,0.1163217707093347,0.40812802591692826,0.47555020337373705
0.2,0.11419272029883479,0.4105010914844228,0.4753061882167424
0.22,0.11206366988833488,0.4128741570519174,0.47506217305974774
0.24,0.10993461947783498,0.41524722261941194,0.47481815790275306
0.26,0.10780556906733507,0.4176202881869065,0.47457414274575843
0.28,0.10567651865683515,0.41999335375440106,0.4743301275887638
0.3,0.10354746824633525,0.4223664193218956,0.4740861124317691
0.32,0.10141841783583534,0.4247394848893902,0.47384209727477444
0.34,0.09928936742533542,0.42711255045688473,0.4735980821177798
0.36,0.09716031701483552,0.4294856160243793,0.4733540669607852
0.38,0.09503126660433561,0.43185868159187385,0.4731100518037905
0.4,0.09290221619383571,0.4342317471593684,0.47286603664679583
0.42,0.0907731657833358,0.43660481272686297,0.4726220214898012
0.44,0.08864411537283588,0.4389778782943575,0.4723780063328066
0.46,0.08651506496233598,0.4413509438618521,0.4721339911758119
0.48,0.08438601455183607,0.44372400942934664,0.4718899760188172
0.5,0.08225696414133615,0.4460970749968412,0.4716459608618226
0.52,0.08012791373083625,0.44847014056433576,0.47140194570482796
0.54,0.07799886332033634,0.4508432061318303,0.4711579305478333
0.56,0.07586981290983644,0.4532162716993249,0.4709139153908386
0.58,0.07374076249933653,0.45558933726681944,0.470669900233844
0.6,0.07161171208883661,0.457962402834314,0.47042588507684935
0.62,0.06948266167833671,0.46033546840180856,0.47018186991985467
0.64,0.0673536112678368,0.4627085339693031,0.46993785476286
0.66,0.06522456085733688,0.4650815995367977,0.46969383960586536
0.68,0.06309551044683698,0.46745466510429223,0.46944982444887073
0.7000000000000001,0.06096646003633708,0.4698277306717868,0.46920580929187605
0.72,0.06096646003633708,0.4698277306717868,0.46920580929187605
0.74,0.06096646003633708,0.4698277306717868,0.46920580929187605
0.76,0.06096646003633708,0.4698277306717868,0.46920580929187605
0.78,0.06096646003633708,0.4698277306717868,0.46920580929187605
0.8,0.06096646003633708,0.4698277306717868,0.46920580929187605
0.8200000000000001,0.06096646003633708,0.4698277306717868,0.46920580929187605
0.84,0.06096646003633708,0.4698277306717868,0.46920580929187605
0.86,0.06096646003633708,0.4698277306717868,0.46920580929187605
0.88,0.06096646003633708,0.4698277306717868,0.46920580929187605
0.9,0.06096646003633708,0.4698277306717868,0.46920580929187605
0.92,0.06096646003633708,0.4698277306717868,0.46920580929187605
0.9400000000000001,0.06096646003633708,0.4698277306717868,0.46920580929187605
0.96,0.06096646003633708,0.4698277306717868,0.46920580929187605
0.98,0.06096646003633708,0.4698277306717868,0.46920580929187605
1.0,0.06096646003633708,0.4698277306717868,0.46920580929187605
