fraction_of_volc,OH,H2O2,TMI
0.0,0.3599178155721561,0.34976671093342065,0.2903154734944233
0.02,0.3599178155721561,0.34976671093342065,0.2903154734944233
0.04,0.3599178155721561,0.34976671093342065,0.2903154734944233
0.06,0.3599178155721561,0.34976671093342065,0.2903154734944233
0.08,0.3599178155721561,0.34976671093342065,0.2903154734944233
0.1,0.3599178155721561,0.34976671093342065,0.2903154734944233
0.12,0.3599178155721561,0.34976671093342065,0.2903154734944233
0.14,0.3599178155721561,0.34976671093342065,0.2903154734944233
0.16,0.3599178155721561,0.34976671093342065,0.2903154734944233
0.18,0.3599178155721561,0.34976671093342065,0.2903154734944233
0.2,0.3599178155721561,0.34976671093342065,0.2903154734944233
0.22,0.3599178155721561,0.34976671093342065,0.2903154734944233
0.24,0.3599178155721561,0.34976671093342065,0.2903154734944233
0.26,0.3599178155721561,0.34976671093342065,0.2903154734944233
0.28,0.3599178155721561,0.34976671093342065,0.2903154734944233
0.3,0.3599178155721561,0.34976671093342065,0.2903154734944233
0.32,0.3599178155721561,0.34976671093342065,0.2903154734944233
0.34,0.3599178155721561,0.34976671093342065,0.2903154734944233
0.36,0.3622065243125665,0.3396757794328474,0.2981176962545862
0.38,0.36449523305297693,0.32958484793227405,0.305919919014749
0.4,0.3667839417933874,0.3194939164317008,0.31372214177491187
0.42,0.36907265053379784,0.30940298493112744,0.3215243645350747
0.44,0.37136135927420827,0.29931205343055417,0.32932658729523756
0.46,0.37365006801461875,0.28922112192998084,0.3371288100554004
0.48,0.3759387767550292,0.27913019042940757,0.34493103281556325
0.5,0.3782274854954396,0.26903925892883424,0.3527332555757261
0.52,0.38051619423585004,0.25894832742826096,0.36053547833588895
0.54,0.38280490297626046,0.24885739592768763,0.3683377010960518
0.56,0.38509361171667095,0.23876646442711436,0.3761399238562147
0.58,0.3873823204570814,0.22867553292654105,0.38394214661637754
0.6,0.3896710291974918,0.21858460142596775,0.3917443693765404
0.62,0.3919597379379023,0.20849366992539445,0.39954659213670324
0.64,0.3942484466783127,0.19840273842482115,0.4073488148968661
0.66,0.39653715541872314,0.18831180692424784,0.41515103765702893
0.68,0.39653715541872314,0.18831180692424784,0.41515103765702893
0.7000000000000001,0.39653715541872314,0.18831180692424784,0.41515103765702893
0.72,0.39653715541872314,0.18831180692424784,0.41515103765702893
0.74,0.39653715541872314,0.18831180692424784,0.41515103765702893
0.76,0.39653715541872314,0.18831180692424784,0.41515103765702893
0.78,0.39653715541872314,0.18831180692424784,0.41515103765702893
0.8,0.39653715541872314,0.18831180692424784,0.41515103765702893
0.8200000000000001,0.39653715541872314,0.18831180692424784,0.41515103765702893
0.84,0.39653715541872314,0.18831180692424784,0.41515103765702893
0.86,0.39653715541872314,0.18831180692424784,0.41515103765702893
0.88,0.39653715541872314,0.18831180692424784,0.41515103765702893
0.9,0.39653715541872314,0.18831180692424784,0.41515103765702893
0.92,0.39653715541872314,0.18831180692424784,0.41515103765702893
0.9400000000000001,0.39653715541872314,0.18831180692424784,0.41515103765702893
0.96,0.39653715541872314,0.18831180692424784,0.41515103765702893
0.98,0.39653715541872314,0.18831180692424784,0.41515103765702893
1.0,0.39653715541872314,0.18831180692424784,0.41515103765702893
