fraction_of_volc,OH,H2O2,TMI
0.0,0.46004025578399077,0.09558280974223171,0.44437693447377763
0.02,0.46004025578399077,0.09558280974223171,0.44437693447377763
0.04,0.46004025578399077,0.09558280974223171,0.44437693447377763
0.06,0.46004025578399077,0.09558280974223171,0.44437693447377763
0.08,0.46004025578399077,0.09558280974223171,0.44437693447377763
0.1,0.46004025578399077,0.09558280974223171,0.44437693447377763
0.12,0.46004025578399077,0.09558280974223171,0.44437693447377763
0.14,0.46004025578399077,0.09558280974223171,0.44437693447377763
0.16,0.46004025578399077,0.09558280974223171,0.44437693447377763
0.18,0.46004025578399077,0.09558280974223171,0.44437693447377763
0.2,0.46004025578399077,0.09558280974223171,0.44437693447377763
0.22,0.46004025578399077,0.09558280974223171,0.44437693447377763
0.24,0.46004025578399077,0.09558280974223171,0.44437693447377763
0.26,0.46004025578399077,0.09558280974223171,0.44437693447377763
0.28,0.46004025578399077,0.09558280974223171,0.44437693447377763
0.3,0.46004025578399077,0.09558280974223171,0.44437693447377763
0.32,0.46004025578399077,0.09558280974223171,0.44437693447377763
0.34,0.46004025578399077,0.09558280974223171,0.44437693447377763
0.36,0.46004025578399077,0.09558280974223171,0.44437693447377763
0.38,0.46004025578399077,0.09558280974223171,0.44437693447377763
0.4,0.46004025578399077,0.09558280974223171,0.44437693447377763
0.42,0.46004025578399077,0.09558280974223171,0.44437693447377763
0.44,0.46004025578399077,0.09558280974223171,0.44437693447377763
0.46,0.46004025578399077,0.09558280974223171,0.44437693447377763
0.48,0.46004025578399077,0.09558280974223171,0.44437693447377763
0.5,0.46004025578399077,0.09558280974223171,0.44437693447377763
0.52,0.450826610212565,0.10341052213886662,0.4457628676485685
0.54,0.4416129646411392,0.11123823453550152,0.4471488008233594
0.56,0.4323993190697134,0.11906594693213644,0.44853473399815025
0.58,0.42318567349828756,0.12689365932877134,0.4499206671729411
0.6,0.4139720279268618,0.13472137172540627,0.451306600347732
0.62,0.404758382355436,0.14254908412204118,0.45269253352252287
0.64,0.3955447367840102,0.15037679651867608,0.4540784666973137
0.66,0.3863310912125844,0.158204508915311,0.45546439987210463
0.68,0.37711744564115857,0.1660322213119459,0.4568503330468955
0.7000000000000001,0.3679038000697328,0.1738599337085808,0.45823626622168634
0.72,0.358690154498307,0.1816876461052157,0.4596221993964772
0.74,0.3494765089268812,0.18951535850185064,0.4610081325712681
0.76,0.3402628633554554,0.19734307089848552,0.46239406574605896
0.78,0.3310492177840296,0.20517078329512045,0.4637799989208498
0.8,0.32183557221260384,0.21299849569175536,0.4651659320956407
0.8200000000000001,0.31262192664117805,0.22082620808839026,0.4665518652704316
0.84,0.30340828106975226,0.22865392048502517,0.46793779844522243
0.86,0.2941946354983264,0.23648163288166008,0.46932373162001334
0.88,0.28498098992690063,0.24430934527829498,0.4707096647948042
0.9,0.28498098992690063,0.24430934527829498,0.4707096647948042
0.92,0.28498098992690063,0.24430934527829498,0.4707096647948042
0.9400000000000001,0.28498098992690063,0.24430934527829498,0.4707096647948042
0.96,0.28498098992690063,0.24430934527829498,0.4707096647948042
0.98,0.28498098992690063,0.24430934527829498,0.4707096647948042
1.0,0.28498098992690063,0.24430934527829498,0.4707096647948042
