fraction_of_volc,OH,H2O2,TMI
0.0,0.7382404533131505,0.10905248301308035,0.15270706367376924
0.02,0.7382404533131505,0.10905248301308035,0.15270706367376924
0.04,0.7382404533131505,0.10905248301308035,0.15270706367376924
0.06,0.7382404533131505,0.10905248301308035,0.15270706367376924
0.08,0.7382404533131505,0.10905248301308035,0.15270706367376924
0.1,0.7382404533131505,0.10905248301308035,0.15270706367376924
0.12,0.7382404533131505,0.10905248301308035,0.15270706367376924
0.14,0.7382404533131505,0.10905248301308035,0.15270706367376924
0.16,0.7382404533131505,0.10905248301308035,0.15270706367376924
0.18,0.7382404533131505,0.10905248301308035,0.15270706367376924
0.2,0.7382404533131505,0.10905248301308035,0.15270706367376924
0.22,0.7382404533131505,0.10905248301308035,0.15270706367376924
0.24,0.7382404533131505,0.10905248301308035,0.15270706367376924
0.26,0.7382404533131505,0.10905248301308035,0.15270706367376924
0.28,0.7382404533131505,0.10905248301308035,0.15270706367376924
0.3,0.7382404533131505,0.10905248301308035,0.15270706367376924
0.32,0.7382404533131505,0.10905248301308035,0.15270706367376924
0.34,0.7382404533131505,0.10905248301308035,0.15270706367376924
0.36,0.7382404533131505,0.10905248301308035,0.15270706367376924
0.38,0.7382404533131505,0.10905248301308035,0.15270706367376924
0.4,0.7382404533131505,0.10905248301308035,0.15270706367376924
0.42,0.7382404533131505,0.10905248301308035,0.15270706367376924
0.44,0.7382404533131505,0.10905248301308035,0.15270706367376924
0.46,0.7382404533131505,0.10905248301308035,0.15270706367376924
0.48,0.7382404533131505,0.10905248301308035,0.15270706367376924
0.5,0.7382404533131505,0.10905248301308035,0.15270706367376924
0.52,0.7382404533131505,0.10905248301308035,0.15270706367376924
0.54,0.7074095642182555,0.12684354154303326,0.16574689423871125
0.56,0.6765786751233606,0.14463460007298615,0.17878672480365326
0.58,0.6457477860284656,0.16242565860293906,0.1918265553685953
0.6,0.6149168969335708,0.18021671713289195,0.20486638593353731
0.62,0.5840860078386758,0.19800777566284486,0.21790621649847933
0.64,0.5532551187437809,0.21579883419279777,0.23094604706342137
0.66,0.5224242296488859,0.23358989272275066,0.24398587762836338
0.68,0.49159334055399095,0.25138095125270354,0.2570257081933054
0.7000000000000001,0.460762451459096,0.2691720097826565,0.2700655387582474
0.72,0.460762451459096,0.2691720097826565,0.2700655387582474
0.74,0.460762451459096,0.2691720097826565,0.2700655387582474
0.76,0.460762451459096,0.2691720097826565,0.2700655387582474
0.78,0.460762451459096,0.2691720097826565,0.2700655387582474
0.8,0.460762451459096,0.2691720097826565,0.2700655387582474
0.8200000000000001,0.460762451459096,0.2691720097826565,0.2700655387582474
0.84,0.460762451459096,0.2691720097826565,0.2700655387582474
0.86,0.460762451459096,0.2691720097826565,0.2700655387582474
0.88,0.460762451459096,0.2691720097826565,0.2700655387582474
0.9,0.460762451459096,0.2691720097826565,0.2700655387582474
0.92,0.460762451459096,0.2691720097826565,0.2700655387582474
0.9400000000000001,0.460762451459096,0.2691720097826565,0.2700655387582474
0.96,0.460762451459096,0.2691720097826565,0.2700655387582474
0.98,0.460762451459096,0.2691720097826565,0.2700655387582474
1.0,0.460762451459096,0.2691720097826565,0.2700655387582474
