fraction_of_volc,OH,H2O2,TMI
0.0,0.6106762456865343,0.026538911645285608,0.3627848426681799
0.02,0.6106762456865343,0.026538911645285608,0.3627848426681799
0.04,0.6106762456865343,0.026538911645285608,0.3627848426681799
0.06,0.6106762456865343,0.026538911645285608,0.3627848426681799
0.08,0.6106762456865343,0.026538911645285608,0.3627848426681799
0.1,0.6106762456865343,0.026538911645285608,0.3627848426681799
0.12,0.6106762456865343,0.026538911645285608,0.3627848426681799
0.14,0.6106762456865343,0.026538911645285608,0.3627848426681799
0.16,0.6106762456865343,0.026538911645285608,0.3627848426681799
0.18,0.6106762456865343,0.026538911645285608,0.3627848426681799
0.2,0.6106762456865343,0.026538911645285608,0.3627848426681799
0.22,0.6106762456865343,0.026538911645285608,0.3627848426681799
0.24,0.6106762456865343,0.026538911645285608,0.3627848426681799
0.26,0.6106762456865343,0.026538911645285608,0.3627848426681799
0.28,0.6106762456865343,0.026538911645285608,0.3627848426681799
0.3,0.6106762456865343,0.026538911645285608,0.3627848426681799
0.32,0.6106762456865343,0.026538911645285608,0.3627848426681799
0.34,0.6106762456865343,0.026538911645285608,0.3627848426681799
0.36,0.6106762456865343,0.026538911645285608,0.3627848426681799
0.38,0.6106762456865343,0.026538911645285608,0.3627848426681799
0.4,0.6106762456865343,0.026538911645285608,0.3627848426681799
0.42,0.6106762456865343,0.026538911645285608,0.3627848426681799
0.44,0.6106762456865343,0.026538911645285608,0.3627848426681799
0.46,0.6106762456865343,0.026538911645285608,0.3627848426681799
0.48,0.6106762456865343,0.026538911645285608,0.3627848426681799
0.5,0.613267220928651,0.036870387794630866,0.349862391276718
0.52,0.6158581961707678,0.047201863943976116,0.336939939885256
0.54,0.6184491714128845,0.05753334009332137,0.3240174884937941
0.56,0.6210401466550012,0.06786481624266663,0.3110950371023321
0.58,0.6236311218971179,0.07819629239201187,0.2981725857108702
0.6,0.6262220971392345,0.08852776854135713,0.2852501343194082
0.62,0.6288130723813512,0.0988592446907024,0.2723276829279463
0.64,0.6314040476234679,0.10919072084004763,0.2594052315364843
0.66,0.6339950228655846,0.1195221969893929,0.2464827801450224
0.68,0.6365859981077013,0.12985367313873813,0.23356032875356045
0.7000000000000001,0.639176973349818,0.1401851492880834,0.2206378773620985
0.72,0.6417679485919348,0.15051662543742866,0.20771542597063655
0.74,0.6443589238340515,0.1608481015867739,0.1947929745791746
0.76,0.6469498990761682,0.17117957773611917,0.18187052318771266
0.78,0.6495408743182849,0.1815110538854644,0.1689480717962507
0.8,0.6521318495604016,0.19184253003480967,0.15602562040478876
0.8200000000000001,0.6547228248025183,0.20217400618415493,0.14310316901332681
0.84,0.6573138000446349,0.21250548233350017,0.13018071762186487
0.86,0.6599047752867516,0.22283695848284543,0.11725826623040292
0.88,0.6624957505288683,0.23316843463219067,0.104335814838941
0.9,0.665086725770985,0.24349991078153593,0.09141336344747902
0.92,0.6676777010131018,0.2538313869308812,0.0784909120560171
0.9400000000000001,0.6702686762552185,0.26416286308022646,0.06556846066455513
0.96,0.6702686762552185,0.26416286308022646,0.06556846066455513
0.98,0.6702686762552185,0.26416286308022646,0.06556846066455513
1.0,0.6702686762552185,0.26416286308022646,0.06556846066455513
