fraction_of_volc,OH,H2O2,TMI
0.0,0.20944175502515539,0.6240594011977576,0.16649884377708696
0.02,0.20944175502515539,0.6240594011977576,0.16649884377708696
0.04,0.20944175502515539,0.6240594011977576,0.16649884377708696
0.06,0.20944175502515539,0.6240594011977576,0.16649884377708696
0.08,0.20944175502515539,0.6240594011977576,0.16649884377708696
0.1,0.20944175502515539,0.6240594011977576,0.16649884377708696
0.12,0.20944175502515539,0.6240594011977576,0.16649884377708696
0.14,0.20944175502515539,0.6240594011977576,0.16649884377708696
0.16,0.20944175502515539,0.6240594011977576,0.16649884377708696
0.18,0.20944175502515539,0.6240594011977576,0.16649884377708696
0.2,0.20944175502515539,0.6240594011977576,0.16649884377708696
0.22,0.20944175502515539,0.6240594011977576,0.16649884377708696
0.24,0.20944175502515539,0.6240594011977576,0.16649884377708696
0.26,0.20944175502515539,0.6240594011977576,0.16649884377708696
0.28,0.20944175502515539,0.6240594011977576,0.16649884377708696
0.3,0.20944175502515539,0.6240594011977576,0.16649884377708696
0.32,0.20944175502515539,0.6240594011977576,0.16649884377708696
0.34,0.20944175502515539,0.6240594011977576,0.16649884377708696
0.36,0.20944175502515539,0.6240594011977576,0.16649884377708696
0.38,0.20944175502515539,0.6240594011977576,0.16649884377708696
0.4,0.2139311932753217,0.6076102258734671,0.17845858085121105
0.42,0.21842063152548802,0.5911610505491768,0.19041831792533517
0.44,0.2229100697756543,0.5747118752248863,0.20237805499945927
0.46,0.22739950802582062,0.558262699900596,0.21433779207358336
0.48,0.23188894627598694,0.5418135245763055,0.22629752914770745
0.5,0.23637838452615323,0.5253643492520151,0.23825726622183158
0.52,0.24086782277631955,0.5089151739277247,0.25021700329595564
0.54,0.24535726102648586,0.4924659986034343,0.26217674037007976
0.56,0.24984669927665218,0.47601682327914385,0.2741364774442039
0.58,0.2543361375268185,0.4595676479548535,0.286096214518328
0.6,0.2588255757769848,0.44311847263056303,0.2980559515924521
0.62,0.2633150140271511,0.4266692973062726,0.3100156886665762
0.64,0.2678044522773174,0.4102201219819822,0.32197542574070026
0.66,0.2722938905274837,0.3937709466576918,0.3339351628148244
0.68,0.27678332877765,0.3773217713334014,0.3458948998889485
0.7000000000000001,0.28127276702781634,0.360872596009111,0.3578546369630726
0.72,0.2857622052779827,0.34442342068482057,0.3698143740371967
0.74,0.290251643528149,0.32797424536053016,0.3817741111113208
0.76,0.29474108177831526,0.31152507003623975,0.3937338481854449
0.78,0.2992305200284816,0.29507589471194934,0.405693585259569
0.8,0.3037199582786479,0.2786267193876589,0.4176533223336931
0.8200000000000001,0.3082093965288142,0.2621775440633685,0.4296130594078172
0.84,0.31269883477898053,0.2457283687390781,0.4415727964819413
0.86,0.3171882730291468,0.22927919341478764,0.45353253355606543
0.88,0.3216777112793131,0.21283001809049723,0.4654922706301895
0.9,0.32616714952947945,0.19638084276620682,0.4774520077043136
0.92,0.33065658777964574,0.1799316674419165,0.48941174477843774
0.9400000000000001,0.33065658777964574,0.1799316674419165,0.48941174477843774
0.96,0.33065658777964574,0.1799316674419165,0.48941174477843774
0.98,0.33065658777964574,0.1799316674419165,0.48941174477843774
1.0,0.33065658777964574,0.1799316674419165,0.48941174477843774
