fraction_of_volc,OH,H2O2,TMI
0.0,0.270827816355045,0.5596729947021334,0.16949918894282157
0.02,0.270827816355045,0.5596729947021334,0.16949918894282157
0.04,0.270827816355045,0.5596729947021334,0.16949918894282157
0.06,0.270827816355045,0.5596729947021334,0.16949918894282157
0.08,0.270827816355045,0.5596729947021334,0.16949918894282157
0.1,0.270827816355045,0.5596729947021334,0.16949918894282157
0.12,0.270827816355045,0.5596729947021334,0.16949918894282157
0.14,0.270827816355045,0.5596729947021334,0.16949918894282157
0.16,0.270827816355045,0.5596729947021334,0.16949918894282157
0.18,0.270827816355045,0.5596729947021334,0.16949918894282157
0.2,0.270827816355045,0.5596729947021334,0.16949918894282157
0.22,0.270827816355045,0.5596729947021334,0.16949918894282157
0.24,0.270827816355045,0.5596729947021334,0.16949918894282157
0.26,0.270827816355045,0.5596729947021334,0.16949918894282157
0.28,0.270827816355045,0.5596729947021334,0.16949918894282157
0.3,0.270827816355045,0.5596729947021334,0.16949918894282157
0.32,0.270827816355045,0.5596729947021334,0.16949918894282157
0.34,0.270827816355045,0.5596729947021334,0.16949918894282157
0.36,0.270827816355045,0.5596729947021334,0.16949918894282157
0.38,0.270827816355045,0.5596729947021334,0.16949918894282157
0.4,0.270827816355045,0.5596729947021334,0.16949918894282157
0.42,0.270827816355045,0.5596729947021334,0.16949918894282157
0.44,0.270827816355045,0.5596729947021334,0.16949918894282157
0.46,0.270827816355045,0.5596729947021334,0.16949918894282157
0.48,0.270827816355045,0.5596729947021334,0.16949918894282157
0.5,0.270827816355045,0.5596729947021334,0.16949918894282157
0.52,0.270827816355045,0.5596729947021334,0.16949918894282157
0.54,0.270827816355045,0.5596729947021334,0.16949918894282157
0.56,0.270827816355045,0.5596729947021334,0.16949918894282157
0.58,0.270827816355045,0.5596729947021334,0.16949918894282157
0.6,0.270827816355045,0.5596729947021334,0.16949918894282157
0.62,0.270827816355045,0.5596729947021334,0.16949918894282157
0.64,0.270827816355045,0.5596729947021334,0.16949918894282157
0.66,0.270827816355045,0.5596729947021334,0.16949918894282157
0.68,0.270827816355045,0.5596729947021334,0.16949918894282157
0.7000000000000001,0.270827816355045,0.5596729947021334,0.16949918894282157
0.72,0.29850101987787503,0.5343184860957294,0.16718049402639554
0.74,0.32617422340070507,0.5089639774893254,0.16486179910996954
0.76,0.3538474269235351,0.4836094688829214,0.1625431041935435
0.78,0.3815206304463651,0.4582549602765174,0.16022440927711748
0.8,0.4091938339691952,0.4329004516701134,0.15790571436069145
0.8200000000000001,0.43686703749202516,0.4075459430637094,0.15558701944426545
0.84,0.4645402410148552,0.3821914344573054,0.15326832452783942
0.86,0.49221344453768523,0.35683692585090143,0.1509496296114134
0.88,0.5198866480605153,0.3314824172444974,0.1486309346949874
0.9,0.5475598515833453,0.3061279086380934,0.14631223977856136
0.92,0.5475598515833453,0.3061279086380934,0.14631223977856136
0.9400000000000001,0.5475598515833453,0.3061279086380934,0.14631223977856136
0.96,0.5475598515833453,0.3061279086380934,0.14631223977856136
0.98,0.5475598515833453,0.3061279086380934,0.14631223977856136
1.0,0.5475598515833453,0.3061279086380934,0.14631223977856136
