fraction_of_volc,OH,H2O2,TMI
0.0,0.5131332001432992,0.35693586712799097,0.12993093272871004
0.02,0.5131332001432992,0.35693586712799097,0.12993093272871004
0.04,0.5131332001432992,0.35693586712799097,0.12993093272871004
0.06,0.5131332001432992,0.35693586712799097,0.12993093272871004
0.08,0.5131332001432992,0.35693586712799097,0.12993093272871004
0.1,0.5131332001432992,0.35693586712799097,0.12993093272871004
0.12,0.5131332001432992,0.35693586712799097,0.12993093272871004
0.14,0.5131332001432992,0.35693586712799097,0.12993093272871004
0.16,0.5131332001432992,0.35693586712799097,0.12993093272871004
0.18,0.5131332001432992,0.35693586712799097,0.12993093272871004
0.2,0.5131332001432992,0.35693586712799097,0.12993093272871004
0.22,0.5131332001432992,0.35693586712799097,0.12993093272871004
0.24,0.5131332001432992,0.35693586712799097,0.12993093272871004
0.26,0.5131332001432992,0.35693586712799097,0.12993093272871004
0.28,0.5131332001432992,0.35693586712799097,0.12993093272871004
0.3,0.5131332001432992,0.35693586712799097,0.12993093272871004
0.32,0.5131332001432992,0.35693586712799097,0.12993093272871004
0.34,0.5131332001432992,0.35693586712799097,0.12993093272871004
0.36,0.5131332001432992,0.35693586712799097,0.12993093272871004
0.38,0.5131332001432992,0.35693586712799097,0.12993093272871004
0.4,0.5131332001432992,0.35693586712799097,0.12993093272871004
0.42,0.5131332001432992,0.35693586712799097,0.12993093272871004
0.44,0.5131332001432992,0.35693586712799097,0.12993093272871004
0.46,0.5131332001432992,0.35693586712799097,0.12993093272871004
0.48,0.5131332001432992,0.35693586712799097,0.12993093272871004
0.5,0.5131332001432992,0.35693586712799097,0.12993093272871004
0.52,0.5131332001432992,0.35693586712799097,0.12993093272871004
0.54,0.5131332001432992,0.35693586712799097,0.12993093272871004
0.56,0.5030017785558027,0.37127355625742636,0.12572466518677106
0.58,0.49287035696830633,0.38561124538686176,0.12151839764483209
0.6,0.48273893538080986,0.3999489345162972,0.11731213010289313
0.62,0.47260751379331345,0.4142866236457326,0.11310586256095415
0.64,0.462476092205817,0.428624312775168,0.10889959501901517
0.66,0.4523446706183205,0.44296200190460344,0.1046933274770762
0.68,0.44221324903082404,0.45729969103403884,0.10048705993513724
0.7000000000000001,0.4320818274433276,0.47163738016347423,0.09628079239319826
0.72,0.4219504058558312,0.4859750692929096,0.09207452485125928
0.74,0.41181898426833474,0.500312758422345,0.08786825730932031
0.76,0.4016875626808383,0.5146504475517805,0.08366198976738135
0.78,0.3915561410933418,0.5289881366812159,0.07945572222544237
0.8,0.3814247195058454,0.5433258258106513,0.07524945468350339
0.8200000000000001,0.3712932979183489,0.5576635149400867,0.07104318714156442
0.84,0.3611618763308525,0.5720012040695222,0.06683691959962546
0.86,0.35103045474335604,0.5863388931989575,0.06263065205768648
0.88,0.35103045474335604,0.5863388931989575,0.06263065205768648
0.9,0.35103045474335604,0.5863388931989575,0.06263065205768648
0.92,0.35103045474335604,0.5863388931989575,0.06263065205768648
0.9400000000000001,0.35103045474335604,0.5863388931989575,0.06263065205768648
0.96,0.35103045474335604,0.5863388931989575,0.06263065205768648
0.98,0.35103045474335604,0.5863388931989575,0.06263065205768648
1.0,0.35103045474335604,0.5863388931989575,0.06263065205768648
