fraction_of_volc,OH,H2O2,TMI
0.0,0.2677822287943182,0.6663613778852101,0.06585639332047169
0.02,0.2677822287943182,0.6663613778852101,0.06585639332047169
0.04,0.2677822287943182,0.6663613778852101,0.06585639332047169
0.06,0.26144974459491405,0.661080964760276,0.07746929064480995
0.08,0.25511726039550997,0.6558005516353418,0.0890821879691482
0.1,0.24878477619610587,0.6505201385104077,0.10069508529348646
0.12,0.24245229199670176,0.6452397253854735,0.11230798261782471
0.14,0.23611980779729763,0.6399593122605394,0.12392087994216297
0.16,0.22978732359789353,0.6346788991356052,0.13553377726650123
0.18,0.22345483939848942,0.629398486010671,0.14714667459083947
0.2,0.21712235519908532,0.624118072885737,0.15875957191517776
0.22,0.21078987099968122,0.6188376597608027,0.170372469239516
0.24,0.2044573868002771,0.6135572466358686,0.18198536656385425
0.26,0.198124902600873,0.6082768335109344,0.1935982638881925
0.28,0.19179241840146888,0.6029964203860003,0.20521116121253077
0.3,0.1854599342020648,0.5977160072610662,0.21682405853686904
0.32,0.17912745000266067,0.592435594136132,0.22843695586120727
0.34,0.17279496580325657,0.5871551810111979,0.24004985318554553
0.36,0.16646248160385246,0.5818747678862637,0.2516627505098838
0.38,0.16012999740444836,0.5765943547613296,0.2632756478342221
0.4,0.15379751320504426,0.5713139416363955,0.2748885451585603
0.42,0.14746502900564012,0.5660335285114613,0.28650144248289855
0.44,0.14113254480623605,0.5607531153865272,0.2981143398072368
0.46,0.13480006060683192,0.555472702261593,0.3097272371315751
0.48,0.1284675764074278,0.5501922891366589,0.32134013445591336
0.5,0.12213509220802371,0.5449118760117246,0.3329530317802516
0.52,0.1158026080086196,0.5396314628867905,0.34456592910458983
0.54,0.1094701238092155,0.5343510497618564,0.35617882642892806
0.56,0.1031376396098114,0.5290706366369222,0.3677917237532664
0.58,0.0968051554104073,0.5237902235119881,0.37940462107760464
0.6,0.09047267121100316,0.518509810387054,0.3910175184019429
0.62,0.08414018701159906,0.5132293972621198,0.4026304157262811
0.64,0.07780770281219496,0.5079489841371856,0.41424331305061934
0.66,0.07147521861279085,0.5026685710122515,0.4258562103749577
0.68,0.06514273441338675,0.4973881578873174,0.4374691076992959
0.7000000000000001,0.058810250213982646,0.49210774476238317,0.44908200502363416
0.72,0.05247776601457854,0.48682733163744907,0.4606949023479724
0.74,0.04614528181517443,0.4815469185125149,0.4723077996723107
0.76,0.04614528181517443,0.4815469185125149,0.4723077996723107
0.78,0.04614528181517443,0.4815469185125149,0.4723077996723107
0.8,0.04614528181517443,0.4815469185125149,0.4723077996723107
0.8200000000000001,0.04614528181517443,0.4815469185125149,0.4723077996723107
0.84,0.04614528181517443,0.4815469185125149,0.4723077996723107
0.86,0.04614528181517443,0.4815469185125149,0.4723077996723107
0.88,0.04614528181517443,0.4815469185125149,0.4723077996723107
0.9,0.04614528181517443,0.4815469185125149,0.4723077996723107
0.92,0.04614528181517443,0.4815469185125149,0.4723077996723107
0.9400000000000001,0.04614528181517443,0.4815469185125149,0.4723077996723107
0.96,0.04614528181517443,0.4815469185125149,0.4723077996723107
0.98,0.04614528181517443,0.4815469185125149,0.4723077996723107
1.0,0.04614528181517443,0.4815469185125149,0.4723077996723107
