fraction_of_volc,OH,H2O2,TMI
0.0,0.008027481562770378,0.0441265436739114,0.9478459747633181
0.02,0.008027481562770378,0.0441265436739114,0.9478459747633181
0.04,0.008027481562770378,0.0441265436739114,0.9478459747633181
0.06,0.008027481562770378,0.0441265436739114,0.9478459747633181
0.08,0.008027481562770378,0.0441265436739114,0.9478459747633181
0.1,0.008027481562770378,0.0441265436739114,0.9478459747633181
0.12,0.008027481562770378,0.0441265436739114,0.9478459747633181
0.14,0.008027481562770378,0.0441265436739114,0.9478459747633181
0.16,0.008027481562770378,0.0441265436739114,0.9478459747633181
0.18,0.008027481562770378,0.0441265436739114,0.9478459747633181
0.2,0.008027481562770378,0.0441265436739114,0.9478459747633181
0.22,0.008027481562770378,0.0441265436739114,0.9478459747633181
0.24,0.008027481562770378,0.0441265436739114,0.9478459747633181
0.26,0.008027481562770378,0.0441265436739114,0.9478459747633181
0.28,0.008027481562770378,0.0441265436739114,0.9478459747633181
0.3,0.03872942090785453,0.04890574855717538,0.91236483053497
0.32,0.06943136025293868,0.05368495344043936,0.8768836863066218
0.34,0.10013329959802283,0.058464158323703344,0.8414025420782737
0.36,0.130835238943107,0.06324336320696733,0.8059213978499256
0.38,0.16153717828819114,0.0680225680902313,0.7704402536215774
0.4,0.1922391176332753,0.07280177297349529,0.7349591093932293
0.42,0.22294105697835948,0.07758097785675927,0.6994779651648813
0.44,0.2536429963234436,0.08236018274002324,0.663996820936533
0.46,0.28434493566852775,0.08713938762328721,0.628515676708185
0.48,0.3150468750136119,0.0919185925065512,0.5930345324798367
0.5,0.3457488143586961,0.09669779738981518,0.5575533882514887
0.52,0.3764507537037802,0.10147700227307915,0.5220722440231406
0.54,0.40715269304886437,0.10625620715634314,0.4865910997947924
0.56,0.43785463239394856,0.11103541203960712,0.4511099555664443
0.58,0.4685565717390327,0.1158146169228711,0.41562881133809615
0.6,0.49925851108411684,0.12059382180613508,0.380147667109748
0.62,0.5299604504292009,0.12537302668939906,0.3446665228813999
0.64,0.5606623897742851,0.13015223157266304,0.30918537865305173
0.66,0.5606623897742851,0.13015223157266304,0.30918537865305173
0.68,0.5606623897742851,0.13015223157266304,0.30918537865305173
0.7000000000000001,0.5606623897742851,0.13015223157266304,0.30918537865305173
0.72,0.5606623897742851,0.13015223157266304,0.30918537865305173
0.74,0.5606623897742851,0.13015223157266304,0.30918537865305173
0.76,0.5606623897742851,0.13015223157266304,0.30918537865305173
0.78,0.5606623897742851,0.13015223157266304,0.30918537865305173
0.8,0.5606623897742851,0.13015223157266304,0.30918537865305173
0.8200000000000001,0.5606623897742851,0.13015223157266304,0.30918537865305173
0.84,0.5606623897742851,0.13015223157266304,0.30918537865305173
0.86,0.5606623897742851,0.13015223157266304,0.30918537865305173
0.88,0.5606623897742851,0.13015223157266304,0.30918537865305173
0.9,0.5606623897742851,0.13015223157266304,0.30918537865305173
0.92,0.5606623897742851,0.13015223157266304,0.30918537865305173
0.9400000000000001,0.5606623897742851,0.13015223157266304,0.30918537865305173
0.96,0.5606623897742851,0.13015223157266304,0.30918537865305173
0.98,0.5606623897742851,0.13015223157266304,0.30918537865305173
1.0,0.5606623897742851,0.13015223157266304,0.30918537865305173
