fraction_of_volc,OH,H2O2,TMI
0.0,0.06630413810456308,0.2987587562860843,0.6349371056093527
0.02,0.06630413810456308,0.2987587562860843,0.6349371056093527
0.04,0.06630413810456308,0.2987587562860843,0.6349371056093527
0.06,0.06630413810456308,0.2987587562860843,0.6349371056093527
0.08,0.06630413810456308,0.2987587562860843,0.6349371056093527
0.1,0.06630413810456308,0.2987587562860843,0.6349371056093527
0.12,0.06630413810456308,0.2987587562860843,0.6349371056093527
0.14,0.06630413810456308,0.2987587562860843,0.6349371056093527
0.16,0.06630413810456308,0.2987587562860843,0.6349371056093527
0.18,0.06630413810456308,0.2987587562860843,0.6349371056093527
0.2,0.06621118708942773,0.32181375517039434,0.611975057740178
0.22,0.06611823607429239,0.34486875405470435,0.5890130098710032
0.24,0.06602528505915706,0.36792375293901436,0.5660509620018286
0.26,0.06593233404402171,0.3909787518233244,0.5430889141326539
0.28,0.06583938302888637,0.4140337507076345,0.5201268662634791
0.3,0.06574643201375102,0.4370887495919445,0.4971648183943045
0.32,0.06565348099861568,0.4601437484762545,0.47420277052512977
0.34,0.06556052998348035,0.48319874736056456,0.45124072265595505
0.36,0.065467578968345,0.5062537462448746,0.4282786747867804
0.38,0.06537462795320965,0.5293087451291847,0.40531662691760567
0.4,0.06528167693807431,0.5523637440134946,0.38235457904843095
0.42,0.06518872592293898,0.5754187428978047,0.3593925311792563
0.44,0.06509577490780363,0.5984737417821148,0.3364304833100816
0.46,0.06500282389266829,0.6215287406664247,0.31346843544090686
0.48,0.06490987287753294,0.6445837395507348,0.2905063875717322
0.5,0.0648169218623976,0.6676387384350448,0.2675443397025575
0.52,0.06472397084726227,0.6906937373193549,0.24458229183338276
0.54,0.06463101983212692,0.713748736203665,0.2216202439642081
0.56,0.06453806881699158,0.7368037350879749,0.19865819609503338
0.58,0.06453806881699158,0.7368037350879749,0.19865819609503338
0.6,0.06453806881699158,0.7368037350879749,0.19865819609503338
0.62,0.06453806881699158,0.7368037350879749,0.19865819609503338
0.64,0.06453806881699158,0.7368037350879749,0.19865819609503338
0.66,0.06453806881699158,0.7368037350879749,0.19865819609503338
0.68,0.06453806881699158,0.7368037350879749,0.19865819609503338
0.7000000000000001,0.06453806881699158,0.7368037350879749,0.19865819609503338
0.72,0.06453806881699158,0.7368037350879749,0.19865819609503338
0.74,0.06453806881699158,0.7368037350879749,0.19865819609503338
0.76,0.06453806881699158,0.7368037350879749,0.19865819609503338
0.78,0.06453806881699158,0.7368037350879749,0.19865819609503338
0.8,0.06453806881699158,0.7368037350879749,0.19865819609503338
0.8200000000000001,0.06453806881699158,0.7368037350879749,0.19865819609503338
0.84,0.06453806881699158,0.7368037350879749,0.19865819609503338
0.86,0.06453806881699158,0.7368037350879749,0.19865819609503338
0.88,0.06453806881699158,0.7368037350879749,0.19865819609503338
0.9,0.06453806881699158,0.7368037350879749,0.19865819609503338
0.92,0.06453806881699158,0.7368037350879749,0.19865819609503338
0.9400000000000001,0.06453806881699158,0.7368037350879749,0.19865819609503338
0.96,0.06453806881699158,0.7368037350879749,0.19865819609503338
0.98,0.06453806881699158,0.7368037350879749,0.19865819609503338
1.0,0.06453806881699158,0.7368037350879749,0.19865819609503338
