fraction_of_volc,OH,H2O2,TMI
0.0,0.40633251537440496,0.43363946909810197,0.1600280155274931
0.02,0.40633251537440496,0.43363946909810197,0.1600280155274931
0.04,0.40633251537440496,0.43363946909810197,0.1600280155274931
0.06,0.40633251537440496,0.43363946909810197,0.1600280155274931
0.08,0.40633251537440496,0.43363946909810197,0.1600280155274931
0.1,0.40191177050425003,0.4233698443473861,0.17471838514836385
0.12,0.39749102563409516,0.41310021959667026,0.18940875476923463
0.14,0.39307028076394024,0.40283059484595435,0.20409912439010539
0.16,0.38864953589378537,0.3925609700952385,0.21878949401097614
0.18,0.38422879102363044,0.38229134534452264,0.23347986363184692
0.2,0.3798080461534755,0.3720217205938068,0.24817023325271767
0.22,0.37538730128332065,0.3617520958430909,0.2628606028735884
0.24,0.3709665564131657,0.35148247109237507,0.2775509724944592
0.26,0.36654581154301086,0.34121284634165916,0.2922413421153299
0.28,0.36212506667285593,0.3309432215909433,0.3069317117362007
0.3,0.36212506667285593,0.3309432215909433,0.3069317117362007
0.32,0.36212506667285593,0.3309432215909433,0.3069317117362007
0.34,0.36212506667285593,0.3309432215909433,0.3069317117362007
0.36,0.36212506667285593,0.3309432215909433,0.3069317117362007
0.38,0.36212506667285593,0.3309432215909433,0.3069317117362007
0.4,0.36212506667285593,0.3309432215909433,0.3069317117362007
0.42,0.36212506667285593,0.3309432215909433,0.3069317117362007
0.44,0.36212506667285593,0.3309432215909433,0.3069317117362007
0.46,0.36212506667285593,0.3309432215909433,0.3069317117362007
0.48,0.36212506667285593,0.3309432215909433,0.3069317117362007
0.5,0.36212506667285593,0.3309432215909433,0.3069317117362007
0.52,0.36212506667285593,0.3309432215909433,0.3069317117362007
0.54,0.36212506667285593,0.3309432215909433,0.3069317117362007
0.56,0.36212506667285593,0.3309432215909433,0.3069317117362007
0.58,0.36212506667285593,0.3309432215909433,0.3069317117362007
0.6,0.36212506667285593,0.3309432215909433,0.3069317117362007
0.62,0.36212506667285593,0.3309432215909433,0.3069317117362007
0.64,0.36212506667285593,0.3309432215909433,0.3069317117362007
0.66,0.36212506667285593,0.3309432215909433,0.3069317117362007
0.68,0.36212506667285593,0.3309432215909433,0.3069317117362007
0.7000000000000001,0.36212506667285593,0.3309432215909433,0.3069317117362007
0.72,0.36212506667285593,0.3309432215909433,0.3069317117362007
0.74,0.36212506667285593,0.3309432215909433,0.3069317117362007
0.76,0.36212506667285593,0.3309432215909433,0.3069317117362007
0.78,0.36212506667285593,0.3309432215909433,0.3069317117362007
0.8,0.36212506667285593,0.3309432215909433,0.3069317117362007
0.8200000000000001,0.36212506667285593,0.3309432215909433,0.3069317117362007
0.84,0.36212506667285593,0.3309432215909433,0.3069317117362007
0.86,0.36212506667285593,0.3309432215909433,0.3069317117362007
0.88,0.36212506667285593,0.3309432215909433,0.3069317117362007
0.9,0.36212506667285593,0.3309432215909433,0.3069317117362007
0.92,0.36212506667285593,0.3309432215909433,0.3069317117362007
0.9400000000000001,0.36212506667285593,0.3309432215909433,0.3069317117362007
0.96,0.36212506667285593,0.3309432215909433,0.3069317117362007
0.98,0.36212506667285593,0.3309432215909433,0.3069317117362007
1.0,0.36212506667285593,0.3309432215909433,0.3069317117362007
