fraction_of_volc,OH,H2O2,TMI
0.0,0.008077740843418363,0.5548609557634379,0.4370613033931437
0.02,0.008077740843418363,0.5548609557634379,0.4370613033931437
0.04,0.008077740843418363,0.5548609557634379,0.4370613033931437
0.06,0.008077740843418363,0.5548609557634379,0.4370613033931437
0.08,0.008077740843418363,0.5548609557634379,0.4370613033931437
0.1,0.008077740843418363,0.5548609557634379,0.4370613033931437
0.12,0.008077740843418363,0.5548609557634379,0.4370613033931437
0.14,0.008077740843418363,0.5548609557634379,0.4370613033931437
0.16,0.008077740843418363,0.5548609557634379,0.4370613033931437
0.18,0.008077740843418363,0.5548609557634379,0.4370613033931437
0.2,0.008077740843418363,0.5548609557634379,0.4370613033931437
0.22,0.008077740843418363,0.5548609557634379,0.4370613033931437
0.24,0.008077740843418363,0.5548609557634379,0.4370613033931437
0.26,0.008077740843418363,0.5548609557634379,0.4370613033931437
0.28,0.008077740843418363,0.5548609557634379,0.4370613033931437
0.3,0.008077740843418363,0.5548609557634379,0.4370613033931437
0.32,0.008077740843418363,0.5548609557634379,0.4370613033931437
0.34,0.008077740843418363,0.5548609557634379,0.4370613033931437
0.36,0.008077740843418363,0.5548609557634379,0.4370613033931437
0.38,0.008077740843418363,0.5548609557634379,0.4370613033931437
0.4,0.008077740843418363,0.5548609557634379,0.4370613033931437
0.42,0.008077740843418363,0.5548609557634379,0.4370613033931437
0.44,0.008077740843418363,0.5548609557634379,0.4370613033931437
0.46,0.008077740843418363,0.5548609557634379,0.4370613033931437
0.48,0.015123402818228457,0.585668057323197,0.3992085398585744
0.5,0.02216906479303855,0.6164751588829563,0.36135577632400506
0.52,0.029214726767848642,0.6472822604427155,0.3235030127894358
0.54,0.03626038874265874,0.6780893620024748,0.2856502492548665
0.56,0.04330605071746883,0.708896463562234,0.2477974857202972
0.58,0.05035171269227892,0.7397035651219932,0.20994472218572788
0.6,0.05739737466708902,0.7705106666817525,0.17209195865115856
0.62,0.06444303664189911,0.8013177682415117,0.1342391951165893
0.64,0.06444303664189911,0.8013177682415117,0.1342391951165893
0.66,0.06444303664189911,0.8013177682415117,0.1342391951165893
0.68,0.06444303664189911,0.8013177682415117,0.1342391951165893
0.7000000000000001,0.06444303664189911,0.8013177682415117,0.1342391951165893
0.72,0.06444303664189911,0.8013177682415117,0.1342391951165893
0.74,0.06444303664189911,0.8013177682415117,0.1342391951165893
0.76,0.06444303664189911,0.8013177682415117,0.1342391951165893
0.78,0.06444303664189911,0.8013177682415117,0.1342391951165893
0.8,0.06444303664189911,0.8013177682415117,0.1342391951165893
0.8200000000000001,0.06444303664189911,0.8013177682415117,0.1342391951165893
0.84,0.06444303664189911,0.8013177682415117,0.1342391951165893
0.86,0.06444303664189911,0.8013177682415117,0.1342391951165893
0.88,0.06444303664189911,0.8013177682415117,0.1342391951165893
0.9,0.06444303664189911,0.8013177682415117,0.1342391951165893
0.92,0.06444303664189911,0.8013177682415117,0.1342391951165893
0.9400000000000001,0.06444303664189911,0.8013177682415117,0.1342391951165893
0.96,0.06444303664189911,0.8013177682415117,0.1342391951165893
0.98,0.06444303664189911,0.8013177682415117,0.1342391951165893
1.0,0.06444303664189911,0.8013177682415117,0.1342391951165893
