fraction_of_volc,OH,H2O2,TMI
0.0,0.3114936004696701,0.34516171116046407,0.343344688369866
0.02,0.3114936004696701,0.34516171116046407,0.343344688369866
0.04,0.3114936004696701,0.34516171116046407,0.343344688369866
0.06,0.3114936004696701,0.34516171116046407,0.343344688369866
0.08,0.3114936004696701,0.34516171116046407,0.343344688369866
0.1,0.3114936004696701,0.34516171116046407,0.343344688369866
0.12,0.3114936004696701,0.34516171116046407,0.343344688369866
0.14,0.3114936004696701,0.34516171116046407,0.343344688369866
0.16,0.3126207026666521,0.3432562887043981,0.34412300862895
0.18,0.313747804863634,0.3413508662483321,0.344901328888034
0.2,0.314874907060616,0.33944544379226615,0.345679649147118
0.22,0.31600200925759797,0.3375400213362002,0.346457969406202
0.24,0.3171291114545799,0.3356345988801342,0.347236289665286
0.26,0.31825621365156187,0.33372917642406824,0.34801460992437006
0.28,0.3193833158485438,0.3318237539680023,0.34879293018345403
0.3,0.32051041804552577,0.3299183315119363,0.34957125044253806
0.32,0.32163752024250775,0.3280129090558703,0.35034957070162204
0.34,0.32276462243948967,0.3261074865998044,0.35112789096070607
0.36,0.32389172463647165,0.3242020641437384,0.3519062112197901
0.38,0.3250188268334536,0.3222966416876724,0.3526845314788741
0.4,0.32614592903043554,0.32039121923160646,0.3534628517379581
0.42,0.3272730312274175,0.3184857967755405,0.3542411719970421
0.44,0.32840013342439944,0.3165803743194745,0.3550194922561261
0.46,0.3295272356213814,0.31467495186340855,0.35579781251521014
0.48,0.3306543378183634,0.3127695294073426,0.3565761327742941
0.5,0.3317814400153453,0.3108641069512766,0.35735445303337815
0.52,0.3329085422123273,0.30895868449521063,0.3581327732924621
0.54,0.3340356444093093,0.3070532620391447,0.35891109355154616
0.56,0.3351627466062912,0.3051478395830787,0.3596894138106302
0.58,0.3362898488032732,0.3032424171270127,0.36046773406971416
0.6,0.3374169510002551,0.30133699467094677,0.3612460543287982
0.62,0.33854405319723707,0.2994315722148808,0.36202437458788217
0.64,0.33967115539421905,0.2975261497588148,0.3628026948469662
0.66,0.34079825759120097,0.29562072730274885,0.36358101510605023
0.68,0.34192535978818295,0.29371530484668285,0.3643593353651342
0.7000000000000001,0.3430524619851649,0.2918098823906169,0.36513765562421824
0.72,0.34417956418214685,0.28990445993455094,0.3659159758833022
0.74,0.3453066663791288,0.287999037478485,0.36669429614238624
0.76,0.34643376857611075,0.286093615022419,0.3674726164014703
0.78,0.3475608707730927,0.284188192566353,0.36825093666055425
0.8,0.3486879729700747,0.2822827701102871,0.3690292569196383
0.8200000000000001,0.3498150751670566,0.28037734765422107,0.36980757717872226
0.84,0.3509421773640386,0.2784719251981551,0.3705858974378063
0.86,0.3509421773640386,0.2784719251981551,0.3705858974378063
0.88,0.3509421773640386,0.2784719251981551,0.3705858974378063
0.9,0.3509421773640386,0.2784719251981551,0.3705858974378063
0.92,0.3509421773640386,0.2784719251981551,0.3705858974378063
0.9400000000000001,0.3509421773640386,0.2784719251981551,0.3705858974378063
0.96,0.3509421773640386,0.2784719251981551,0.3705858974378063
0.98,0.3509421773640386,0.2784719251981551,0.3705858974378063
1.0,0.3509421773640386,0.2784719251981551,0.3705858974378063
