fraction_of_volc,OH,H2O2,TMI
0.0,0.722915150364378,0.0633996016110493,0.21368524802457264
0.02,0.722915150364378,0.0633996016110493,0.21368524802457264
0.04,0.722915150364378,0.0633996016110493,0.21368524802457264
0.06,0.722915150364378,0.0633996016110493,0.21368524802457264
0.08,0.722915150364378,0.0633996016110493,0.21368524802457264
0.1,0.722915150364378,0.0633996016110493,0.21368524802457264
0.12,0.722915150364378,0.0633996016110493,0.21368524802457264
0.14,0.722915150364378,0.0633996016110493,0.21368524802457264
0.16,0.722915150364378,0.0633996016110493,0.21368524802457264
0.18,0.6926405083001016,0.09367654937661272,0.21368294232328564
0.2,0.6623658662358252,0.12395349714217616,0.21368063662199863
0.22,0.6320912241715487,0.15423044490773957,0.21367833092071162
0.24,0.6018165821072723,0.18450739267330302,0.21367602521942464
0.26,0.5715419400429959,0.21478434043886646,0.21367371951813763
0.28,0.5412672979787194,0.24506128820442988,0.21367141381685062
0.3,0.510992655914443,0.2753382359699933,0.2136691081155636
0.32,0.48071801385016655,0.30561518373555674,0.2136668024142766
0.34,0.45044337178589017,0.3358921315011202,0.2136644967129896
0.36,0.42016872972161373,0.36616907926668363,0.21366219101170258
0.38,0.3898940876573373,0.396446027032247,0.21365988531041558
0.4,0.35961944559306086,0.42672297479781046,0.21365757960912857
0.42,0.3293448035287844,0.4569999225633739,0.2136552739078416
0.44,0.299070161464508,0.4872768703289373,0.21365296820655458
0.46,0.26879551940023155,0.5175538180945007,0.21365066250526757
0.48,0.23852087733595512,0.5478307658600642,0.21364835680398056
0.5,0.23852087733595512,0.5478307658600642,0.21364835680398056
0.52,0.23852087733595512,0.5478307658600642,0.21364835680398056
0.54,0.23852087733595512,0.5478307658600642,0.21364835680398056
0.56,0.23852087733595512,0.5478307658600642,0.21364835680398056
0.58,0.23852087733595512,0.5478307658600642,0.21364835680398056
0.6,0.23852087733595512,0.5478307658600642,0.21364835680398056
0.62,0.23852087733595512,0.5478307658600642,0.21364835680398056
0.64,0.23852087733595512,0.5478307658600642,0.21364835680398056
0.66,0.23852087733595512,0.5478307658600642,0.21364835680398056
0.68,0.23852087733595512,0.5478307658600642,0.21364835680398056
0.7000000000000001,0.23852087733595512,0.5478307658600642,0.21364835680398056
0.72,0.23852087733595512,0.5478307658600642,0.21364835680398056
0.74,0.23852087733595512,0.5478307658600642,0.21364835680398056
0.76,0.23852087733595512,0.5478307658600642,0.21364835680398056
0.78,0.23852087733595512,0.5478307658600642,0.21364835680398056
0.8,0.23852087733595512,0.5478307658600642,0.21364835680398056
0.8200000000000001,0.23852087733595512,0.5478307658600642,0.21364835680398056
0.84,0.23852087733595512,0.5478307658600642,0.21364835680398056
0.86,0.23852087733595512,0.5478307658600642,0.21364835680398056
0.88,0.23852087733595512,0.5478307658600642,0.21364835680398056
0.9,0.23852087733595512,0.5478307658600642,0.21364835680398056
0.92,0.23852087733595512,0.5478307658600642,0.21364835680398056
0.9400000000000001,0.23852087733595512,0.5478307658600642,0.21364835680398056
0.96,0.23852087733595512,0.5478307658600642,0.21364835680398056
0.98,0.23852087733595512,0.5478307658600642,0.21364835680398056
1.0,0.23852087733595512,0.5478307658600642,0.21364835680398056
