fraction_of_volc,OH,H2O2,TMI
0.0,0.42837023381359557,0.23217623598708803,0.3394535301993165
0.02,0.42837023381359557,0.23217623598708803,0.3394535301993165
0.04,0.42837023381359557,0.23217623598708803,0.3394535301993165
0.06,0.42837023381359557,0.23217623598708803,0.3394535301993165
0.08,0.42837023381359557,0.23217623598708803,0.3394535301993165
0.1,0.42837023381359557,0.23217623598708803,0.3394535301993165
0.12,0.42837023381359557,0.23217623598708803,0.3394535301993165
0.14,0.42837023381359557,0.23217623598708803,0.3394535301993165
0.16,0.42837023381359557,0.23217623598708803,0.3394535301993165
0.18,0.42837023381359557,0.23217623598708803,0.3394535301993165
0.2,0.42837023381359557,0.23217623598708803,0.3394535301993165
0.22,0.42837023381359557,0.23217623598708803,0.3394535301993165
0.24,0.42837023381359557,0.23217623598708803,0.3394535301993165
0.26,0.42837023381359557,0.23217623598708803,0.3394535301993165
0.28,0.42837023381359557,0.23217623598708803,0.3394535301993165
0.3,0.42837023381359557,0.23217623598708803,0.3394535301993165
0.32,0.42837023381359557,0.23217623598708803,0.3394535301993165
0.34,0.42837023381359557,0.23217623598708803,0.3394535301993165
0.36,0.42837023381359557,0.23217623598708803,0.3394535301993165
0.38,0.42837023381359557,0.23217623598708803,0.3394535301993165
0.4,0.42837023381359557,0.23217623598708803,0.3394535301993165
0.42,0.42837023381359557,0.23217623598708803,0.3394535301993165
0.44,0.42837023381359557,0.23217623598708803,0.3394535301993165
0.46,0.42837023381359557,0.23217623598708803,0.3394535301993165
0.48,0.42837023381359557,0.23217623598708803,0.3394535301993165
0.5,0.4263302898979017,0.24837879162170917,0.3252909184803892
0.52,0.42429034598220783,0.2645813472563303,0.3111283067614619
0.54,0.422250402066514,0.2807839028909515,0.2969656950425346
0.56,0.4202104581508201,0.29698645852557265,0.2828030833236074
0.58,0.41817051423512624,0.3131890141601938,0.2686404716046801
0.6,0.41613057031943235,0.329391569794815,0.2544778598857528
0.62,0.4140906264037385,0.3455941254294361,0.24031524816682548
0.64,0.41205068248804466,0.36179668106405727,0.22615263644789818
0.66,0.41001073857235076,0.3779992366986784,0.21199002472897088
0.68,0.4079707946566569,0.39420179233329955,0.19782741301004358
0.7000000000000001,0.405930850740963,0.41040434796792075,0.18366480129111631
0.72,0.4038909068252692,0.4266069036025419,0.16950218957218902
0.74,0.4018509629095753,0.44280945923716303,0.15533957785326172
0.76,0.39981101899388144,0.4590120148717842,0.14117696613433445
0.78,0.39777107507818754,0.47521457050640536,0.12701435441540715
0.8,0.3957311311624937,0.4914171261410265,0.11285174269647985
0.8200000000000001,0.3957311311624937,0.4914171261410265,0.11285174269647985
0.84,0.3957311311624937,0.4914171261410265,0.11285174269647985
0.86,0.3957311311624937,0.4914171261410265,0.11285174269647985
0.88,0.3957311311624937,0.4914171261410265,0.11285174269647985
0.9,0.3957311311624937,0.4914171261410265,0.11285174269647985
0.92,0.3957311311624937,0.4914171261410265,0.11285174269647985
0.9400000000000001,0.3957311311624937,0.4914171261410265,0.11285174269647985
0.96,0.3957311311624937,0.4914171261410265,0.11285174269647985
0.98,0.3957311311624937,0.4914171261410265,0.11285174269647985
1.0,0.3957311311624937,0.4914171261410265,0.11285174269647985
