fraction_of_volc,OH,H2O2,TMI
0.0,0.009985284502271406,0.8713374767756864,0.11867723872204228
0.02,0.009985284502271406,0.8713374767756864,0.11867723872204228
0.04,0.009985284502271406,0.8713374767756864,0.11867723872204228
0.06,0.009985284502271406,0.8713374767756864,0.11867723872204228
0.08,0.009985284502271406,0.8713374767756864,0.11867723872204228
0.1,0.009985284502271406,0.8713374767756864,0.11867723872204228
0.12,0.009985284502271406,0.8713374767756864,0.11867723872204228
0.14,0.009985284502271406,0.8713374767756864,0.11867723872204228
0.16,0.009985284502271406,0.8713374767756864,0.11867723872204228
0.18,0.009985284502271406,0.8713374767756864,0.11867723872204228
0.2,0.009985284502271406,0.8713374767756864,0.11867723872204228
0.22,0.009985284502271406,0.8713374767756864,0.11867723872204228
0.24,0.009985284502271406,0.8713374767756864,0.11867723872204228
0.26,0.009985284502271406,0.8713374767756864,0.11867723872204228
0.28,0.009985284502271406,0.8713374767756864,0.11867723872204228
0.3,0.009985284502271406,0.8713374767756864,0.11867723872204228
0.32,0.009985284502271406,0.8713374767756864,0.11867723872204228
0.34,0.009985284502271406,0.8713374767756864,0.11867723872204228
0.36,0.009985284502271406,0.8713374767756864,0.11867723872204228
0.38,0.009985284502271406,0.8713374767756864,0.11867723872204228
0.4,0.009985284502271406,0.8713374767756864,0.11867723872204228
0.42,0.009985284502271406,0.8713374767756864,0.11867723872204228
0.44,0.009985284502271406,0.8713374767756864,0.11867723872204228
0.46,0.009985284502271406,0.8713374767756864,0.11867723872204228
0.48,0.009985284502271406,0.8713374767756864,0.11867723872204228
0.5,0.009985284502271406,0.8713374767756864,0.11867723872204228
0.52,0.009985284502271406,0.8713374767756864,0.11867723872204228
0.54,0.009985284502271406,0.8713374767756864,0.11867723872204228
0.56,0.029436992675139884,0.8479577159574787,0.12260529136738148
0.58,0.048888700848008365,0.824577955139271,0.12653334401272068
0.6,0.06834040902087683,0.8011981943210633,0.1304613966580599
0.62,0.08779211719374531,0.7778184335028556,0.1343894493033991
0.64,0.1072438253666138,0.7544386726846479,0.13831750194873832
0.66,0.12669553353948226,0.7310589118664402,0.1422455545940775
0.68,0.14614724171235075,0.7076791510482325,0.14617360723941672
0.7000000000000001,0.16559894988521923,0.6842993902300248,0.15010165988475593
0.72,0.1850506580580877,0.6609196294118171,0.15402971253009512
0.74,0.2045023662309562,0.6375398685936094,0.15795776517543433
0.76,0.22395407440382467,0.6141601077754018,0.16188581782077355
0.78,0.24340578257669312,0.5907803469571941,0.16581387046611273
0.8,0.26285749074956166,0.5674005861389864,0.16974192311145195
0.8200000000000001,0.2823091989224301,0.5440208253207787,0.17366997575679116
0.84,0.2823091989224301,0.5440208253207787,0.17366997575679116
0.86,0.2823091989224301,0.5440208253207787,0.17366997575679116
0.88,0.2823091989224301,0.5440208253207787,0.17366997575679116
0.9,0.2823091989224301,0.5440208253207787,0.17366997575679116
0.92,0.2823091989224301,0.5440208253207787,0.17366997575679116
0.9400000000000001,0.2823091989224301,0.5440208253207787,0.17366997575679116
0.96,0.2823091989224301,0.5440208253207787,0.17366997575679116
0.98,0.2823091989224301,0.5440208253207787,0.17366997575679116
1.0,0.2823091989224301,0.5440208253207787,0.17366997575679116
