fraction_of_volc,OH,H2O2,TMI
0.0,0.006145453289463815,0.39170089601842084,0.6021536506921155
0.02,0.006145453289463815,0.39170089601842084,0.6021536506921155
0.04,0.007919330249769272,0.39846801282532235,0.5936126569249085
0.06,0.009693207210074727,0.40523512963222386,0.5850716631577015
0.08,0.011467084170380183,0.41200224643912536,0.5765306693904946
0.1,0.013240961130685638,0.41876936324602687,0.5679896756232876
0.12,0.015014838090991096,0.4255364800529284,0.5594486818560805
0.14,0.01678871505129655,0.4323035968598299,0.5509076880888736
0.16,0.018562592011602007,0.43907071366673145,0.5423666943216666
0.18,0.02033646897190746,0.44583783047363296,0.5338257005544597
0.2,0.022110345932212918,0.45260494728053446,0.5252847067872527
0.22,0.023884222892518375,0.45937206408743597,0.5167437130200457
0.24,0.02565809985282383,0.4661391808943375,0.5082027192528388
0.26,0.027431976813129286,0.472906297701239,0.49966172548563176
0.28,0.02920585377343474,0.4796734145081405,0.4911207317184248
0.3,0.030979730733740198,0.486440531315042,0.4825797379512178
0.32,0.03275360769404565,0.4932076481219435,0.4740387441840108
0.34,0.034527484654351105,0.499974764928845,0.46549775041680386
0.36,0.036301361614656566,0.5067418817357465,0.4569567566495969
0.38,0.03807523857496202,0.5135089985426481,0.44841576288238993
0.4,0.039849115535267474,0.5202761153495495,0.4398747691151829
0.42,0.041622992495572934,0.5270432321564511,0.43133377534797596
0.44,0.04339686945587839,0.5338103489633526,0.422792781580769
0.46,0.04517074641618384,0.5405774657702541,0.414251787813562
0.48,0.046944623376489296,0.5473445825771557,0.405710794046355
0.5,0.04871850033679476,0.5541116993840571,0.39716980027914806
0.52,0.04871850033679476,0.5541116993840571,0.39716980027914806
0.54,0.04871850033679476,0.5541116993840571,0.39716980027914806
0.56,0.04871850033679476,0.5541116993840571,0.39716980027914806
0.58,0.04871850033679476,0.5541116993840571,0.39716980027914806
0.6,0.04871850033679476,0.5541116993840571,0.39716980027914806
0.62,0.04871850033679476,0.5541116993840571,0.39716980027914806
0.64,0.04871850033679476,0.5541116993840571,0.39716980027914806
0.66,0.04871850033679476,0.5541116993840571,0.39716980027914806
0.68,0.04871850033679476,0.5541116993840571,0.39716980027914806
0.7000000000000001,0.04871850033679476,0.5541116993840571,0.39716980027914806
0.72,0.04871850033679476,0.5541116993840571,0.39716980027914806
0.74,0.04871850033679476,0.5541116993840571,0.39716980027914806
0.76,0.04871850033679476,0.5541116993840571,0.39716980027914806
0.78,0.04871850033679476,0.5541116993840571,0.39716980027914806
0.8,0.04871850033679476,0.5541116993840571,0.39716980027914806
0.8200000000000001,0.04871850033679476,0.5541116993840571,0.39716980027914806
0.84,0.04871850033679476,0.5541116993840571,0.39716980027914806
0.86,0.04871850033679476,0.5541116993840571,0.39716980027914806
0.88,0.04871850033679476,0.5541116993840571,0.39716980027914806
0.9,0.04871850033679476,0.5541116993840571,0.39716980027914806
0.92,0.04871850033679476,0.5541116993840571,0.39716980027914806
0.9400000000000001,0.04871850033679476,0.5541116993840571,0.39716980027914806
0.96,0.04871850033679476,0.5541116993840571,0.39716980027914806
0.98,0.04871850033679476,0.5541116993840571,0.39716980027914806
1.0,0.04871850033679476,0.5541116993840571,0.39716980027914806
