fraction_of_volc,OH,H2O2,TMI
0.0,0.11240286199870773,0.42619651367554273,0.46140062432574946
0.02,0.11240286199870773,0.42619651367554273,0.46140062432574946
0.04,0.11240286199870773,0.42619651367554273,0.46140062432574946
0.06,0.11240286199870773,0.42619651367554273,0.46140062432574946
0.08,0.11240286199870773,0.42619651367554273,0.46140062432574946
0.1,0.11240286199870773,0.42619651367554273,0.46140062432574946
0.12,0.11240286199870773,0.42619651367554273,0.46140062432574946
0.14,0.11240286199870773,0.42619651367554273,0.46140062432574946
0.16,0.11240286199870773,0.42619651367554273,0.46140062432574946
0.18,0.11240286199870773,0.42619651367554273,0.46140062432574946
0.2,0.11240286199870773,0.42619651367554273,0.46140062432574946
0.22,0.11240286199870773,0.42619651367554273,0.46140062432574946
0.24,0.11240286199870773,0.42619651367554273,0.46140062432574946
0.26,0.11240286199870773,0.42619651367554273,0.46140062432574946
0.28,0.11240286199870773,0.42619651367554273,0.46140062432574946
0.3,0.11240286199870773,0.42619651367554273,0.46140062432574946
0.32,0.11240286199870773,0.42619651367554273,0.46140062432574946
0.34,0.11240286199870773,0.42619651367554273,0.46140062432574946
0.36,0.11240286199870773,0.42619651367554273,0.46140062432574946
0.38,0.11240286199870773,0.42619651367554273,0.46140062432574946
0.4,0.11240286199870773,0.42619651367554273,0.46140062432574946
0.42,0.11240286199870773,0.42619651367554273,0.46140062432574946
0.44,0.11240286199870773,0.42619651367554273,0.46140062432574946
0.46,0.11240286199870773,0.42619651367554273,0.46140062432574946
0.48,0.11240286199870773,0.42619651367554273,0.46140062432574946
0.5,0.11240286199870773,0.42619651367554273,0.46140062432574946
0.52,0.11240286199870773,0.42619651367554273,0.46140062432574946
0.54,0.11240286199870773,0.42619651367554273,0.46140062432574946
0.56,0.11240286199870773,0.42619651367554273,0.46140062432574946
0.58,0.11240286199870773,0.42619651367554273,0.46140062432574946
0.6,0.11240286199870773,0.42619651367554273,0.46140062432574946
0.62,0.11240286199870773,0.42619651367554273,0.46140062432574946
0.64,0.11240286199870773,0.42619651367554273,0.46140062432574946
0.66,0.11240286199870773,0.42619651367554273,0.46140062432574946
0.68,0.11240286199870773,0.42619651367554273,0.46140062432574946
0.7000000000000001,0.11240286199870773,0.42619651367554273,0.46140062432574946
0.72,0.11240286199870773,0.42619651367554273,0.46140062432574946
0.74,0.11240286199870773,0.42619651367554273,0.46140062432574946
0.76,0.11149617874622365,0.4191019118833077,0.4694019093704686
0.78,0.11058949549373956,0.4120073100910727,0.4774031944151877
0.8,0.10968281224125548,0.4049127082988377,0.48540447945990683
0.8200000000000001,0.1087761289887714,0.39781810650660265,0.4934057645046259
0.84,0.1078694457362873,0.3907235047143677,0.501407049549345
0.86,0.10696276248380322,0.38362890292213264,0.5094083345940642
0.88,0.10605607923131913,0.3765343011298976,0.5174096196387833
0.9,0.10514939597883505,0.36943969933766263,0.5254109046835024
0.92,0.10424271272635097,0.3623450975454276,0.5334121897282215
0.9400000000000001,0.10333602947386687,0.35525049575319256,0.5414134747729407
0.96,0.10242934622138279,0.3481558939609576,0.5494147598176597
0.98,0.10242934622138279,0.3481558939609576,0.5494147598176597
1.0,0.10242934622138279,0.3481558939609576,0.5494147598176597
