fraction_of_volc,OH,H2O2,TMI
0.0,0.17730288827919535,0.44099101713652206,0.3817060945842826
0.02,0.17730288827919535,0.44099101713652206,0.3817060945842826
0.04,0.17730288827919535,0.44099101713652206,0.3817060945842826
0.06,0.17730288827919535,0.44099101713652206,0.3817060945842826
0.08,0.17730288827919535,0.44099101713652206,0.3817060945842826
0.1,0.17730288827919535,0.44099101713652206,0.3817060945842826
0.12,0.17730288827919535,0.44099101713652206,0.3817060945842826
0.14,0.17730288827919535,0.44099101713652206,0.3817060945842826
0.16,0.17730288827919535,0.44099101713652206,0.3817060945842826
0.18,0.17730288827919535,0.44099101713652206,0.3817060945842826
0.2,0.17730288827919535,0.44099101713652206,0.3817060945842826
0.22,0.17730288827919535,0.44099101713652206,0.3817060945842826
0.24,0.17730288827919535,0.44099101713652206,0.3817060945842826
0.26,0.17730288827919535,0.44099101713652206,0.3817060945842826
0.28,0.17730288827919535,0.44099101713652206,0.3817060945842826
0.3,0.17730288827919535,0.44099101713652206,0.3817060945842826
0.32,0.17730288827919535,0.44099101713652206,0.3817060945842826
0.34,0.17730288827919535,0.44099101713652206,0.3817060945842826
0.36,0.17730288827919535,0.44099101713652206,0.3817060945842826
0.38,0.17730288827919535,0.44099101713652206,0.3817060945842826
0.4,0.17730288827919535,0.44099101713652206,0.3817060945842826
0.42,0.17730288827919535,0.44099101713652206,0.3817060945842826
0.44,0.17730288827919535,0.44099101713652206,0.3817060945842826
0.46,0.17730288827919535,0.44099101713652206,0.3817060945842826
0.48,0.17730288827919535,0.44099101713652206,0.3817060945842826
0.5,0.17730288827919535,0.44099101713652206,0.3817060945842826
0.52,0.17730288827919535,0.44099101713652206,0.3817060945842826
0.54,0.17730288827919535,0.44099101713652206,0.3817060945842826
0.56,0.17730288827919535,0.44099101713652206,0.3817060945842826
0.58,0.17730288827919535,0.44099101713652206,0.3817060945842826
0.6,0.17730288827919535,0.44099101713652206,0.3817060945842826
0.62,0.17730288827919535,0.44099101713652206,0.3817060945842826
0.64,0.17730288827919535,0.44099101713652206,0.3817060945842826
0.66,0.17730288827919535,0.44099101713652206,0.3817060945842826
0.68,0.17558055824143182,0.4080203206400248,0.4163991211185434
0.7000000000000001,0.1738582282036683,0.3750496241435275,0.4510921476528042
0.72,0.17213589816590477,0.3420789276470302,0.485785174187065
0.74,0.17041356812814124,0.30910823115053293,0.5204782007213258
0.76,0.16869123809037773,0.2761375346540357,0.5551712272555865
0.78,0.1669689080526142,0.24316683815753837,0.5898642537898473
0.8,0.16524657801485068,0.21019614166104109,0.6245572803241082
0.8200000000000001,0.16352424797708714,0.17722544516454383,0.6592503068583689
0.84,0.16352424797708714,0.17722544516454383,0.6592503068583689
0.86,0.16352424797708714,0.17722544516454383,0.6592503068583689
0.88,0.16352424797708714,0.17722544516454383,0.6592503068583689
0.9,0.16352424797708714,0.17722544516454383,0.6592503068583689
0.92,0.16352424797708714,0.17722544516454383,0.6592503068583689
0.9400000000000001,0.16352424797708714,0.17722544516454383,0.6592503068583689
0.96,0.16352424797708714,0.17722544516454383,0.6592503068583689
0.98,0.16352424797708714,0.17722544516454383,0.6592503068583689
1.0,0.16352424797708714,0.17722544516454383,0.6592503068583689
