fraction_of_volc,OH,H2O2,TMI
0.0,0.519270996505,0.40579821876828426,0.0749307847267157
0.02,0.519270996505,0.40579821876828426,0.0749307847267157
0.04,0.519270996505,0.40579821876828426,0.0749307847267157
0.06,0.519270996505,0.40579821876828426,0.0749307847267157
0.08,0.519270996505,0.40579821876828426,0.0749307847267157
0.1,0.519270996505,0.40579821876828426,0.0749307847267157
0.12,0.519270996505,0.40579821876828426,0.0749307847267157
0.14,0.519270996505,0.40579821876828426,0.0749307847267157
0.16,0.519270996505,0.40579821876828426,0.0749307847267157
0.18,0.519270996505,0.40579821876828426,0.0749307847267157
0.2,0.519270996505,0.40579821876828426,0.0749307847267157
0.22,0.519270996505,0.40579821876828426,0.0749307847267157
0.24,0.519270996505,0.40579821876828426,0.0749307847267157
0.26,0.519270996505,0.40579821876828426,0.0749307847267157
0.28,0.5274202286147269,0.3636219793636361,0.1089577920216369
0.3,0.5355694607244539,0.32144573995898795,0.1429847993165581
0.32,0.5437186928341808,0.27926950055433974,0.1770118066114793
0.34,0.5518679249439079,0.23709326114969162,0.2110388139064005
0.36,0.5600171570536349,0.19491702174504347,0.2450658212013217
0.38,0.5681663891633618,0.1527407823403953,0.2790928284962429
0.4,0.5763156212730888,0.11056454293574716,0.3131198357911641
0.42,0.5763156212730888,0.11056454293574716,0.3131198357911641
0.44,0.5763156212730888,0.11056454293574716,0.3131198357911641
0.46,0.5763156212730888,0.11056454293574716,0.3131198357911641
0.48,0.5763156212730888,0.11056454293574716,0.3131198357911641
0.5,0.5763156212730888,0.11056454293574716,0.3131198357911641
0.52,0.5763156212730888,0.11056454293574716,0.3131198357911641
0.54,0.5763156212730888,0.11056454293574716,0.3131198357911641
0.56,0.5763156212730888,0.11056454293574716,0.3131198357911641
0.58,0.5763156212730888,0.11056454293574716,0.3131198357911641
0.6,0.5763156212730888,0.11056454293574716,0.3131198357911641
0.62,0.5763156212730888,0.11056454293574716,0.3131198357911641
0.64,0.5763156212730888,0.11056454293574716,0.3131198357911641
0.66,0.5763156212730888,0.11056454293574716,0.3131198357911641
0.68,0.5763156212730888,0.11056454293574716,0.3131198357911641
0.7000000000000001,0.5763156212730888,0.11056454293574716,0.3131198357911641
0.72,0.5763156212730888,0.11056454293574716,0.3131198357911641
0.74,0.5763156212730888,0.11056454293574716,0.3131198357911641
0.76,0.5763156212730888,0.11056454293574716,0.3131198357911641
0.78,0.5763156212730888,0.11056454293574716,0.3131198357911641
0.8,0.5763156212730888,0.11056454293574716,0.3131198357911641
0.8200000000000001,0.5763156212730888,0.11056454293574716,0.3131198357911641
0.84,0.5763156212730888,0.11056454293574716,0.3131198357911641
0.86,0.5763156212730888,0.11056454293574716,0.3131198357911641
0.88,0.5763156212730888,0.11056454293574716,0.3131198357911641
0.9,0.5763156212730888,0.11056454293574716,0.3131198357911641
0.92,0.5763156212730888,0.11056454293574716,0.3131198357911641
0.9400000000000001,0.5763156212730888,0.11056454293574716,0.3131198357911641
0.96,0.5763156212730888,0.11056454293574716,0.3131198357911641
0.98,0.5763156212730888,0.11056454293574716,0.3131198357911641
1.0,0.5763156212730888,0.11056454293574716,0.3131198357911641
