fraction_of_volc,OH,H2O2,TMI
0.0,0.07842695579864423,0.4515565772250883,0.47001646697626737
0.02,0.07842695579864423,0.4515565772250883,0.47001646697626737
0.04,0.07842695579864423,0.4515565772250883,0.47001646697626737
0.06,0.07842695579864423,0.4515565772250883,0.47001646697626737
0.08,0.07842695579864423,0.4515565772250883,0.47001646697626737
0.1,0.07842695579864423,0.4515565772250883,0.47001646697626737
0.12,0.07842695579864423,0.4515565772250883,0.47001646697626737
0.14,0.07842695579864423,0.4515565772250883,0.47001646697626737
0.16,0.07842695579864423,0.4515565772250883,0.47001646697626737
0.18,0.07842695579864423,0.4515565772250883,0.47001646697626737
0.2,0.07842695579864423,0.4515565772250883,0.47001646697626737
0.22,0.07842695579864423,0.4515565772250883,0.47001646697626737
0.24,0.07842695579864423,0.4515565772250883,0.47001646697626737
0.26,0.07842695579864423,0.4515565772250883,0.47001646697626737
0.28,0.07842695579864423,0.4515565772250883,0.47001646697626737
0.3,0.07842695579864423,0.4515565772250883,0.47001646697626737
0.32,0.07842695579864423,0.4515565772250883,0.47001646697626737
0.34,0.07842695579864423,0.4515565772250883,0.47001646697626737
0.36,0.07842695579864423,0.4515565772250883,0.47001646697626737
0.38,0.07842695579864423,0.4515565772250883,0.47001646697626737
0.4,0.07842695579864423,0.4515565772250883,0.47001646697626737
0.42,0.0786217354938982,0.4446861551664243,0.47669210933967743
0.44,0.07881651518915217,0.4378157331077603,0.48336775170308743
0.46,0.07901129488440614,0.4309453110490963,0.4900433940664975
0.48,0.07920607457966011,0.4240748889904323,0.49671903642990756
0.5,0.07940085427491407,0.41720446693176827,0.5033946787933176
0.52,0.07959563397016804,0.4103340448731042,0.5100703211567277
0.54,0.07979041366542201,0.40346362281444026,0.5167459635201377
0.56,0.07998519336067599,0.3965932007557762,0.5234216058835477
0.58,0.08017997305592996,0.3897227786971122,0.5300972482469578
0.6,0.08037475275118393,0.3828523566384482,0.5367728906103678
0.62,0.0805695324464379,0.3759819345797842,0.5434485329737778
0.64,0.08076431214169187,0.3691115125211202,0.5501241753371879
0.66,0.08095909183694584,0.3622410904624562,0.5567998177005979
0.68,0.0811538715321998,0.35537066840379217,0.563475460064008
0.7000000000000001,0.08134865122745377,0.34850024634512816,0.5701511024274181
0.72,0.08154343092270774,0.34162982428646416,0.5768267447908281
0.74,0.08173821061796172,0.33475940222780015,0.5835023871542382
0.76,0.08193299031321569,0.32788898016913615,0.5901780295176482
0.78,0.08212777000846966,0.3210185581104721,0.5968536718810582
0.8,0.08232254970372363,0.31414813605180814,0.6035293142444682
0.8200000000000001,0.0825173293989776,0.3072777139931441,0.6102049566078783
0.84,0.08271210909423157,0.3004072919344801,0.6168805989712883
0.86,0.08290688878948553,0.29353686987581606,0.6235562413346984
0.88,0.0831016684847395,0.28666644781715206,0.6302318836981085
0.9,0.08329644817999347,0.27979602575848805,0.6369075260615185
0.92,0.08349122787524745,0.27292560369982405,0.6435831684249286
0.9400000000000001,0.08368600757050142,0.26605518164116004,0.6502588107883386
0.96,0.08368600757050142,0.26605518164116004,0.6502588107883386
0.98,0.08368600757050142,0.26605518164116004,0.6502588107883386
1.0,0.08368600757050142,0.26605518164116004,0.6502588107883386
