fraction_of_volc,OH,H2O2,TMI
0.0,0.681503386218282,0.31516111627943144,0.0033354975022865086
0.02,0.681503386218282,0.31516111627943144,0.0033354975022865086
0.04,0.681503386218282,0.31516111627943144,0.0033354975022865086
0.06,0.6647859671926966,0.3232009213422973,0.012013111465006084
0.08,0.6480685481671111,0.3312407264051631,0.020690725427725657
0.1,0.6313511291415258,0.33928053146802895,0.029368339390445232
0.12,0.6146337101159404,0.34732033653089484,0.03804595335316481
0.14,0.5979162910903549,0.35536014159376067,0.04672356731588438
0.16,0.5811988720647695,0.3633999466566265,0.05540118127860396
0.18,0.5644814530391841,0.37143975171949234,0.06407879524132354
0.2,0.5477640340135987,0.3794795567823582,0.07275640920404311
0.22,0.5310466149880133,0.38751936184522406,0.08143402316676268
0.24,0.5143291959624279,0.3955591669080899,0.09011163712948225
0.26,0.49761177693684244,0.40359897197095573,0.09878925109220184
0.28,0.480894357911257,0.41163877703382157,0.10746686505492141
0.3,0.46417693888567163,0.4196785820966874,0.11614447901764098
0.32,0.4474595198600862,0.42771838715955324,0.12482209298036057
0.34,0.4307421008345008,0.43575819222241907,0.13349970694308014
0.36,0.4140246818089154,0.4437979972852849,0.1421773209057997
0.38,0.39730726278332995,0.45183780234815074,0.15085493486851928
0.4,0.3805898437577446,0.45987760741101663,0.15953254883123885
0.42,0.36387242473215914,0.46791741247388247,0.16821016279395842
0.44,0.34715500570657376,0.4759572175367483,0.176887776756678
0.46,0.3304375866809883,0.4839970225996142,0.1855653907193976
0.48,0.3137201676554029,0.49203682766248,0.19424300468211717
0.5,0.2970027486298175,0.5000766327253459,0.20292061864483674
0.52,0.2802853296042321,0.5081164377882117,0.2115982326075563
0.54,0.26356791057864665,0.5161562428510775,0.22027584657027588
0.56,0.24685049155306127,0.5241960479139434,0.22895346053299545
0.58,0.23013307252747583,0.5322358529768092,0.23763107449571502
0.6,0.2134156535018904,0.540275658039675,0.24630868845843462
0.62,0.19669823447630502,0.5483154631025409,0.25498630242115417
0.64,0.17998081545071964,0.5563552681654067,0.26366391638387376
0.66,0.1632633964251342,0.5643950732282725,0.2723415303465933
0.68,0.14654597739954878,0.5724348782911384,0.2810191443093129
0.7000000000000001,0.12982855837396334,0.5804746833540042,0.2896967582720325
0.72,0.11311113934837791,0.58851448841687,0.29837437223475205
0.74,0.09639372032279259,0.5965542934797359,0.30705198619747165
0.76,0.07967630129720715,0.6045940985426018,0.3157296001601912
0.78,0.06295888227162172,0.6126339036054677,0.3244072141229108
0.8,0.046241463246036285,0.6206737086683335,0.33308482808563034
0.8200000000000001,0.02952404422045085,0.6287135137311993,0.34176244204834993
0.84,0.012806625194865489,0.6367533187940652,0.3504400560110695
0.86,0.012806625194865489,0.6367533187940652,0.3504400560110695
0.88,0.012806625194865489,0.6367533187940652,0.3504400560110695
0.9,0.012806625194865489,0.6367533187940652,0.3504400560110695
0.92,0.012806625194865489,0.6367533187940652,0.3504400560110695
0.9400000000000001,0.012806625194865489,0.6367533187940652,0.3504400560110695
0.96,0.012806625194865489,0.6367533187940652,0.3504400560110695
0.98,0.012806625194865489,0.6367533187940652,0.3504400560110695
1.0,0.012806625194865489,0.6367533187940652,0.3504400560110695
