fraction_of_volc,OH,H2O2,TMI
0.0,0.33490573977651505,0.6148426389791279,0.05025162124435704
0.02,0.33490573977651505,0.6148426389791279,0.05025162124435704
0.04,0.33490573977651505,0.6148426389791279,0.05025162124435704
0.06,0.33490573977651505,0.6148426389791279,0.05025162124435704
0.08,0.33490573977651505,0.6148426389791279,0.05025162124435704
0.1,0.33490573977651505,0.6148426389791279,0.05025162124435704
0.12,0.33490573977651505,0.6148426389791279,0.05025162124435704
0.14,0.33490573977651505,0.6148426389791279,0.05025162124435704
0.16,0.33490573977651505,0.6148426389791279,0.05025162124435704
0.18,0.33490573977651505,0.6148426389791279,0.05025162124435704
0.2,0.33490573977651505,0.6148426389791279,0.05025162124435704
0.22,0.33490573977651505,0.6148426389791279,0.05025162124435704
0.24,0.33490573977651505,0.6148426389791279,0.05025162124435704
0.26,0.33490573977651505,0.6148426389791279,0.05025162124435704
0.28,0.33490573977651505,0.6148426389791279,0.05025162124435704
0.3,0.3234371885979946,0.603917103102649,0.07264570829935647
0.32,0.3119686374194741,0.59299156722617,0.09503979535435592
0.34,0.30050008624095365,0.582066031349691,0.11743388240935534
0.36,0.2890315350624332,0.571140495473212,0.13982796946435477
0.38,0.2775629838839127,0.5602149595967331,0.1622220565193542
0.4,0.26609443270539224,0.5492894237202541,0.18461614357435366
0.42,0.25462588152687177,0.5383638878437751,0.2070102306293531
0.44,0.2431573303483513,0.5274383519672962,0.22940431768435252
0.46,0.23168877916983083,0.5165128160908171,0.25179840473935194
0.48,0.22022022799131036,0.5055872802143382,0.2741924917943514
0.5,0.22022022799131036,0.5055872802143382,0.2741924917943514
0.52,0.22022022799131036,0.5055872802143382,0.2741924917943514
0.54,0.22022022799131036,0.5055872802143382,0.2741924917943514
0.56,0.22022022799131036,0.5055872802143382,0.2741924917943514
0.58,0.22022022799131036,0.5055872802143382,0.2741924917943514
0.6,0.22022022799131036,0.5055872802143382,0.2741924917943514
0.62,0.22022022799131036,0.5055872802143382,0.2741924917943514
0.64,0.22022022799131036,0.5055872802143382,0.2741924917943514
0.66,0.22022022799131036,0.5055872802143382,0.2741924917943514
0.68,0.22022022799131036,0.5055872802143382,0.2741924917943514
0.7000000000000001,0.22022022799131036,0.5055872802143382,0.2741924917943514
0.72,0.22022022799131036,0.5055872802143382,0.2741924917943514
0.74,0.22022022799131036,0.5055872802143382,0.2741924917943514
0.76,0.22022022799131036,0.5055872802143382,0.2741924917943514
0.78,0.22022022799131036,0.5055872802143382,0.2741924917943514
0.8,0.22022022799131036,0.5055872802143382,0.2741924917943514
0.8200000000000001,0.22022022799131036,0.5055872802143382,0.2741924917943514
0.84,0.22022022799131036,0.5055872802143382,0.2741924917943514
0.86,0.22022022799131036,0.5055872802143382,0.2741924917943514
0.88,0.22022022799131036,0.5055872802143382,0.2741924917943514
0.9,0.22022022799131036,0.5055872802143382,0.2741924917943514
0.92,0.22022022799131036,0.5055872802143382,0.2741924917943514
0.9400000000000001,0.22022022799131036,0.5055872802143382,0.2741924917943514
0.96,0.22022022799131036,0.5055872802143382,0.2741924917943514
0.98,0.22022022799131036,0.5055872802143382,0.2741924917943514
1.0,0.22022022799131036,0.5055872802143382,0.2741924917943514
