fraction_of_volc,OH,H2O2,TMI
0.0,0.6786364391425167,0.28310264499070575,0.038260915866777545
0.02,0.6786364391425167,0.28310264499070575,0.038260915866777545
0.04,0.6786364391425167,0.28310264499070575,0.038260915866777545
0.06,0.6786364391425167,0.28310264499070575,0.038260915866777545
0.08,0.6786364391425167,0.28310264499070575,0.038260915866777545
0.1,0.6786364391425167,0.28310264499070575,0.038260915866777545
0.12,0.6786364391425167,0.28310264499070575,0.038260915866777545
0.14,0.6786364391425167,0.28310264499070575,0.038260915866777545
0.16,0.6786364391425167,0.28310264499070575,0.038260915866777545
0.18,0.6601870182585329,0.28222754936410366,0.057585432377363466
0.2,0.641737597374549,0.28135245373750156,0.07690994888794939
0.22,0.6232881764905652,0.28047735811089947,0.0962344653985353
0.24,0.6048387556065814,0.27960226248429737,0.11555898190912121
0.26,0.5863893347225976,0.2787271668576953,0.13488349841970715
0.28,0.5679399138386138,0.2778520712310932,0.15420801493029304
0.3,0.54949049295463,0.2769769756044911,0.17353253144087896
0.32,0.5310410720706462,0.276101879977889,0.19285704795146488
0.34,0.5125916511866624,0.2752267843512869,0.2121815644620508
0.36,0.4941422303026785,0.2743516887246848,0.23150608097263672
0.38,0.47569280941869474,0.2734765930980827,0.2508305974832227
0.4,0.4572433885347109,0.2726014974714806,0.27015511399380854
0.42,0.4387939676507271,0.2717264018448785,0.28947963050439446
0.44,0.42034454676674327,0.2708513062182764,0.3088041470149804
0.46,0.40189512588275944,0.2699762105916743,0.3281286635255663
0.48,0.3834457049987756,0.2691011149650723,0.3474531800361522
0.5,0.3649962841147918,0.2682260193384702,0.36677769654673814
0.52,0.34654686323080797,0.2673509237118681,0.38610221305732406
0.54,0.32809744234682414,0.266475828085266,0.40542672956791
0.56,0.3096480214628403,0.2656007324586639,0.4247512460784959
0.58,0.29119860057885655,0.2647256368320618,0.4440757625890818
0.6,0.2727491796948727,0.2638505412054597,0.46340027909966774
0.62,0.2542997588108889,0.2629754455788576,0.48272479561025367
0.64,0.23585033792690507,0.2621003499522555,0.5020493121208396
0.66,0.21740091704292125,0.2612252543256534,0.5213738286314255
0.68,0.19895149615893742,0.2603501586990513,0.5406983451420113
0.7000000000000001,0.1805020752749536,0.2594750630724492,0.5600228616525973
0.72,0.16205265439096983,0.2585999674458471,0.5793473781631833
0.74,0.143603233506986,0.257724871819245,0.5986718946737692
0.76,0.12515381262300213,0.25684977619264293,0.617996411184355
0.78,0.12515381262300213,0.25684977619264293,0.617996411184355
0.8,0.12515381262300213,0.25684977619264293,0.617996411184355
0.8200000000000001,0.12515381262300213,0.25684977619264293,0.617996411184355
0.84,0.12515381262300213,0.25684977619264293,0.617996411184355
0.86,0.12515381262300213,0.25684977619264293,0.617996411184355
0.88,0.12515381262300213,0.25684977619264293,0.617996411184355
0.9,0.12515381262300213,0.25684977619264293,0.617996411184355
0.92,0.12515381262300213,0.25684977619264293,0.617996411184355
0.9400000000000001,0.12515381262300213,0.25684977619264293,0.617996411184355
0.96,0.12515381262300213,0.25684977619264293,0.617996411184355
0.98,0.12515381262300213,0.25684977619264293,0.617996411184355
1.0,0.12515381262300213,0.25684977619264293,0.617996411184355
