fraction_of_volc,OH,H2O2,TMI
0.0,0.7203576921726529,0.20672352908165734,0.07291877874568974
0.02,0.7203576921726529,0.20672352908165734,0.07291877874568974
0.04,0.7203576921726529,0.20672352908165734,0.07291877874568974
0.06,0.7203576921726529,0.20672352908165734,0.07291877874568974
0.08,0.7203576921726529,0.20672352908165734,0.07291877874568974
0.1,0.7203576921726529,0.20672352908165734,0.07291877874568974
0.12,0.7203576921726529,0.20672352908165734,0.07291877874568974
0.14,0.7203576921726529,0.20672352908165734,0.07291877874568974
0.16,0.7203576921726529,0.20672352908165734,0.07291877874568974
0.18,0.7203576921726529,0.20672352908165734,0.07291877874568974
0.2,0.7203576921726529,0.20672352908165734,0.07291877874568974
0.22,0.7203576921726529,0.20672352908165734,0.07291877874568974
0.24,0.7203576921726529,0.20672352908165734,0.07291877874568974
0.26,0.7203576921726529,0.20672352908165734,0.07291877874568974
0.28,0.7203576921726529,0.20672352908165734,0.07291877874568974
0.3,0.7203576921726529,0.20672352908165734,0.07291877874568974
0.32,0.7203576921726529,0.20672352908165734,0.07291877874568974
0.34,0.7203576921726529,0.20672352908165734,0.07291877874568974
0.36,0.7203576921726529,0.20672352908165734,0.07291877874568974
0.38,0.7203576921726529,0.20672352908165734,0.07291877874568974
0.4,0.7203576921726529,0.20672352908165734,0.07291877874568974
0.42,0.7203576921726529,0.20672352908165734,0.07291877874568974
0.44,0.7203576921726529,0.20672352908165734,0.07291877874568974
0.46,0.7203576921726529,0.20672352908165734,0.07291877874568974
0.48,0.7203576921726529,0.20672352908165734,0.07291877874568974
0.5,0.7203576921726529,0.20672352908165734,0.07291877874568974
0.52,0.688606843060674,0.24360975177410754,0.06778340516521839
0.54,0.6568559939486952,0.2804959744665578,0.06264803158474702
0.56,0.6251051448367163,0.317382197159008,0.05751265800427567
0.58,0.5933542957247375,0.3542684198514582,0.052377284423804314
0.6,0.5616034466127586,0.3911546425439084,0.04724191084333296
0.62,0.5298525975007797,0.42804086523635865,0.04210653726286161
0.64,0.4981017483888009,0.4649270879288089,0.03697116368239025
0.66,0.46635089927682205,0.5018133106212591,0.03183579010191889
0.68,0.4346000501648432,0.5386995333137093,0.026700416521447536
0.7000000000000001,0.40284920105286437,0.5755857560061596,0.02156504294097618
0.72,0.3710983519408855,0.6124719786986097,0.01642966936050483
0.74,0.33934750282890663,0.6493582013910599,0.011294295780033471
0.76,0.30759665371692774,0.6862444240835102,0.006158922199562114
0.78,0.30759665371692774,0.6862444240835102,0.006158922199562114
0.8,0.30759665371692774,0.6862444240835102,0.006158922199562114
0.8200000000000001,0.30759665371692774,0.6862444240835102,0.006158922199562114
0.84,0.30759665371692774,0.6862444240835102,0.006158922199562114
0.86,0.30759665371692774,0.6862444240835102,0.006158922199562114
0.88,0.30759665371692774,0.6862444240835102,0.006158922199562114
0.9,0.30759665371692774,0.6862444240835102,0.006158922199562114
0.92,0.30759665371692774,0.6862444240835102,0.006158922199562114
0.9400000000000001,0.30759665371692774,0.6862444240835102,0.006158922199562114
0.96,0.30759665371692774,0.6862444240835102,0.006158922199562114
0.98,0.30759665371692774,0.6862444240835102,0.006158922199562114
1.0,0.30759665371692774,0.6862444240835102,0.006158922199562114
