fraction_of_volc,OH,H2O2,TMI
0.0,0.10236211187585664,0.7249594041909808,0.1726784839331626
0.02,0.10236211187585664,0.7249594041909808,0.1726784839331626
0.04,0.10236211187585664,0.7249594041909808,0.1726784839331626
0.06,0.10236211187585664,0.7249594041909808,0.1726784839331626
0.08,0.10236211187585664,0.7249594041909808,0.1726784839331626
0.1,0.10236211187585664,0.7249594041909808,0.1726784839331626
0.12,0.10236211187585664,0.7249594041909808,0.1726784839331626
0.14,0.10236211187585664,0.7249594041909808,0.1726784839331626
0.16,0.10236211187585664,0.7249594041909808,0.1726784839331626
0.18,0.10236211187585664,0.7249594041909808,0.1726784839331626
0.2,0.10236211187585664,0.7249594041909808,0.1726784839331626
0.22,0.10236211187585664,0.7249594041909808,0.1726784839331626
0.24,0.10236211187585664,0.7249594041909808,0.1726784839331626
0.26,0.10236211187585664,0.7249594041909808,0.1726784839331626
0.28,0.10236211187585664,0.7249594041909808,0.1726784839331626
0.3,0.10236211187585664,0.7249594041909808,0.1726784839331626
0.32,0.10236211187585664,0.7249594041909808,0.1726784839331626
0.34,0.10236211187585664,0.7249594041909808,0.1726784839331626
0.36,0.10236211187585664,0.7249594041909808,0.1726784839331626
0.38,0.10236211187585664,0.7249594041909808,0.1726784839331626
0.4,0.10236211187585664,0.7249594041909808,0.1726784839331626
0.42,0.10236211187585664,0.7249594041909808,0.1726784839331626
0.44,0.10236211187585664,0.7249594041909808,0.1726784839331626
0.46,0.10236211187585664,0.7249594041909808,0.1726784839331626
0.48,0.10236211187585664,0.7249594041909808,0.1726784839331626
0.5,0.10236211187585664,0.7249594041909808,0.1726784839331626
0.52,0.10236211187585664,0.7249594041909808,0.1726784839331626
0.54,0.10236211187585664,0.7249594041909808,0.1726784839331626
0.56,0.10236211187585664,0.7249594041909808,0.1726784839331626
0.58,0.10236211187585664,0.7249594041909808,0.1726784839331626
0.6,0.10236211187585664,0.7249594041909808,0.1726784839331626
0.62,0.10236211187585664,0.7249594041909808,0.1726784839331626
0.64,0.10236211187585664,0.7249594041909808,0.1726784839331626
0.66,0.10236211187585664,0.7249594041909808,0.1726784839331626
0.68,0.10236211187585664,0.7249594041909808,0.1726784839331626
0.7000000000000001,0.10236211187585664,0.7249594041909808,0.1726784839331626
0.72,0.10236211187585664,0.7249594041909808,0.1726784839331626
0.74,0.10236211187585664,0.7249594041909808,0.1726784839331626
0.76,0.16627428815924036,0.6619340036391885,0.17179170820157114
0.78,0.23018646444262408,0.5989086030873962,0.17090493246997968
0.8,0.2940986407260078,0.5358832025356041,0.1700181567383882
0.8200000000000001,0.3580108170093915,0.4728578019838118,0.16913138100679673
0.84,0.4219229932927753,0.4098324014320195,0.16824460527520527
0.86,0.48583516957615897,0.34680700088022726,0.1673578295436138
0.88,0.5497473458595427,0.283781600328435,0.16647105381202235
0.9,0.6136595221429264,0.22075619977664274,0.16558427808043089
0.92,0.6775716984263102,0.15773079922485045,0.1646975023488394
0.9400000000000001,0.7414838747096939,0.09470539867305816,0.16381072661724794
0.96,0.8053960509930775,0.031679998121265984,0.16292395088565648
0.98,0.8053960509930775,0.031679998121265984,0.16292395088565648
1.0,0.8053960509930775,0.031679998121265984,0.16292395088565648
