fraction_of_volc,OH,H2O2,TMI
0.0,0.14390266218441747,0.2059012234895864,0.650196114325996
0.02,0.14390266218441747,0.2059012234895864,0.650196114325996
0.04,0.14390266218441747,0.2059012234895864,0.650196114325996
0.06,0.14390266218441747,0.2059012234895864,0.650196114325996
0.08,0.14390266218441747,0.2059012234895864,0.650196114325996
0.1,0.14390266218441747,0.2059012234895864,0.650196114325996
0.12,0.14390266218441747,0.2059012234895864,0.650196114325996
0.14,0.14390266218441747,0.2059012234895864,0.650196114325996
0.16,0.14390266218441747,0.2059012234895864,0.650196114325996
0.18,0.14390266218441747,0.2059012234895864,0.650196114325996
0.2,0.14390266218441747,0.2059012234895864,0.650196114325996
0.22,0.14390266218441747,0.2059012234895864,0.650196114325996
0.24,0.14390266218441747,0.2059012234895864,0.650196114325996
0.26,0.14390266218441747,0.2059012234895864,0.650196114325996
0.28,0.14390266218441747,0.2059012234895864,0.650196114325996
0.3,0.14390266218441747,0.2059012234895864,0.650196114325996
0.32,0.14390266218441747,0.2059012234895864,0.650196114325996
0.34,0.14390266218441747,0.2059012234895864,0.650196114325996
0.36,0.14390266218441747,0.2059012234895864,0.650196114325996
0.38,0.14390266218441747,0.2059012234895864,0.650196114325996
0.4,0.14390266218441747,0.2059012234895864,0.650196114325996
0.42,0.14390266218441747,0.2059012234895864,0.650196114325996
0.44,0.14390266218441747,0.2059012234895864,0.650196114325996
0.46,0.14390266218441747,0.2059012234895864,0.650196114325996
0.48,0.14390266218441747,0.2059012234895864,0.650196114325996
0.5,0.14390266218441747,0.2059012234895864,0.650196114325996
0.52,0.14390266218441747,0.2059012234895864,0.650196114325996
0.54,0.14390266218441747,0.2059012234895864,0.650196114325996
0.56,0.14390266218441747,0.2059012234895864,0.650196114325996
0.58,0.14390266218441747,0.2059012234895864,0.650196114325996
0.6,0.1982856673741146,0.19335344718738917,0.6083608854384961
0.62,0.2526686725638117,0.18080567088519195,0.5665256565509962
0.64,0.30705167775350883,0.1682578945829947,0.5246904276634963
0.66,0.36143468294320596,0.15571011828079748,0.4828551987759964
0.68,0.4158176881329031,0.14316234197860025,0.4410199698884965
0.7000000000000001,0.47020069332260017,0.130614565676403,0.39918474100099666
0.72,0.5245836985122974,0.11806678937420578,0.35734951211349675
0.74,0.5789667037019944,0.10551901307200856,0.31551428322599684
0.76,0.6333497088916916,0.09297123676981132,0.27367905433849693
0.78,0.6333497088916916,0.09297123676981132,0.27367905433849693
0.8,0.6333497088916916,0.09297123676981132,0.27367905433849693
0.8200000000000001,0.6333497088916916,0.09297123676981132,0.27367905433849693
0.84,0.6333497088916916,0.09297123676981132,0.27367905433849693
0.86,0.6333497088916916,0.09297123676981132,0.27367905433849693
0.88,0.6333497088916916,0.09297123676981132,0.27367905433849693
0.9,0.6333497088916916,0.09297123676981132,0.27367905433849693
0.92,0.6333497088916916,0.09297123676981132,0.27367905433849693
0.9400000000000001,0.6333497088916916,0.09297123676981132,0.27367905433849693
0.96,0.6333497088916916,0.09297123676981132,0.27367905433849693
0.98,0.6333497088916916,0.09297123676981132,0.27367905433849693
1.0,0.6333497088916916,0.09297123676981132,0.27367905433849693
