fraction_of_volc,OH,H2O2,TMI
0.0,0.7728703607718378,0.07550008732632504,0.15162955190183713
0.02,0.7728703607718378,0.07550008732632504,0.15162955190183713
0.04,0.7728703607718378,0.07550008732632504,0.15162955190183713
0.06,0.7728703607718378,0.07550008732632504,0.15162955190183713
0.08,0.7728703607718378,0.07550008732632504,0.15162955190183713
0.1,0.7728703607718378,0.07550008732632504,0.15162955190183713
0.12,0.7728703607718378,0.07550008732632504,0.15162955190183713
0.14,0.7728703607718378,0.07550008732632504,0.15162955190183713
0.16,0.7728703607718378,0.07550008732632504,0.15162955190183713
0.18,0.7728703607718378,0.07550008732632504,0.15162955190183713
0.2,0.7728703607718378,0.07550008732632504,0.15162955190183713
0.22,0.7728703607718378,0.07550008732632504,0.15162955190183713
0.24,0.7728703607718378,0.07550008732632504,0.15162955190183713
0.26,0.7728703607718378,0.07550008732632504,0.15162955190183713
0.28,0.7728703607718378,0.07550008732632504,0.15162955190183713
0.3,0.7728703607718378,0.07550008732632504,0.15162955190183713
0.32,0.7728703607718378,0.07550008732632504,0.15162955190183713
0.34,0.7728703607718378,0.07550008732632504,0.15162955190183713
0.36,0.7728703607718378,0.07550008732632504,0.15162955190183713
0.38,0.7728703607718378,0.07550008732632504,0.15162955190183713
0.4,0.7728703607718378,0.07550008732632504,0.15162955190183713
0.42,0.7728703607718378,0.07550008732632504,0.15162955190183713
0.44,0.7728703607718378,0.07550008732632504,0.15162955190183713
0.46,0.7728703607718378,0.07550008732632504,0.15162955190183713
0.48,0.7728703607718378,0.07550008732632504,0.15162955190183713
0.5,0.7402870110487941,0.08624677743505527,0.17346621151615058
0.52,0.7077036613257505,0.09699346754378549,0.19530287113046402
0.54,0.6751203116027068,0.10774015765251571,0.21713953074477743
0.56,0.6425369618796631,0.11848684776124593,0.23897619035909087
0.58,0.6099536121566195,0.12923353786997616,0.2608128499734043
0.6,0.5773702624335758,0.1399802279787064,0.28264950958771773
0.62,0.5447869127105321,0.1507269180874366,0.3044861692020312
0.64,0.5122035629874885,0.16147360819616685,0.3263228288163446
0.66,0.4796202132644448,0.17222029830489705,0.348159488430658
0.68,0.44703686354140115,0.1829669884136273,0.3699961480449715
0.7000000000000001,0.4144535138183575,0.1937136785223575,0.3918328076592849
0.72,0.3818701640953138,0.20446036863108774,0.4136694672735983
0.74,0.34928681437227016,0.21520705873981796,0.4355061268879118
0.76,0.3167034646492265,0.22595374884854819,0.4573427865022252
0.78,0.28412011492618283,0.2367004389572784,0.4791794461165387
0.8,0.25153676520313917,0.24744712906600863,0.5010161057308521
0.8200000000000001,0.2189534154800955,0.2581938191747388,0.5228527653451656
0.84,0.18637006575705184,0.2689405092834691,0.5446894249594789
0.86,0.15378671603400818,0.2796871993921993,0.5665260845737924
0.88,0.12120336631096457,0.2904338895009295,0.5883627441881059
0.9,0.12120336631096457,0.2904338895009295,0.5883627441881059
0.92,0.12120336631096457,0.2904338895009295,0.5883627441881059
0.9400000000000001,0.12120336631096457,0.2904338895009295,0.5883627441881059
0.96,0.12120336631096457,0.2904338895009295,0.5883627441881059
0.98,0.12120336631096457,0.2904338895009295,0.5883627441881059
1.0,0.12120336631096457,0.2904338895009295,0.5883627441881059
