fraction_of_volc,OH,H2O2,TMI
0.0,0.0783758365684135,0.610458484151328,0.3111656792802586
0.02,0.0783758365684135,0.610458484151328,0.3111656792802586
0.04,0.0783758365684135,0.610458484151328,0.3111656792802586
0.06,0.0783758365684135,0.610458484151328,0.3111656792802586
0.08,0.0783758365684135,0.610458484151328,0.3111656792802586
0.1,0.0783758365684135,0.610458484151328,0.3111656792802586
0.12,0.08970024548586417,0.5975533518988151,0.3127464026153209
0.14,0.10102465440331485,0.5846482196463021,0.3143271259503831
0.16,0.11234906332076551,0.5717430873937892,0.31590784928544535
0.18,0.12367347223821618,0.5588379551412763,0.3174885726205076
0.2,0.13499788115566685,0.5459328228887634,0.3190692959555699
0.22,0.14632229007311753,0.5330276906362504,0.3206500192906321
0.24,0.15764669899056818,0.5201225583837376,0.32223074262569434
0.26,0.16897110790801884,0.5072174261312247,0.3238114659607566
0.28,0.18029551682546952,0.49431229387871173,0.32539218929581887
0.3,0.1916199257429202,0.4814071616261988,0.3269729126308811
0.32,0.20294433466037087,0.4685020293736859,0.32855363596594334
0.34,0.21426874357782155,0.455596897121173,0.3301343593010056
0.36,0.22559315249527218,0.4426917648686601,0.33171508263606786
0.38,0.23691756141272285,0.42978663261614714,0.33329580597113007
0.4,0.24824197033017353,0.41688150036363425,0.3348765293061923
0.42,0.2595663792476242,0.40397636811112136,0.3364572526412546
0.44,0.2708907881650749,0.3910712358586084,0.3380379759763168
0.46,0.2822151970825255,0.3781661036060955,0.33961869931137906
0.48,0.2935396059999762,0.3652609713535826,0.3411994226464413
0.5,0.3048640149174269,0.35235583910106966,0.3427801459815036
0.52,0.31618842383487755,0.33945070684855677,0.3443608693165658
0.54,0.32751283275232823,0.32654557459604383,0.34594159265162805
0.56,0.3388372416697789,0.31364044234353095,0.3475223159866903
0.58,0.3501616505872296,0.300735310091018,0.3491030393217526
0.6,0.3614860595046802,0.2878301778385051,0.3506837626568148
0.62,0.3728104684221309,0.2749250455859922,0.35226448599187704
0.64,0.38413487733958157,0.2620199133334793,0.3538452093269393
0.66,0.39545928625703225,0.24911478108096635,0.3554259326620015
0.68,0.40678369517448293,0.23620964882845347,0.35700665599706377
0.7000000000000001,0.41810810409193355,0.22330451657594053,0.35858737933212603
0.72,0.42943251300938423,0.21039938432342764,0.3601681026671883
0.74,0.4407569219268349,0.1974942520709147,0.3617488260022505
0.76,0.4520813308442856,0.18458911981840176,0.36332954933731276
0.78,0.46340573976173627,0.17168398756588887,0.364910272672375
0.8,0.4747301486791869,0.15877885531337593,0.3664909960074373
0.8200000000000001,0.48605455759663757,0.14587372306086305,0.3680717193424995
0.84,0.49737896651408825,0.1329685908083501,0.36965244267756175
0.86,0.5087033754315389,0.12006345855583722,0.371233166012624
0.88,0.5200277843489896,0.10715832630332434,0.3728138893476862
0.9,0.5313521932664402,0.09425319405081134,0.3743946126827485
0.92,0.5426766021838909,0.08134806179829843,0.37597533601781075
0.9400000000000001,0.5426766021838909,0.08134806179829843,0.37597533601781075
0.96,0.5426766021838909,0.08134806179829843,0.37597533601781075
0.98,0.5426766021838909,0.08134806179829843,0.37597533601781075
1.0,0.5426766021838909,0.08134806179829843,0.37597533601781075
