fraction_of_volc,OH,H2O2,TMI
0.0,0.4166374104694176,0.041903915468475814,0.5414586740621067
0.02,0.4166374104694176,0.041903915468475814,0.5414586740621067
0.04,0.4166374104694176,0.041903915468475814,0.5414586740621067
0.06,0.4166374104694176,0.041903915468475814,0.5414586740621067
0.08,0.4166374104694176,0.041903915468475814,0.5414586740621067
0.1,0.4166374104694176,0.041903915468475814,0.5414586740621067
0.12,0.4166374104694176,0.041903915468475814,0.5414586740621067
0.14,0.4166374104694176,0.041903915468475814,0.5414586740621067
0.16,0.4166374104694176,0.041903915468475814,0.5414586740621067
0.18,0.4166374104694176,0.041903915468475814,0.5414586740621067
0.2,0.4166374104694176,0.041903915468475814,0.5414586740621067
0.22,0.4166374104694176,0.041903915468475814,0.5414586740621067
0.24,0.4166374104694176,0.041903915468475814,0.5414586740621067
0.26,0.4166374104694176,0.041903915468475814,0.5414586740621067
0.28,0.4166374104694176,0.041903915468475814,0.5414586740621067
0.3,0.4166374104694176,0.041903915468475814,0.5414586740621067
0.32,0.4166374104694176,0.041903915468475814,0.5414586740621067
0.34,0.4166374104694176,0.041903915468475814,0.5414586740621067
0.36,0.4166374104694176,0.041903915468475814,0.5414586740621067
0.38,0.4166374104694176,0.041903915468475814,0.5414586740621067
0.4,0.4166374104694176,0.041903915468475814,0.5414586740621067
0.42,0.4166374104694176,0.041903915468475814,0.5414586740621067
0.44,0.4166374104694176,0.041903915468475814,0.5414586740621067
0.46,0.4166374104694176,0.041903915468475814,0.5414586740621067
0.48,0.4166374104694176,0.041903915468475814,0.5414586740621067
0.5,0.4166374104694176,0.041903915468475814,0.5414586740621067
0.52,0.4166374104694176,0.041903915468475814,0.5414586740621067
0.54,0.4166374104694176,0.041903915468475814,0.5414586740621067
0.56,0.4166374104694176,0.041903915468475814,0.5414586740621067
0.58,0.4166374104694176,0.041903915468475814,0.5414586740621067
0.6,0.41343956854314257,0.04606434113859613,0.5404960903182614
0.62,0.41024172661686753,0.05022476680871644,0.5395335065744161
0.64,0.40704388469059244,0.05438519247883675,0.5385709228305708
0.66,0.4038460427643174,0.05854561814895706,0.5376083390867256
0.68,0.40064820083804237,0.06270604381907738,0.5366457553428803
0.7000000000000001,0.39745035891176733,0.0668664694891977,0.535683171599035
0.72,0.3942525169854923,0.071026895159318,0.5347205878551897
0.74,0.3910546750592172,0.07518732082943831,0.5337580041113444
0.76,0.38785683313294217,0.07934774649955863,0.5327954203674992
0.78,0.38465899120666713,0.08350817216967893,0.5318328366236539
0.8,0.3814611492803921,0.08766859783979924,0.5308702528798086
0.8200000000000001,0.37826330735411706,0.09182902350991956,0.5299076691359633
0.84,0.375065465427842,0.09598944918003988,0.528945085392118
0.86,0.37186762350156694,0.10014987485016019,0.5279825016482728
0.88,0.3686697815752919,0.1043103005202805,0.5270199179044275
0.9,0.36547193964901686,0.10847072619040081,0.5260573341605822
0.92,0.36547193964901686,0.10847072619040081,0.5260573341605822
0.9400000000000001,0.36547193964901686,0.10847072619040081,0.5260573341605822
0.96,0.36547193964901686,0.10847072619040081,0.5260573341605822
0.98,0.36547193964901686,0.10847072619040081,0.5260573341605822
1.0,0.36547193964901686,0.10847072619040081,0.5260573341605822
