fraction_of_volc,OH,H2O2,TMI
0.0,0.23790819810535127,0.0013300472908916287,0.7607617546037571
0.02,0.23790819810535127,0.0013300472908916287,0.7607617546037571
0.04,0.23790819810535127,0.0013300472908916287,0.7607617546037571
0.06,0.23790819810535127,0.0013300472908916287,0.7607617546037571
0.08,0.23790819810535127,0.0013300472908916287,0.7607617546037571
0.1,0.23790819810535127,0.0013300472908916287,0.7607617546037571
0.12,0.23790819810535127,0.0013300472908916287,0.7607617546037571
0.14,0.23790819810535127,0.0013300472908916287,0.7607617546037571
0.16,0.23790819810535127,0.0013300472908916287,0.7607617546037571
0.18,0.23790819810535127,0.0013300472908916287,0.7607617546037571
0.2,0.23790819810535127,0.0013300472908916287,0.7607617546037571
0.22,0.23790819810535127,0.0013300472908916287,0.7607617546037571
0.24,0.23790819810535127,0.0013300472908916287,0.7607617546037571
0.26,0.23790819810535127,0.0013300472908916287,0.7607617546037571
0.28,0.23790819810535127,0.0013300472908916287,0.7607617546037571
0.3,0.23790819810535127,0.0013300472908916287,0.7607617546037571
0.32,0.23790819810535127,0.0013300472908916287,0.7607617546037571
0.34,0.23790819810535127,0.0013300472908916287,0.7607617546037571
0.36,0.23790819810535127,0.0013300472908916287,0.7607617546037571
0.38,0.23790819810535127,0.0013300472908916287,0.7607617546037571
0.4,0.23790819810535127,0.0013300472908916287,0.7607617546037571
0.42,0.23790819810535127,0.0013300472908916287,0.7607617546037571
0.44,0.23790819810535127,0.0013300472908916287,0.7607617546037571
0.46,0.23790819810535127,0.0013300472908916287,0.7607617546037571
0.48,0.23790819810535127,0.0013300472908916287,0.7607617546037571
0.5,0.23790819810535127,0.0013300472908916287,0.7607617546037571
0.52,0.23790819810535127,0.0013300472908916287,0.7607617546037571
0.54,0.23790819810535127,0.0013300472908916287,0.7607617546037571
0.56,0.23790819810535127,0.0013300472908916287,0.7607617546037571
0.58,0.23790819810535127,0.0013300472908916287,0.7607617546037571
0.6,0.23790819810535127,0.0013300472908916287,0.7607617546037571
0.62,0.23790819810535127,0.0013300472908916287,0.7607617546037571
0.64,0.24158234960099934,0.018791934203866743,0.7396257161951338
0.66,0.2452565010966474,0.03625382111684186,0.7184896777865107
0.68,0.24893065259229546,0.053715708029816976,0.6973536393778875
0.7000000000000001,0.25260480408794356,0.07117759494279209,0.6762176009692643
0.72,0.2562789555835916,0.08863948185576721,0.6550815625606412
0.74,0.2599531070792397,0.10610136876874232,0.633945524152018
0.76,0.2636272585748877,0.12356325568171743,0.6128094857433948
0.78,0.2673014100705358,0.14102514259469254,0.5916734473347716
0.8,0.27097556156618385,0.15848702950766766,0.5705374089261485
0.8200000000000001,0.27464971306183195,0.17594891642064278,0.5494013705175252
0.84,0.27832386455748,0.19341080333361788,0.5282653321089021
0.86,0.2819980160531281,0.210872690246593,0.5071292937002789
0.88,0.2856721675487761,0.22833457715956812,0.4859932552916557
0.9,0.2893463190444242,0.2457964640725432,0.46485721688303255
0.92,0.2930204705400723,0.26325835098551836,0.44372117847440934
0.9400000000000001,0.29669462203572033,0.2807202378984935,0.4225851400657862
0.96,0.30036877353136837,0.2981821248114686,0.401449101657163
0.98,0.30404292502701646,0.31564401172444373,0.3803130632485398
1.0,0.30404292502701646,0.31564401172444373,0.3803130632485398
