fraction_of_volc,OH,H2O2,TMI
0.0,0.6450441342254986,0.2663130582625683,0.08864280751193322
0.02,0.6450441342254986,0.2663130582625683,0.08864280751193322
0.04,0.6450441342254986,0.2663130582625683,0.08864280751193322
0.06,0.6450441342254986,0.2663130582625683,0.08864280751193322
0.08,0.6450441342254986,0.2663130582625683,0.08864280751193322
0.1,0.6450441342254986,0.2663130582625683,0.08864280751193322
0.12,0.6308789212337972,0.27551977755252005,0.09360130121368289
0.14,0.6167137082420957,0.2847264968424718,0.09855979491543256
0.16,0.6025484952503943,0.29393321613242357,0.10351828861718222
0.18,0.5883832822586929,0.30313993542237533,0.10847678231893189
0.2,0.5742180692669915,0.3123466547123271,0.11343527602068156
0.22,0.56005285627529,0.32155337400227885,0.11839376972243122
0.24,0.5458876432835886,0.3307600932922306,0.12335226342418089
0.26,0.5317224302918871,0.33996681258218236,0.12831075712593054
0.28,0.5175572173001858,0.3491735318721341,0.1332692508276802
0.3,0.5033920043084843,0.3583802511620859,0.13822774452942987
0.32,0.4892267913167829,0.36758697045203764,0.14318623823117954
0.34,0.47506157832508145,0.37679368974198935,0.1481447319329292
0.36,0.4608963653333801,0.3860004090319411,0.15310322563467887
0.38,0.4467311523416786,0.39520712832189286,0.15806171933642854
0.4,0.4325659393499772,0.4044138476118446,0.1630202130381782
0.42,0.41840072635827574,0.4136205669017964,0.16797870673992787
0.44,0.4042355133665744,0.42282728619174814,0.17293720044167754
0.46,0.39007030037487295,0.4320340054816999,0.1778956941434272
0.48,0.3759050873831715,0.44124072477165166,0.18285418784517687
0.5,0.3617398743914701,0.4504474440616034,0.18781268154692654
0.52,0.34757466139976867,0.4596541633515552,0.1927711752486762
0.54,0.33340944840806724,0.46886088264150694,0.19772966895042587
0.56,0.3192442354163658,0.4780676019314587,0.20268816265217554
0.58,0.3050790224246644,0.48727432122141046,0.2076466563539252
0.6,0.29091380943296297,0.4964810405113622,0.21260515005567487
0.62,0.27674859644126154,0.505687759801314,0.21756364375742454
0.64,0.2625833834495601,0.5148944790912657,0.2225221374591742
0.66,0.2484181704578587,0.5241011983812175,0.22748063116092387
0.68,0.23425295746615726,0.5333079176711693,0.23243912486267354
0.7000000000000001,0.22008774447445584,0.542514636961121,0.2373976185644232
0.72,0.2059225314827544,0.5517213562510728,0.24235611226617287
0.74,0.19175731849105299,0.5609280755410245,0.24731460596792254
0.76,0.17759210549935156,0.5701347948309763,0.2522730996696722
0.78,0.16342689250765013,0.579341514120928,0.2572315933714219
0.8,0.1492616795159487,0.5885482334108798,0.26219008707317154
0.8200000000000001,0.13509646652424734,0.5977549527008316,0.2671485807749212
0.84,0.12093125353254586,0.6069616719907833,0.2721070744766709
0.86,0.10676604054084449,0.6161683912807351,0.27706556817842054
0.88,0.09260082754914298,0.6253751105706868,0.2820240618801702
0.9,0.09260082754914298,0.6253751105706868,0.2820240618801702
0.92,0.09260082754914298,0.6253751105706868,0.2820240618801702
0.9400000000000001,0.09260082754914298,0.6253751105706868,0.2820240618801702
0.96,0.09260082754914298,0.6253751105706868,0.2820240618801702
0.98,0.09260082754914298,0.6253751105706868,0.2820240618801702
1.0,0.09260082754914298,0.6253751105706868,0.2820240618801702
