fraction_of_volc,OH,H2O2,TMI
0.0,0.06143293613216664,0.6954116741670705,0.24315538970076297
0.02,0.06143293613216664,0.6954116741670705,0.24315538970076297
0.04,0.06143293613216664,0.6954116741670705,0.24315538970076297
0.06,0.06143293613216664,0.6954116741670705,0.24315538970076297
0.08,0.06143293613216664,0.6954116741670705,0.24315538970076297
0.1,0.06143293613216664,0.6954116741670705,0.24315538970076297
0.12,0.06143293613216664,0.6954116741670705,0.24315538970076297
0.14,0.06143293613216664,0.6954116741670705,0.24315538970076297
0.16,0.06143293613216664,0.6954116741670705,0.24315538970076297
0.18,0.06143293613216664,0.6954116741670705,0.24315538970076297
0.2,0.06143293613216664,0.6954116741670705,0.24315538970076297
0.22,0.06143293613216664,0.6954116741670705,0.24315538970076297
0.24,0.06143293613216664,0.6954116741670705,0.24315538970076297
0.26,0.06143293613216664,0.6954116741670705,0.24315538970076297
0.28,0.06143293613216664,0.6954116741670705,0.24315538970076297
0.3,0.06143293613216664,0.6954116741670705,0.24315538970076297
0.32,0.06143293613216664,0.6954116741670705,0.24315538970076297
0.34,0.06143293613216664,0.6954116741670705,0.24315538970076297
0.36,0.06143293613216664,0.6954116741670705,0.24315538970076297
0.38,0.06143293613216664,0.6954116741670705,0.24315538970076297
0.4,0.06143293613216664,0.6954116741670705,0.24315538970076297
0.42,0.06143293613216664,0.6954116741670705,0.24315538970076297
0.44,0.06143293613216664,0.6954116741670705,0.24315538970076297
0.46,0.06143293613216664,0.6954116741670705,0.24315538970076297
0.48,0.06143293613216664,0.6954116741670705,0.24315538970076297
0.5,0.06143293613216664,0.6954116741670705,0.24315538970076297
0.52,0.06143293613216664,0.6954116741670705,0.24315538970076297
0.54,0.06143293613216664,0.6954116741670705,0.24315538970076297
0.56,0.06143293613216664,0.6954116741670705,0.24315538970076297
0.58,0.06143293613216664,0.6954116741670705,0.24315538970076297
0.6,0.06143293613216664,0.6954116741670705,0.24315538970076297
0.62,0.06143293613216664,0.6954116741670705,0.24315538970076297
0.64,0.06143293613216664,0.6954116741670705,0.24315538970076297
0.66,0.06143293613216664,0.6954116741670705,0.24315538970076297
0.68,0.06143293613216664,0.6954116741670705,0.24315538970076297
0.7000000000000001,0.06143293613216664,0.6954116741670705,0.24315538970076297
0.72,0.13890064851623607,0.632558291476995,0.22854106000676896
0.74,0.2163683609003055,0.5697049087869196,0.21392673031277495
0.76,0.29383607328437494,0.5068515260968443,0.19931240061878094
0.78,0.3713037856684444,0.44399814340676874,0.18469807092478693
0.8,0.4487714980525139,0.3811447607166933,0.17008374123079292
0.8200000000000001,0.5262392104365833,0.3182913780266179,0.1554694115367989
0.84,0.6037069228206526,0.25543799533654243,0.1408550818428049
0.86,0.6811746352047221,0.19258461264646698,0.1262407521488109
0.88,0.7586423475887916,0.12973122995639152,0.11162642245481688
0.9,0.8361100599728609,0.0668778472663161,0.09701209276082289
0.92,0.8361100599728609,0.0668778472663161,0.09701209276082289
0.9400000000000001,0.8361100599728609,0.0668778472663161,0.09701209276082289
0.96,0.8361100599728609,0.0668778472663161,0.09701209276082289
0.98,0.8361100599728609,0.0668778472663161,0.09701209276082289
1.0,0.8361100599728609,0.0668778472663161,0.09701209276082289
