fraction_of_volc,OH,H2O2,TMI
0.0,0.44590034038687454,0.13361991770315992,0.42047974190996557
0.02,0.44590034038687454,0.13361991770315992,0.42047974190996557
0.04,0.44590034038687454,0.13361991770315992,0.42047974190996557
0.06,0.44590034038687454,0.13361991770315992,0.42047974190996557
0.08,0.44590034038687454,0.13361991770315992,0.42047974190996557
0.1,0.44590034038687454,0.13361991770315992,0.42047974190996557
0.12,0.44590034038687454,0.13361991770315992,0.42047974190996557
0.14,0.44590034038687454,0.13361991770315992,0.42047974190996557
0.16,0.44590034038687454,0.13361991770315992,0.42047974190996557
0.18,0.44590034038687454,0.13361991770315992,0.42047974190996557
0.2,0.44590034038687454,0.13361991770315992,0.42047974190996557
0.22,0.44590034038687454,0.13361991770315992,0.42047974190996557
0.24,0.4770092449222568,0.1581874424468373,0.36480331263090593
0.26,0.5081181494576391,0.18275496719051468,0.30912688335184624
0.28,0.5392270539930214,0.20732249193419205,0.2534504540727866
0.3,0.5703359585284037,0.23189001667786943,0.19777402479372697
0.32,0.601444863063786,0.2564575414215468,0.14209759551466733
0.34,0.6325537675991683,0.28102506616522416,0.08642116623560764
0.36,0.6636626721345505,0.30559259090890156,0.03074473695654801
0.38,0.6636626721345505,0.30559259090890156,0.03074473695654801
0.4,0.6636626721345505,0.30559259090890156,0.03074473695654801
0.42,0.6636626721345505,0.30559259090890156,0.03074473695654801
0.44,0.6636626721345505,0.30559259090890156,0.03074473695654801
0.46,0.6636626721345505,0.30559259090890156,0.03074473695654801
0.48,0.6636626721345505,0.30559259090890156,0.03074473695654801
0.5,0.6636626721345505,0.30559259090890156,0.03074473695654801
0.52,0.6636626721345505,0.30559259090890156,0.03074473695654801
0.54,0.6636626721345505,0.30559259090890156,0.03074473695654801
0.56,0.6636626721345505,0.30559259090890156,0.03074473695654801
0.58,0.6636626721345505,0.30559259090890156,0.03074473695654801
0.6,0.6636626721345505,0.30559259090890156,0.03074473695654801
0.62,0.6636626721345505,0.30559259090890156,0.03074473695654801
0.64,0.6636626721345505,0.30559259090890156,0.03074473695654801
0.66,0.6636626721345505,0.30559259090890156,0.03074473695654801
0.68,0.6636626721345505,0.30559259090890156,0.03074473695654801
0.7000000000000001,0.6636626721345505,0.30559259090890156,0.03074473695654801
0.72,0.6636626721345505,0.30559259090890156,0.03074473695654801
0.74,0.6636626721345505,0.30559259090890156,0.03074473695654801
0.76,0.6636626721345505,0.30559259090890156,0.03074473695654801
0.78,0.6636626721345505,0.30559259090890156,0.03074473695654801
0.8,0.6636626721345505,0.30559259090890156,0.03074473695654801
0.8200000000000001,0.6636626721345505,0.30559259090890156,0.03074473695654801
0.84,0.6636626721345505,0.30559259090890156,0.03074473695654801
0.86,0.6636626721345505,0.30559259090890156,0.03074473695654801
0.88,0.6636626721345505,0.30559259090890156,0.03074473695654801
0.9,0.6636626721345505,0.30559259090890156,0.03074473695654801
0.92,0.6636626721345505,0.30559259090890156,0.03074473695654801
0.9400000000000001,0.6636626721345505,0.30559259090890156,0.03074473695654801
0.96,0.6636626721345505,0.30559259090890156,0.03074473695654801
0.98,0.6636626721345505,0.30559259090890156,0.03074473695654801
1.0,0.6636626721345505,0.30559259090890156,0.03074473695654801
