fraction_of_volc,OH,H2O2,TMI
0.0,0.32514448764995485,0.1302516934494822,0.544603818900563
0.02,0.32514448764995485,0.1302516934494822,0.544603818900563
0.04,0.32514448764995485,0.1302516934494822,0.544603818900563
0.06,0.32514448764995485,0.1302516934494822,0.544603818900563
0.08,0.32514448764995485,0.1302516934494822,0.544603818900563
0.1,0.32514448764995485,0.1302516934494822,0.544603818900563
0.12,0.32514448764995485,0.1302516934494822,0.544603818900563
0.14,0.32514448764995485,0.1302516934494822,0.544603818900563
0.16,0.33325084671206007,0.14507710385725897,0.521672049430681
0.18,0.34135720577416523,0.15990251426503574,0.49874027996079906
0.2,0.34946356483627045,0.1747279246728125,0.4758085104909171
0.22,0.35756992389837566,0.18955333508058927,0.4528767410210351
0.24,0.3656762829604808,0.20437874548836604,0.42994497155115313
0.26,0.37378264202258604,0.21920415589614284,0.4070132020812712
0.28,0.38188900108469126,0.23402956630391958,0.38408143261138916
0.3,0.3899953601467964,0.24885497671169637,0.3611496631415072
0.32,0.39810171920890164,0.26368038711947317,0.33821789367162525
0.34,0.4062080782710068,0.2785057975272499,0.3152861242017433
0.36,0.414314437333112,0.29333120793502665,0.29235435473186133
0.38,0.42242079639521724,0.30815661834280345,0.2694225852619794
0.4,0.43052715545732245,0.32298202875058024,0.24649081579209742
0.42,0.4386335145194276,0.337807439158357,0.2235590463222154
0.44,0.44673987358153283,0.3526328495661337,0.20062727685233345
0.46,0.454846232643638,0.3674582599739105,0.1776955073824515
0.48,0.4629525917057432,0.3822836703816873,0.15476373791256953
0.5,0.47105895076784843,0.39710908078946405,0.13183196844268757
0.52,0.47916530982995365,0.4119344911972408,0.10890019897280556
0.54,0.4872716688920588,0.42675990160501764,0.0859684295029236
0.56,0.495378027954164,0.4415853120127944,0.06303666003304165
0.58,0.5034843870162692,0.4564107224205711,0.04010489056315969
0.6,0.5115907460783744,0.4712361328283479,0.017173121093277736
0.62,0.5115907460783744,0.4712361328283479,0.017173121093277736
0.64,0.5115907460783744,0.4712361328283479,0.017173121093277736
0.66,0.5115907460783744,0.4712361328283479,0.017173121093277736
0.68,0.5115907460783744,0.4712361328283479,0.017173121093277736
0.7000000000000001,0.5115907460783744,0.4712361328283479,0.017173121093277736
0.72,0.5115907460783744,0.4712361328283479,0.017173121093277736
0.74,0.5115907460783744,0.4712361328283479,0.017173121093277736
0.76,0.5115907460783744,0.4712361328283479,0.017173121093277736
0.78,0.5115907460783744,0.4712361328283479,0.017173121093277736
0.8,0.5115907460783744,0.4712361328283479,0.017173121093277736
0.8200000000000001,0.5115907460783744,0.4712361328283479,0.017173121093277736
0.84,0.5115907460783744,0.4712361328283479,0.017173121093277736
0.86,0.5115907460783744,0.4712361328283479,0.017173121093277736
0.88,0.5115907460783744,0.4712361328283479,0.017173121093277736
0.9,0.5115907460783744,0.4712361328283479,0.017173121093277736
0.92,0.5115907460783744,0.4712361328283479,0.017173121093277736
0.9400000000000001,0.5115907460783744,0.4712361328283479,0.017173121093277736
0.96,0.5115907460783744,0.4712361328283479,0.017173121093277736
0.98,0.5115907460783744,0.4712361328283479,0.017173121093277736
1.0,0.5115907460783744,0.4712361328283479,0.017173121093277736
