fraction_of_volc,OH,H2O2,TMI
0.0,0.5833921017310925,0.18442761994231863,0.23218027832658877
0.02,0.5833921017310925,0.18442761994231863,0.23218027832658877
0.04,0.5833921017310925,0.18442761994231863,0.23218027832658877
0.06,0.5833921017310925,0.18442761994231863,0.23218027832658877
0.08,0.5833921017310925,0.18442761994231863,0.23218027832658877
0.1,0.5777653247844482,0.1900116819342519,0.2322229932812998
0.12,0.5721385478378038,0.19559574392618517,0.23226570823601084
0.14,0.5665117708911596,0.20117980591811846,0.23230842319072187
0.16,0.5608849939445153,0.20676386791005175,0.23235113814543287
0.18,0.5552582169978709,0.212347929901985,0.2323938531001439
0.2,0.5496314400512267,0.2179319918939183,0.23243656805485494
0.22,0.5440046631045824,0.22351605388585155,0.23247928300956597
0.24,0.538377886157938,0.22910011587778484,0.232521997964277
0.26,0.5327511092112938,0.23468417786971812,0.23256471291898803
0.28,0.5271243322646495,0.24026823986165138,0.23260742787369906
0.3,0.5214975553180052,0.24585230185358467,0.23265014282841007
0.32,0.5158707783713609,0.25143636384551793,0.2326928577831211
0.34,0.5102440014247166,0.2570204258374512,0.23273557273783213
0.36,0.5046172244780723,0.2626044878293845,0.23277828769254316
0.38,0.49899044753142796,0.2681885498213178,0.2328210026472542
0.4,0.4933636705847837,0.2737726118132511,0.23286371760196523
0.42,0.48773689363813943,0.2793566738051843,0.23290643255667626
0.44,0.4821101166914951,0.2849407357971176,0.23294914751138726
0.46,0.4764833397448508,0.2905247977890509,0.2329918624660983
0.48,0.47085656279820653,0.29610885978098417,0.23303457742080932
0.5,0.4652297858515622,0.3016929217729174,0.23307729237552036
0.52,0.4596030089049179,0.3072769837648507,0.2331200073302314
0.54,0.45397623195827363,0.312861045756784,0.23316272228494242
0.56,0.4483494550116293,0.31844510774871726,0.23320543723965345
0.58,0.442722678064985,0.32402916974065055,0.23324815219436446
0.6,0.43709590111834074,0.32961323173258383,0.2332908671490755
0.62,0.4314691241716964,0.3351972937245171,0.23333358210378652
0.64,0.4258423472250521,0.3407813557164504,0.23337629705849755
0.66,0.42021557027840784,0.34636541770838364,0.23341901201320858
0.68,0.4145887933317635,0.3519494797003169,0.2334617269679196
0.7000000000000001,0.4089620163851192,0.35753354169225016,0.23350444192263065
0.72,0.40333523943847494,0.36311760368418344,0.23354715687734165
0.74,0.39770846249183067,0.36870166567611673,0.23358987183205268
0.76,0.39208168554518635,0.37428572766805,0.2336325867867637
0.78,0.38645490859854204,0.3798697896599833,0.23367530174147474
0.8,0.38645490859854204,0.3798697896599833,0.23367530174147474
0.8200000000000001,0.38645490859854204,0.3798697896599833,0.23367530174147474
0.84,0.38645490859854204,0.3798697896599833,0.23367530174147474
0.86,0.38645490859854204,0.3798697896599833,0.23367530174147474
0.88,0.38645490859854204,0.3798697896599833,0.23367530174147474
0.9,0.38645490859854204,0.3798697896599833,0.23367530174147474
0.92,0.38645490859854204,0.3798697896599833,0.23367530174147474
0.9400000000000001,0.38645490859854204,0.3798697896599833,0.23367530174147474
0.96,0.38645490859854204,0.3798697896599833,0.23367530174147474
0.98,0.38645490859854204,0.3798697896599833,0.23367530174147474
1.0,0.38645490859854204,0.3798697896599833,0.23367530174147474
