fraction_of_volc,OH,H2O2,TMI
0.0,0.05242407306115195,0.8836379290555895,0.06393799788325841
0.02,0.05242407306115195,0.8836379290555895,0.06393799788325841
0.04,0.05242407306115195,0.8836379290555895,0.06393799788325841
0.06,0.05242407306115195,0.8836379290555895,0.06393799788325841
0.08,0.05242407306115195,0.8836379290555895,0.06393799788325841
0.1,0.05242407306115195,0.8836379290555895,0.06393799788325841
0.12,0.05242407306115195,0.8836379290555895,0.06393799788325841
0.14,0.05242407306115195,0.8836379290555895,0.06393799788325841
0.16,0.05242407306115195,0.8836379290555895,0.06393799788325841
0.18,0.05242407306115195,0.8836379290555895,0.06393799788325841
0.2,0.05242407306115195,0.8836379290555895,0.06393799788325841
0.22,0.05242407306115195,0.8836379290555895,0.06393799788325841
0.24,0.05242407306115195,0.8836379290555895,0.06393799788325841
0.26,0.05242407306115195,0.8836379290555895,0.06393799788325841
0.28,0.05242407306115195,0.8836379290555895,0.06393799788325841
0.3,0.06529104499516339,0.870258753842172,0.06445020116266444
0.32,0.07815801692917485,0.8568795786287545,0.06496240444207048
0.34,0.09102498886318627,0.843500403415337,0.06547460772147651
0.36,0.10389196079719773,0.8301212282019196,0.06598681100088255
0.38,0.11675893273120916,0.8167420529885021,0.06649901428028858
0.4,0.12962590466522061,0.8033628777750847,0.06701121755969461
0.42,0.14249287659923204,0.7899837025616673,0.06752342083910065
0.44,0.1553598485332435,0.7766045273482498,0.06803562411850668
0.46,0.16822682046725493,0.7632253521348323,0.06854782739791272
0.48,0.18109379240126638,0.7498461769214149,0.06906003067731875
0.5,0.18109379240126638,0.7498461769214149,0.06906003067731875
0.52,0.18109379240126638,0.7498461769214149,0.06906003067731875
0.54,0.18109379240126638,0.7498461769214149,0.06906003067731875
0.56,0.18109379240126638,0.7498461769214149,0.06906003067731875
0.58,0.18109379240126638,0.7498461769214149,0.06906003067731875
0.6,0.18109379240126638,0.7498461769214149,0.06906003067731875
0.62,0.18109379240126638,0.7498461769214149,0.06906003067731875
0.64,0.18109379240126638,0.7498461769214149,0.06906003067731875
0.66,0.18109379240126638,0.7498461769214149,0.06906003067731875
0.68,0.18109379240126638,0.7498461769214149,0.06906003067731875
0.7000000000000001,0.18109379240126638,0.7498461769214149,0.06906003067731875
0.72,0.18109379240126638,0.7498461769214149,0.06906003067731875
0.74,0.18109379240126638,0.7498461769214149,0.06906003067731875
0.76,0.18109379240126638,0.7498461769214149,0.06906003067731875
0.78,0.18109379240126638,0.7498461769214149,0.06906003067731875
0.8,0.18109379240126638,0.7498461769214149,0.06906003067731875
0.8200000000000001,0.18109379240126638,0.7498461769214149,0.06906003067731875
0.84,0.18109379240126638,0.7498461769214149,0.06906003067731875
0.86,0.18109379240126638,0.7498461769214149,0.06906003067731875
0.88,0.18109379240126638,0.7498461769214149,0.06906003067731875
0.9,0.18109379240126638,0.7498461769214149,0.06906003067731875
0.92,0.18109379240126638,0.7498461769214149,0.06906003067731875
0.9400000000000001,0.18109379240126638,0.7498461769214149,0.06906003067731875
0.96,0.18109379240126638,0.7498461769214149,0.06906003067731875
0.98,0.18109379240126638,0.7498461769214149,0.06906003067731875
1.0,0.18109379240126638,0.7498461769214149,0.06906003067731875
