fraction_of_volc,OH,H2O2,TMI
0.0,0.07408167497498486,0.1301891633609826,0.7957291616640326
0.02,0.07408167497498486,0.1301891633609826,0.7957291616640326
0.04,0.07408167497498486,0.1301891633609826,0.7957291616640326
0.06,0.07408167497498486,0.1301891633609826,0.7957291616640326
0.08,0.07408167497498486,0.1301891633609826,0.7957291616640326
0.1,0.07408167497498486,0.1301891633609826,0.7957291616640326
0.12,0.07408167497498486,0.1301891633609826,0.7957291616640326
0.14,0.07408167497498486,0.1301891633609826,0.7957291616640326
0.16,0.07408167497498486,0.1301891633609826,0.7957291616640326
0.18,0.07408167497498486,0.1301891633609826,0.7957291616640326
0.2,0.07408167497498486,0.1301891633609826,0.7957291616640326
0.22,0.07408167497498486,0.1301891633609826,0.7957291616640326
0.24,0.07408167497498486,0.1301891633609826,0.7957291616640326
0.26,0.07408167497498486,0.1301891633609826,0.7957291616640326
0.28,0.07408167497498486,0.1301891633609826,0.7957291616640326
0.3,0.07408167497498486,0.1301891633609826,0.7957291616640326
0.32,0.07408167497498486,0.1301891633609826,0.7957291616640326
0.34,0.07408167497498486,0.1301891633609826,0.7957291616640326
0.36,0.07408167497498486,0.1301891633609826,0.7957291616640326
0.38,0.07408167497498486,0.1301891633609826,0.7957291616640326
0.4,0.07408167497498486,0.1301891633609826,0.7957291616640326
0.42,0.07408167497498486,0.1301891633609826,0.7957291616640326
0.44,0.07408167497498486,0.1301891633609826,0.7957291616640326
0.46,0.07408167497498486,0.1301891633609826,0.7957291616640326
0.48,0.07408167497498486,0.1301891633609826,0.7957291616640326
0.5,0.07408167497498486,0.1301891633609826,0.7957291616640326
0.52,0.07408167497498486,0.1301891633609826,0.7957291616640326
0.54,0.07408167497498486,0.1301891633609826,0.7957291616640326
0.56,0.08383259160682867,0.13370495617819916,0.7824624522149722
0.58,0.09358350823867248,0.13722074899541573,0.7691957427659118
0.6,0.1033344248705163,0.1407365418126323,0.7559290333168515
0.62,0.1130853415023601,0.14425233462984888,0.7426623238677911
0.64,0.12283625813420393,0.14776812744706544,0.7293956144187307
0.66,0.13258717476604776,0.151283920264282,0.7161289049696703
0.68,0.14233809139789155,0.15479971308149856,0.7028621955206099
0.7000000000000001,0.15208900802973535,0.15831550589871513,0.6895954860715495
0.72,0.16183992466157918,0.1618312987159317,0.6763287766224891
0.74,0.171590841293423,0.16534709153314825,0.6630620671734287
0.76,0.1813417579252668,0.16886288435036484,0.6497953577243684
0.78,0.19109267455711063,0.17237867716758137,0.636528648275308
0.8,0.20084359118895442,0.17589446998479796,0.6232619388262476
0.8200000000000001,0.21059450782079825,0.17941026280201453,0.6099952293771872
0.84,0.22034542445264205,0.1829260556192311,0.5967285199281268
0.86,0.23009634108448587,0.18644184843644765,0.5834618104790664
0.88,0.2398472577163297,0.1899576412536642,0.570195101030006
0.9,0.2398472577163297,0.1899576412536642,0.570195101030006
0.92,0.2398472577163297,0.1899576412536642,0.570195101030006
0.9400000000000001,0.2398472577163297,0.1899576412536642,0.570195101030006
0.96,0.2398472577163297,0.1899576412536642,0.570195101030006
0.98,0.2398472577163297,0.1899576412536642,0.570195101030006
1.0,0.2398472577163297,0.1899576412536642,0.570195101030006
