fraction_of_volc,OH,H2O2,TMI
0.0,0.1232925033811042,0.6056221707340541,0.27108532588484163
0.02,0.1232925033811042,0.6056221707340541,0.27108532588484163
0.04,0.1232925033811042,0.6056221707340541,0.27108532588484163
0.06,0.1232925033811042,0.6056221707340541,0.27108532588484163
0.08,0.1232925033811042,0.6056221707340541,0.27108532588484163
0.1,0.1232925033811042,0.6056221707340541,0.27108532588484163
0.12,0.1232925033811042,0.6056221707340541,0.27108532588484163
0.14,0.1232925033811042,0.6056221707340541,0.27108532588484163
0.16,0.11964013591722006,0.5893527912128437,0.2910070728699362
0.18,0.1159877684533359,0.5730834116916332,0.31092881985503085
0.2,0.11233540098945176,0.5568140321704228,0.3308505668401254
0.22,0.10868303352556762,0.5405446526492124,0.35077231382522
0.24,0.10503066606168346,0.5242752731280018,0.37069406081031464
0.26,0.10137829859779932,0.5080058936067915,0.3906158077954092
0.28,0.09772593113391517,0.491736514085581,0.4105375547805038
0.3,0.09407356367003103,0.4754671345643705,0.43045930176559843
0.32,0.09042119620614687,0.45919775504316007,0.450381048750693
0.34,0.08676882874226273,0.44292837552194964,0.4703027957357876
0.36,0.08311646127837857,0.4266589960007392,0.49022454272088223
0.38,0.07946409381449443,0.41038961647952876,0.5101462897059768
0.4,0.07581172635061029,0.3941202369583183,0.5300680366910714
0.42,0.07215935888672614,0.3778508574371079,0.549989783676166
0.44,0.068506991422842,0.3615814779158974,0.5699115306612605
0.46,0.06485462395895784,0.34531209839468696,0.5898332776463552
0.48,0.061202256495073694,0.3290427188734765,0.6097550246314498
0.5,0.057549889031189544,0.3127733393522661,0.6296767716165443
0.52,0.0538975215673054,0.2965039598310556,0.649598518601639
0.54,0.05024515410342126,0.28023458030984516,0.6695202655867336
0.56,0.0465927866395371,0.2639652007886347,0.6894420125718281
0.58,0.04294041917565296,0.2476958212674243,0.7093637595569228
0.6,0.039288051711768815,0.23142644174621385,0.7292855065420174
0.62,0.03563568424788466,0.21515706222500341,0.7492072535271119
0.64,0.031983316784000515,0.19888768270379292,0.7691290005122066
0.66,0.028330949320116372,0.1826183031825825,0.7890507474973012
0.68,0.02467858185623223,0.16634892366137205,0.8089724944823957
0.7000000000000001,0.021026214392348072,0.1500795441401616,0.8288942414674902
0.72,0.01737384692846393,0.13381016461895118,0.848815988452585
0.74,0.013721479464579786,0.11754078509774069,0.8687377354376795
0.76,0.010069112000695627,0.10127140557653026,0.888659482422774
0.78,0.010069112000695627,0.10127140557653026,0.888659482422774
0.8,0.010069112000695627,0.10127140557653026,0.888659482422774
0.8200000000000001,0.010069112000695627,0.10127140557653026,0.888659482422774
0.84,0.010069112000695627,0.10127140557653026,0.888659482422774
0.86,0.010069112000695627,0.10127140557653026,0.888659482422774
0.88,0.010069112000695627,0.10127140557653026,0.888659482422774
0.9,0.010069112000695627,0.10127140557653026,0.888659482422774
0.92,0.010069112000695627,0.10127140557653026,0.888659482422774
0.9400000000000001,0.010069112000695627,0.10127140557653026,0.888659482422774
0.96,0.010069112000695627,0.10127140557653026,0.888659482422774
0.98,0.010069112000695627,0.10127140557653026,0.888659482422774
1.0,0.010069112000695627,0.10127140557653026,0.888659482422774
