fraction_of_volc,OH,H2O2,TMI
0.0,0.6975952647034254,0.11873761537543621,0.18366711992113854
0.02,0.6975952647034254,0.11873761537543621,0.18366711992113854
0.04,0.6975952647034254,0.11873761537543621,0.18366711992113854
0.06,0.6975952647034254,0.11873761537543621,0.18366711992113854
0.08,0.6975952647034254,0.11873761537543621,0.18366711992113854
0.1,0.6975952647034254,0.11873761537543621,0.18366711992113854
0.12,0.6975952647034254,0.11873761537543621,0.18366711992113854
0.14,0.6975952647034254,0.11873761537543621,0.18366711992113854
0.16,0.6975952647034254,0.11873761537543621,0.18366711992113854
0.18,0.6975952647034254,0.11873761537543621,0.18366711992113854
0.2,0.6975952647034254,0.11873761537543621,0.18366711992113854
0.22,0.6975952647034254,0.11873761537543621,0.18366711992113854
0.24,0.6975952647034254,0.11873761537543621,0.18366711992113854
0.26,0.6975952647034254,0.11873761537543621,0.18366711992113854
0.28,0.6975952647034254,0.11873761537543621,0.18366711992113854
0.3,0.6975952647034254,0.11873761537543621,0.18366711992113854
0.32,0.6975952647034254,0.11873761537543621,0.18366711992113854
0.34,0.6975952647034254,0.11873761537543621,0.18366711992113854
0.36,0.6975952647034254,0.11873761537543621,0.18366711992113854
0.38,0.6975952647034254,0.11873761537543621,0.18366711992113854
0.4,0.6975952647034254,0.11873761537543621,0.18366711992113854
0.42,0.6975952647034254,0.11873761537543621,0.18366711992113854
0.44,0.6975952647034254,0.11873761537543621,0.18366711992113854
0.46,0.6975952647034254,0.11873761537543621,0.18366711992113854
0.48,0.6975952647034254,0.11873761537543621,0.18366711992113854
0.5,0.6975952647034254,0.11873761537543621,0.18366711992113854
0.52,0.6975952647034254,0.11873761537543621,0.18366711992113854
0.54,0.6975952647034254,0.11873761537543621,0.18366711992113854
0.56,0.6975952647034254,0.11873761537543621,0.18366711992113854
0.58,0.6975952647034254,0.11873761537543621,0.18366711992113854
0.6,0.6975952647034254,0.11873761537543621,0.18366711992113854
0.62,0.6975952647034254,0.11873761537543621,0.18366711992113854
0.64,0.6975952647034254,0.11873761537543621,0.18366711992113854
0.66,0.6975952647034254,0.11873761537543621,0.18366711992113854
0.68,0.6975952647034254,0.11873761537543621,0.18366711992113854
0.7000000000000001,0.6975952647034254,0.11873761537543621,0.18366711992113854
0.72,0.6975952647034254,0.11873761537543621,0.18366711992113854
0.74,0.6975952647034254,0.11873761537543621,0.18366711992113854
0.76,0.598943493355067,0.22638849157664265,0.17466801506829038
0.78,0.5002917220067088,0.3340393677778491,0.1656689102154422
0.8,0.40163995065835045,0.4416902439790555,0.15666980536259403
0.8200000000000001,0.30298817930999217,0.5493411201802619,0.14767070050974587
0.84,0.20433640796163388,0.6569919963814684,0.13867159565689768
0.86,0.10568463661327554,0.7646428725826748,0.12967249080404952
0.88,0.007032865264917348,0.8722937487838813,0.12067338595120136
0.9,0.007032865264917348,0.8722937487838813,0.12067338595120136
0.92,0.007032865264917348,0.8722937487838813,0.12067338595120136
0.9400000000000001,0.007032865264917348,0.8722937487838813,0.12067338595120136
0.96,0.007032865264917348,0.8722937487838813,0.12067338595120136
0.98,0.007032865264917348,0.8722937487838813,0.12067338595120136
1.0,0.007032865264917348,0.8722937487838813,0.12067338595120136
