fraction_of_volc,OH,H2O2,TMI
0.0,0.6756136022779754,0.03299682755430599,0.29138957016771855
0.02,0.6756136022779754,0.03299682755430599,0.29138957016771855
0.04,0.6756136022779754,0.03299682755430599,0.29138957016771855
0.06,0.6756136022779754,0.03299682755430599,0.29138957016771855
0.08,0.6756136022779754,0.03299682755430599,0.29138957016771855
0.1,0.6756136022779754,0.03299682755430599,0.29138957016771855
0.12,0.6756136022779754,0.03299682755430599,0.29138957016771855
0.14,0.6756136022779754,0.03299682755430599,0.29138957016771855
0.16,0.6756136022779754,0.03299682755430599,0.29138957016771855
0.18,0.6756136022779754,0.03299682755430599,0.29138957016771855
0.2,0.6756136022779754,0.03299682755430599,0.29138957016771855
0.22,0.6478390547276437,0.039370672533916,0.3127902727384403
0.24,0.6200645071773119,0.045744517513526005,0.334190975309162
0.26,0.5922899596269802,0.05211836249313602,0.3555916778798837
0.28,0.5645154120766485,0.05849220747274603,0.37699238045060546
0.3,0.5367408645263168,0.06486605245235604,0.3983930830213272
0.32,0.5089663169759849,0.07123989743196604,0.41979378559204894
0.34,0.4811917694256532,0.07761374241157605,0.4411944881627706
0.36,0.45341722187532146,0.08398758739118606,0.46259519073349237
0.38,0.4256426743249897,0.09036143237079607,0.4839958933042141
0.4,0.397868126774658,0.09673527735040607,0.5053965958749358
0.42,0.37009357922432623,0.1031091223300161,0.5267972984456575
0.44,0.34231903167399447,0.10948296730962609,0.5481980010163793
0.46,0.31454448412366276,0.11585681228923611,0.5695987035871011
0.48,0.286769936573331,0.1222306572688461,0.5909994061578228
0.5,0.2589953890229993,0.12860450224845613,0.6124001087285444
0.52,0.2589953890229993,0.12860450224845613,0.6124001087285444
0.54,0.2589953890229993,0.12860450224845613,0.6124001087285444
0.56,0.2589953890229993,0.12860450224845613,0.6124001087285444
0.58,0.2589953890229993,0.12860450224845613,0.6124001087285444
0.6,0.2589953890229993,0.12860450224845613,0.6124001087285444
0.62,0.2589953890229993,0.12860450224845613,0.6124001087285444
0.64,0.2589953890229993,0.12860450224845613,0.6124001087285444
0.66,0.2589953890229993,0.12860450224845613,0.6124001087285444
0.68,0.2589953890229993,0.12860450224845613,0.6124001087285444
0.7000000000000001,0.2589953890229993,0.12860450224845613,0.6124001087285444
0.72,0.2589953890229993,0.12860450224845613,0.6124001087285444
0.74,0.2589953890229993,0.12860450224845613,0.6124001087285444
0.76,0.2589953890229993,0.12860450224845613,0.6124001087285444
0.78,0.2589953890229993,0.12860450224845613,0.6124001087285444
0.8,0.2589953890229993,0.12860450224845613,0.6124001087285444
0.8200000000000001,0.2589953890229993,0.12860450224845613,0.6124001087285444
0.84,0.2589953890229993,0.12860450224845613,0.6124001087285444
0.86,0.2589953890229993,0.12860450224845613,0.6124001087285444
0.88,0.2589953890229993,0.12860450224845613,0.6124001087285444
0.9,0.2589953890229993,0.12860450224845613,0.6124001087285444
0.92,0.2589953890229993,0.12860450224845613,0.6124001087285444
0.9400000000000001,0.2589953890229993,0.12860450224845613,0.6124001087285444
0.96,0.2589953890229993,0.12860450224845613,0.6124001087285444
0.98,0.2589953890229993,0.12860450224845613,0.6124001087285444
1.0,0.2589953890229993,0.12860450224845613,0.6124001087285444
