fraction_of_volc,OH,H2O2,TMI
0.0,0.63510606986204,0.29944909219306376,0.06544483794489625
0.02,0.63510606986204,0.29944909219306376,0.06544483794489625
0.04,0.63510606986204,0.29944909219306376,0.06544483794489625
0.06,0.63510606986204,0.29944909219306376,0.06544483794489625
0.08,0.63510606986204,0.29944909219306376,0.06544483794489625
0.1,0.63510606986204,0.29944909219306376,0.06544483794489625
0.12,0.63510606986204,0.29944909219306376,0.06544483794489625
0.14,0.63510606986204,0.29944909219306376,0.06544483794489625
0.16,0.63510606986204,0.29944909219306376,0.06544483794489625
0.18,0.63510606986204,0.29944909219306376,0.06544483794489625
0.2,0.63510606986204,0.29944909219306376,0.06544483794489625
0.22,0.63510606986204,0.29944909219306376,0.06544483794489625
0.24,0.63510606986204,0.29944909219306376,0.06544483794489625
0.26,0.63510606986204,0.29944909219306376,0.06544483794489625
0.28,0.63510606986204,0.29944909219306376,0.06544483794489625
0.3,0.63510606986204,0.29944909219306376,0.06544483794489625
0.32,0.63510606986204,0.29944909219306376,0.06544483794489625
0.34,0.63510606986204,0.29944909219306376,0.06544483794489625
0.36,0.63510606986204,0.29944909219306376,0.06544483794489625
0.38,0.63510606986204,0.29944909219306376,0.06544483794489625
0.4,0.63510606986204,0.29944909219306376,0.06544483794489625
0.42,0.63510606986204,0.29944909219306376,0.06544483794489625
0.44,0.63510606986204,0.29944909219306376,0.06544483794489625
0.46,0.63510606986204,0.29944909219306376,0.06544483794489625
0.48,0.63510606986204,0.29944909219306376,0.06544483794489625
0.5,0.63510606986204,0.29944909219306376,0.06544483794489625
0.52,0.63510606986204,0.29944909219306376,0.06544483794489625
0.54,0.63510606986204,0.29944909219306376,0.06544483794489625
0.56,0.63510606986204,0.29944909219306376,0.06544483794489625
0.58,0.63510606986204,0.29944909219306376,0.06544483794489625
0.6,0.63510606986204,0.29944909219306376,0.06544483794489625
0.62,0.63510606986204,0.29944909219306376,0.06544483794489625
0.64,0.63510606986204,0.29944909219306376,0.06544483794489625
0.66,0.63510606986204,0.29944909219306376,0.06544483794489625
0.68,0.6552190626033364,0.2753295454442377,0.06945139195242589
0.7000000000000001,0.6753320553446328,0.25120999869541166,0.07345794595995553
0.72,0.6954450480859292,0.22709045194658561,0.07746449996748518
0.74,0.7155580408272255,0.20297090519775957,0.08147105397501482
0.76,0.7356710335685219,0.17885135844893352,0.08547760798254446
0.78,0.7557840263098183,0.1547318117001075,0.08948416199007411
0.8,0.7758970190511147,0.13061226495128145,0.09349071599760375
0.8200000000000001,0.7960100117924112,0.1064927182024554,0.09749727000513339
0.84,0.8161230045337076,0.08237317145362935,0.10150382401266303
0.86,0.8161230045337076,0.08237317145362935,0.10150382401266303
0.88,0.8161230045337076,0.08237317145362935,0.10150382401266303
0.9,0.8161230045337076,0.08237317145362935,0.10150382401266303
0.92,0.8161230045337076,0.08237317145362935,0.10150382401266303
0.9400000000000001,0.8161230045337076,0.08237317145362935,0.10150382401266303
0.96,0.8161230045337076,0.08237317145362935,0.10150382401266303
0.98,0.8161230045337076,0.08237317145362935,0.10150382401266303
1.0,0.8161230045337076,0.08237317145362935,0.10150382401266303
