fraction_of_volc,OH,H2O2,TMI
0.0,0.3271481439514768,0.02674508971787421,0.6461067663306491
0.02,0.3271481439514768,0.02674508971787421,0.6461067663306491
0.04,0.3271481439514768,0.02674508971787421,0.6461067663306491
0.06,0.3271481439514768,0.02674508971787421,0.6461067663306491
0.08,0.3271481439514768,0.02674508971787421,0.6461067663306491
0.1,0.3271481439514768,0.02674508971787421,0.6461067663306491
0.12,0.3271481439514768,0.02674508971787421,0.6461067663306491
0.14,0.3271481439514768,0.02674508971787421,0.6461067663306491
0.16,0.3271481439514768,0.02674508971787421,0.6461067663306491
0.18,0.3271481439514768,0.02674508971787421,0.6461067663306491
0.2,0.3271481439514768,0.02674508971787421,0.6461067663306491
0.22,0.3271481439514768,0.02674508971787421,0.6461067663306491
0.24,0.3271481439514768,0.02674508971787421,0.6461067663306491
0.26,0.3229278426761166,0.03224141946039869,0.6448307378634848
0.28,0.3187075414007564,0.03773774920292317,0.6435547093963205
0.3,0.31448724012539625,0.04323407894544766,0.6422786809291562
0.32,0.3102669388500361,0.04873040868797214,0.6410026524619918
0.34,0.3060466375746759,0.05422673843049662,0.6397266239948276
0.36,0.3018263362993157,0.0597230681730211,0.6384505955276633
0.38,0.29760603502395555,0.06521939791554558,0.6371745670604989
0.4,0.2933857337485954,0.07071572765807006,0.6358985385933347
0.42,0.2891654324732352,0.07621205740059454,0.6346225101261703
0.44,0.284945131197875,0.08170838714311902,0.633346481659006
0.46,0.28072482992251485,0.0872047168856435,0.6320704531918417
0.48,0.2765045286471547,0.092701046628168,0.6307944247246774
0.5,0.2722842273717945,0.09819737637069248,0.6295183962575132
0.52,0.2680639260964343,0.10369370611321696,0.6282423677903488
0.54,0.26384362482107415,0.10919003585574144,0.6269663393231845
0.56,0.25962332354571394,0.11468636559826592,0.6256903108560202
0.58,0.2554030222703538,0.1201826953407904,0.6244142823888559
0.6,0.2511827209949936,0.12567902508331488,0.6231382539216915
0.62,0.2469624197196334,0.13117535482583936,0.6218622254545273
0.64,0.24274211844427324,0.13667168456836384,0.620586196987363
0.66,0.23852181716891308,0.14216801431088832,0.6193101685201986
0.68,0.2343015158935529,0.1476643440534128,0.6180341400530344
0.7000000000000001,0.2300812146181927,0.15316067379593729,0.61675811158587
0.72,0.2300812146181927,0.15316067379593729,0.61675811158587
0.74,0.2300812146181927,0.15316067379593729,0.61675811158587
0.76,0.2300812146181927,0.15316067379593729,0.61675811158587
0.78,0.2300812146181927,0.15316067379593729,0.61675811158587
0.8,0.2300812146181927,0.15316067379593729,0.61675811158587
0.8200000000000001,0.2300812146181927,0.15316067379593729,0.61675811158587
0.84,0.2300812146181927,0.15316067379593729,0.61675811158587
0.86,0.2300812146181927,0.15316067379593729,0.61675811158587
0.88,0.2300812146181927,0.15316067379593729,0.61675811158587
0.9,0.2300812146181927,0.15316067379593729,0.61675811158587
0.92,0.2300812146181927,0.15316067379593729,0.61675811158587
0.9400000000000001,0.2300812146181927,0.15316067379593729,0.61675811158587
0.96,0.2300812146181927,0.15316067379593729,0.61675811158587
0.98,0.2300812146181927,0.15316067379593729,0.61675811158587
1.0,0.2300812146181927,0.15316067379593729,0.61675811158587
