fraction_of_volc,OH,H2O2,TMI
0.0,0.7607757936147932,0.18431926306300409,0.05490494332220251
0.02,0.7607757936147932,0.18431926306300409,0.05490494332220251
0.04,0.7607757936147932,0.18431926306300409,0.05490494332220251
0.06,0.7607757936147932,0.18431926306300409,0.05490494332220251
0.08,0.7607757936147932,0.18431926306300409,0.05490494332220251
0.1,0.7607757936147932,0.18431926306300409,0.05490494332220251
0.12,0.7607757936147932,0.18431926306300409,0.05490494332220251
0.14,0.7607757936147932,0.18431926306300409,0.05490494332220251
0.16,0.7607757936147932,0.18431926306300409,0.05490494332220251
0.18,0.7607757936147932,0.18431926306300409,0.05490494332220251
0.2,0.7607757936147932,0.18431926306300409,0.05490494332220251
0.22,0.7607757936147932,0.18431926306300409,0.05490494332220251
0.24,0.7607757936147932,0.18431926306300409,0.05490494332220251
0.26,0.7607757936147932,0.18431926306300409,0.05490494332220251
0.28,0.7607757936147932,0.18431926306300409,0.05490494332220251
0.3,0.7607757936147932,0.18431926306300409,0.05490494332220251
0.32,0.7607757936147932,0.18431926306300409,0.05490494332220251
0.34,0.7607757936147932,0.18431926306300409,0.05490494332220251
0.36,0.7607757936147932,0.18431926306300409,0.05490494332220251
0.38,0.7607757936147932,0.18431926306300409,0.05490494332220251
0.4,0.7607757936147932,0.18431926306300409,0.05490494332220251
0.42,0.7607757936147932,0.18431926306300409,0.05490494332220251
0.44,0.6890717835083936,0.2579546838666339,0.052973532624972286
0.46,0.617367773401994,0.33159010467026373,0.05104212192774206
0.48,0.5456637632955945,0.40522552547389357,0.04911071123051183
0.5,0.47395975318919487,0.4788609462775234,0.04717930053328161
0.52,0.40225574308279527,0.5524963670811532,0.04524788983605138
0.54,0.33055173297639573,0.6261317878847831,0.043316479138821154
0.56,0.25884772286999613,0.6997672086884129,0.04138506844159092
0.58,0.18714371276359654,0.7734026294920427,0.039453657744360694
0.6,0.11543970265719694,0.8470380502956726,0.03752224704713047
0.62,0.04373569255079738,0.9206734710993024,0.03559083634990024
0.64,0.04373569255079738,0.9206734710993024,0.03559083634990024
0.66,0.04373569255079738,0.9206734710993024,0.03559083634990024
0.68,0.04373569255079738,0.9206734710993024,0.03559083634990024
0.7000000000000001,0.04373569255079738,0.9206734710993024,0.03559083634990024
0.72,0.04373569255079738,0.9206734710993024,0.03559083634990024
0.74,0.04373569255079738,0.9206734710993024,0.03559083634990024
0.76,0.04373569255079738,0.9206734710993024,0.03559083634990024
0.78,0.04373569255079738,0.9206734710993024,0.03559083634990024
0.8,0.04373569255079738,0.9206734710993024,0.03559083634990024
0.8200000000000001,0.04373569255079738,0.9206734710993024,0.03559083634990024
0.84,0.04373569255079738,0.9206734710993024,0.03559083634990024
0.86,0.04373569255079738,0.9206734710993024,0.03559083634990024
0.88,0.04373569255079738,0.9206734710993024,0.03559083634990024
0.9,0.04373569255079738,0.9206734710993024,0.03559083634990024
0.92,0.04373569255079738,0.9206734710993024,0.03559083634990024
0.9400000000000001,0.04373569255079738,0.9206734710993024,0.03559083634990024
0.96,0.04373569255079738,0.9206734710993024,0.03559083634990024
0.98,0.04373569255079738,0.9206734710993024,0.03559083634990024
1.0,0.04373569255079738,0.9206734710993024,0.03559083634990024
