fraction_of_volc,OH,H2O2,TMI
0.0,0.5429436319381162,0.08737349978782831,0.3696828682740554
0.02,0.5429436319381162,0.08737349978782831,0.3696828682740554
0.04,0.5429436319381162,0.08737349978782831,0.3696828682740554
0.06,0.5429436319381162,0.08737349978782831,0.3696828682740554
0.08,0.5429436319381162,0.08737349978782831,0.3696828682740554
0.1,0.5429436319381162,0.08737349978782831,0.3696828682740554
0.12,0.5429436319381162,0.08737349978782831,0.3696828682740554
0.14,0.5429436319381162,0.08737349978782831,0.3696828682740554
0.16,0.5429436319381162,0.08737349978782831,0.3696828682740554
0.18,0.5429436319381162,0.08737349978782831,0.3696828682740554
0.2,0.5429436319381162,0.08737349978782831,0.3696828682740554
0.22,0.5429436319381162,0.08737349978782831,0.3696828682740554
0.24,0.5429436319381162,0.08737349978782831,0.3696828682740554
0.26,0.5429436319381162,0.08737349978782831,0.3696828682740554
0.28,0.5522320336672548,0.09175655623564712,0.356011410097098
0.3,0.5615204353963934,0.09613961268346591,0.3423399519201406
0.32,0.570808837125532,0.10052266913128471,0.32866849374318324
0.34,0.5800972388546706,0.10490572557910352,0.3149970355662258
0.36,0.5893856405838092,0.10928878202692231,0.30132557738926846
0.38,0.5986740423129477,0.11367183847474112,0.2876541192123111
0.4,0.6079624440420863,0.11805489492255991,0.2739826610353537
0.42,0.6172508457712249,0.12243795137037872,0.26031120285839626
0.44,0.6265392475003635,0.12682100781819752,0.2466397446814389
0.46,0.6358276492295021,0.13120406426601633,0.2329682865044815
0.48,0.6451160509586407,0.1355871207138351,0.21929682832752412
0.5,0.6544044526877792,0.1399701771616539,0.20562537015056676
0.52,0.6636928544169179,0.14435323360947272,0.19195391197360936
0.54,0.6729812561460565,0.14873629005729153,0.17828245379665197
0.56,0.6822696578751951,0.15311934650511033,0.16461099561969458
0.58,0.6915580596043337,0.1575024029529291,0.1509395374427372
0.6,0.7008464613334723,0.16188545940074794,0.1372680792657798
0.62,0.7101348630626109,0.16626851584856672,0.12359662108882241
0.64,0.7194232647917495,0.17065157229638553,0.10992516291186505
0.66,0.728711666520888,0.17503462874420433,0.09625370473490763
0.68,0.7380000682500266,0.1794176851920231,0.08258224655795027
0.7000000000000001,0.7472884699791652,0.18380074163984195,0.06891078838099285
0.72,0.7565768717083038,0.18818379808766073,0.05523933020403551
0.74,0.7565768717083038,0.18818379808766073,0.05523933020403551
0.76,0.7565768717083038,0.18818379808766073,0.05523933020403551
0.78,0.7565768717083038,0.18818379808766073,0.05523933020403551
0.8,0.7565768717083038,0.18818379808766073,0.05523933020403551
0.8200000000000001,0.7565768717083038,0.18818379808766073,0.05523933020403551
0.84,0.7565768717083038,0.18818379808766073,0.05523933020403551
0.86,0.7565768717083038,0.18818379808766073,0.05523933020403551
0.88,0.7565768717083038,0.18818379808766073,0.05523933020403551
0.9,0.7565768717083038,0.18818379808766073,0.05523933020403551
0.92,0.7565768717083038,0.18818379808766073,0.05523933020403551
0.9400000000000001,0.7565768717083038,0.18818379808766073,0.05523933020403551
0.96,0.7565768717083038,0.18818379808766073,0.05523933020403551
0.98,0.7565768717083038,0.18818379808766073,0.05523933020403551
1.0,0.7565768717083038,0.18818379808766073,0.05523933020403551
