fraction_of_volc,OH,H2O2,TMI
0.0,0.021425635743577073,0.7273539709429496,0.25122039331347334
0.02,0.021425635743577073,0.7273539709429496,0.25122039331347334
0.04,0.021425635743577073,0.7273539709429496,0.25122039331347334
0.06,0.021425635743577073,0.7273539709429496,0.25122039331347334
0.08,0.021425635743577073,0.7273539709429496,0.25122039331347334
0.1,0.021425635743577073,0.7273539709429496,0.25122039331347334
0.12,0.021425635743577073,0.7273539709429496,0.25122039331347334
0.14,0.021425635743577073,0.7273539709429496,0.25122039331347334
0.16,0.021425635743577073,0.7273539709429496,0.25122039331347334
0.18,0.04351291674040174,0.7124031206867955,0.2440839625728029
0.2,0.06560019773722642,0.6974522704306412,0.23694753183213246
0.22,0.08768747873405108,0.682501420174487,0.229811101091462
0.24,0.10977475973087575,0.6675505699183327,0.22267467035079155
0.26,0.1318620407277004,0.6525997196621786,0.2155382396101211
0.28,0.15394932172452508,0.6376488694060243,0.20840180886945067
0.3,0.17603660272134974,0.6226980191498701,0.2012653781287802
0.32,0.1981238837181744,0.6077471688937158,0.19412894738810976
0.34,0.22021116471499907,0.5927963186375617,0.18699251664743932
0.36,0.24229844571182374,0.5778454683814074,0.17985608590676888
0.38,0.2643857267086484,0.5628946181252532,0.17271965516609844
0.4,0.2864730077054731,0.547943767869099,0.165583224425428
0.42,0.3085602887022978,0.5329929176129448,0.15844679368475753
0.44,0.33064756969912246,0.5180420673567905,0.1513103629440871
0.46,0.3527348506959471,0.5030912171006363,0.14417393220341662
0.48,0.3748221316927718,0.4881403668444821,0.13703750146274618
0.5,0.39690941268959645,0.47318951658832786,0.12990107072207574
0.52,0.4189966936864211,0.45823866633217364,0.1227646399814053
0.54,0.4410839746832458,0.4432878160760194,0.11562820924073486
0.56,0.46317125568007045,0.4283369658198652,0.10849177850006442
0.58,0.4852585366768951,0.41338611556371097,0.10135534775939395
0.6,0.5073458176737198,0.39843526530755674,0.09421891701872351
0.62,0.5294330986705444,0.3834844150514025,0.08708248627805307
0.64,0.5515203796673691,0.36853356479524835,0.07994605553738263
0.66,0.5736076606641938,0.3535827145390941,0.07280962479671219
0.68,0.5956949416610184,0.3386318642829399,0.06567319405604172
0.7000000000000001,0.5956949416610184,0.3386318642829399,0.06567319405604172
0.72,0.5956949416610184,0.3386318642829399,0.06567319405604172
0.74,0.5956949416610184,0.3386318642829399,0.06567319405604172
0.76,0.5956949416610184,0.3386318642829399,0.06567319405604172
0.78,0.5956949416610184,0.3386318642829399,0.06567319405604172
0.8,0.5956949416610184,0.3386318642829399,0.06567319405604172
0.8200000000000001,0.5956949416610184,0.3386318642829399,0.06567319405604172
0.84,0.5956949416610184,0.3386318642829399,0.06567319405604172
0.86,0.5956949416610184,0.3386318642829399,0.06567319405604172
0.88,0.5956949416610184,0.3386318642829399,0.06567319405604172
0.9,0.5956949416610184,0.3386318642829399,0.06567319405604172
0.92,0.5956949416610184,0.3386318642829399,0.06567319405604172
0.9400000000000001,0.5956949416610184,0.3386318642829399,0.06567319405604172
0.96,0.5956949416610184,0.3386318642829399,0.06567319405604172
0.98,0.5956949416610184,0.3386318642829399,0.06567319405604172
1.0,0.5956949416610184,0.3386318642829399,0.06567319405604172
