fraction_of_volc,OH,H2O2,TMI
0.0,0.2061266060325611,0.5468246709494828,0.24704872301795605
0.02,0.2061266060325611,0.5468246709494828,0.24704872301795605
0.04,0.2061266060325611,0.5468246709494828,0.24704872301795605
0.06,0.2061266060325611,0.5468246709494828,0.24704872301795605
0.08,0.2061266060325611,0.5468246709494828,0.24704872301795605
0.1,0.2061266060325611,0.5468246709494828,0.24704872301795605
0.12,0.2061266060325611,0.5468246709494828,0.24704872301795605
0.14,0.2061266060325611,0.5468246709494828,0.24704872301795605
0.16,0.2061266060325611,0.5468246709494828,0.24704872301795605
0.18,0.2061266060325611,0.5468246709494828,0.24704872301795605
0.2,0.2061266060325611,0.5468246709494828,0.24704872301795605
0.22,0.2061266060325611,0.5468246709494828,0.24704872301795605
0.24,0.2061266060325611,0.5468246709494828,0.24704872301795605
0.26,0.2061266060325611,0.5468246709494828,0.24704872301795605
0.28,0.2061266060325611,0.5468246709494828,0.24704872301795605
0.3,0.2061266060325611,0.5468246709494828,0.24704872301795605
0.32,0.2061266060325611,0.5468246709494828,0.24704872301795605
0.34,0.2061266060325611,0.5468246709494828,0.24704872301795605
0.36,0.2061266060325611,0.5468246709494828,0.24704872301795605
0.38,0.2061266060325611,0.5468246709494828,0.24704872301795605
0.4,0.2061266060325611,0.5468246709494828,0.24704872301795605
0.42,0.2061266060325611,0.5468246709494828,0.24704872301795605
0.44,0.2061266060325611,0.5468246709494828,0.24704872301795605
0.46,0.2061266060325611,0.5468246709494828,0.24704872301795605
0.48,0.2061266060325611,0.5468246709494828,0.24704872301795605
0.5,0.2061266060325611,0.5468246709494828,0.24704872301795605
0.52,0.2061266060325611,0.5468246709494828,0.24704872301795605
0.54,0.2061266060325611,0.5468246709494828,0.24704872301795605
0.56,0.2061266060325611,0.5468246709494828,0.24704872301795605
0.58,0.2061266060325611,0.5468246709494828,0.24704872301795605
0.6,0.2061266060325611,0.5468246709494828,0.24704872301795605
0.62,0.2061266060325611,0.5468246709494828,0.24704872301795605
0.64,0.2061266060325611,0.5468246709494828,0.24704872301795605
0.66,0.2061266060325611,0.5468246709494828,0.24704872301795605
0.68,0.2430508214745175,0.5107799214805551,0.24616925704492745
0.7000000000000001,0.27997503691647385,0.4747351720116273,0.24528979107189883
0.72,0.31689925235843025,0.4386904225426995,0.24441032509887023
0.74,0.35382346780038665,0.40264567307377175,0.24353085912584163
0.76,0.39074768324234305,0.366600923604844,0.242651393152813
0.78,0.42767189868429945,0.3305561741359162,0.2417719271797844
0.8,0.4645961141262558,0.29451142466698843,0.2408924612067558
0.8200000000000001,0.5015203295682122,0.25846667519806066,0.24001299523372718
0.84,0.5384445450101686,0.22242192572913289,0.23913352926069859
0.86,0.5384445450101686,0.22242192572913289,0.23913352926069859
0.88,0.5384445450101686,0.22242192572913289,0.23913352926069859
0.9,0.5384445450101686,0.22242192572913289,0.23913352926069859
0.92,0.5384445450101686,0.22242192572913289,0.23913352926069859
0.9400000000000001,0.5384445450101686,0.22242192572913289,0.23913352926069859
0.96,0.5384445450101686,0.22242192572913289,0.23913352926069859
0.98,0.5384445450101686,0.22242192572913289,0.23913352926069859
1.0,0.5384445450101686,0.22242192572913289,0.23913352926069859
