fraction_of_volc,OH,H2O2,TMI
0.0,0.21977508285007671,0.5194221831701376,0.26080273397978576
0.02,0.21977508285007671,0.5194221831701376,0.26080273397978576
0.04,0.21977508285007671,0.5194221831701376,0.26080273397978576
0.06,0.21977508285007671,0.5194221831701376,0.26080273397978576
0.08,0.21977508285007671,0.5194221831701376,0.26080273397978576
0.1,0.21977508285007671,0.5194221831701376,0.26080273397978576
0.12,0.21977508285007671,0.5194221831701376,0.26080273397978576
0.14,0.21977508285007671,0.5194221831701376,0.26080273397978576
0.16,0.21977508285007671,0.5194221831701376,0.26080273397978576
0.18,0.21977508285007671,0.5194221831701376,0.26080273397978576
0.2,0.21977508285007671,0.5194221831701376,0.26080273397978576
0.22,0.21977508285007671,0.5194221831701376,0.26080273397978576
0.24,0.21977508285007671,0.5194221831701376,0.26080273397978576
0.26,0.21977508285007671,0.5194221831701376,0.26080273397978576
0.28,0.21977508285007671,0.5194221831701376,0.26080273397978576
0.3,0.21977508285007671,0.5194221831701376,0.26080273397978576
0.32,0.21977508285007671,0.5194221831701376,0.26080273397978576
0.34,0.2264080187917428,0.5161105091139626,0.2574814720942946
0.36,0.23304095473340888,0.5127988350577877,0.2541602102088034
0.38,0.23967389067507497,0.5094871610016127,0.25083894832331227
0.4,0.24630682661674105,0.5061754869454379,0.2475176864378211
0.42,0.2529397625584071,0.502863812889263,0.24419642455232995
0.44,0.2595726985000732,0.499552138833088,0.24087516266683878
0.46,0.2662056344417393,0.4962404647769131,0.2375539007813476
0.48,0.27283857038340537,0.49292879072073814,0.23423263889585647
0.5,0.27947150632507145,0.48961711666456326,0.2309113770103653
0.52,0.28610444226673754,0.4863054426083883,0.22759011512487415
0.54,0.2927373782084036,0.4829937685522134,0.22426885323938298
0.56,0.2993703141500697,0.4796820944960385,0.2209475913538918
0.58,0.3060032500917358,0.47637042043986355,0.21762632946840066
0.6,0.3126361860334019,0.4730587463836886,0.2143050675829095
0.62,0.31926912197506796,0.4697470723275137,0.21098380569741831
0.64,0.32590205791673404,0.4664353982713388,0.20766254381192717
0.66,0.33253499385840013,0.46312372421516385,0.204341281926436
0.68,0.3391679298000662,0.45981205015898896,0.20102002004094482
0.7000000000000001,0.3458008657417323,0.456500376102814,0.19769875815545368
0.72,0.3524338016833984,0.4531887020466391,0.1943774962699625
0.74,0.35906673762506447,0.44987702799046414,0.19105623438447134
0.76,0.36569967356673055,0.44656535393428926,0.1877349724989802
0.78,0.37233260950839664,0.4432536798781143,0.18441371061348902
0.8,0.3789655454500627,0.4399420058219394,0.18109244872799785
0.8200000000000001,0.3855984813917288,0.4366303317657645,0.1777711868425067
0.84,0.3922314173333949,0.43331865770958955,0.17444992495701553
0.86,0.3922314173333949,0.43331865770958955,0.17444992495701553
0.88,0.3922314173333949,0.43331865770958955,0.17444992495701553
0.9,0.3922314173333949,0.43331865770958955,0.17444992495701553
0.92,0.3922314173333949,0.43331865770958955,0.17444992495701553
0.9400000000000001,0.3922314173333949,0.43331865770958955,0.17444992495701553
0.96,0.3922314173333949,0.43331865770958955,0.17444992495701553
0.98,0.3922314173333949,0.43331865770958955,0.17444992495701553
1.0,0.3922314173333949,0.43331865770958955,0.17444992495701553
