fraction_of_volc,OH,H2O2,TMI
0.0,0.8254872418188864,0.038359353929656316,0.13615340425145733
0.02,0.8254872418188864,0.038359353929656316,0.13615340425145733
0.04,0.8254872418188864,0.038359353929656316,0.13615340425145733
0.06,0.8254872418188864,0.038359353929656316,0.13615340425145733
0.08,0.8254872418188864,0.038359353929656316,0.13615340425145733
0.1,0.8254872418188864,0.038359353929656316,0.13615340425145733
0.12,0.8254872418188864,0.038359353929656316,0.13615340425145733
0.14,0.8254872418188864,0.038359353929656316,0.13615340425145733
0.16,0.8254872418188864,0.038359353929656316,0.13615340425145733
0.18,0.8254872418188864,0.038359353929656316,0.13615340425145733
0.2,0.8254872418188864,0.038359353929656316,0.13615340425145733
0.22,0.8254872418188864,0.038359353929656316,0.13615340425145733
0.24,0.8254872418188864,0.038359353929656316,0.13615340425145733
0.26,0.8254872418188864,0.038359353929656316,0.13615340425145733
0.28,0.8254872418188864,0.038359353929656316,0.13615340425145733
0.3,0.8254872418188864,0.038359353929656316,0.13615340425145733
0.32,0.8254872418188864,0.038359353929656316,0.13615340425145733
0.34,0.8254872418188864,0.038359353929656316,0.13615340425145733
0.36,0.8254872418188864,0.038359353929656316,0.13615340425145733
0.38,0.8254872418188864,0.038359353929656316,0.13615340425145733
0.4,0.8254872418188864,0.038359353929656316,0.13615340425145733
0.42,0.8254872418188864,0.038359353929656316,0.13615340425145733
0.44,0.8254872418188864,0.038359353929656316,0.13615340425145733
0.46,0.8254872418188864,0.038359353929656316,0.13615340425145733
0.48,0.8254872418188864,0.038359353929656316,0.13615340425145733
0.5,0.8254872418188864,0.038359353929656316,0.13615340425145733
0.52,0.8254872418188864,0.038359353929656316,0.13615340425145733
0.54,0.8254872418188864,0.038359353929656316,0.13615340425145733
0.56,0.8254872418188864,0.038359353929656316,0.13615340425145733
0.58,0.8254872418188864,0.038359353929656316,0.13615340425145733
0.6,0.8254872418188864,0.038359353929656316,0.13615340425145733
0.62,0.7583501542576145,0.11436577791522029,0.1272840678271653
0.64,0.6912130666963425,0.19037220190078424,0.11841473140287327
0.66,0.6240759791350705,0.26637862588634825,0.10954539497858125
0.68,0.5569388915737986,0.3423850498719122,0.10067605855428921
0.7000000000000001,0.48980180401252665,0.41839147385747616,0.09180672212999719
0.72,0.4226647164512547,0.49439789784304017,0.08293738570570516
0.74,0.35552762888998274,0.570404321828604,0.07406804928141314
0.76,0.2883905413287108,0.646410745814168,0.0651987128571211
0.78,0.22125345376743877,0.722417169799732,0.05632937643282908
0.8,0.15411636620616687,0.7984235937852959,0.04746004000853704
0.8200000000000001,0.08697927864489496,0.8744300177708599,0.03859070358424502
0.84,0.01984219108362296,0.9504364417564239,0.029721367159952997
0.86,0.01984219108362296,0.9504364417564239,0.029721367159952997
0.88,0.01984219108362296,0.9504364417564239,0.029721367159952997
0.9,0.01984219108362296,0.9504364417564239,0.029721367159952997
0.92,0.01984219108362296,0.9504364417564239,0.029721367159952997
0.9400000000000001,0.01984219108362296,0.9504364417564239,0.029721367159952997
0.96,0.01984219108362296,0.9504364417564239,0.029721367159952997
0.98,0.01984219108362296,0.9504364417564239,0.029721367159952997
1.0,0.01984219108362296,0.9504364417564239,0.029721367159952997
