fraction_of_volc,OH,H2O2,TMI
0.0,0.31764845866779495,0.013044925064610101,0.6693066162675949
0.02,0.31764845866779495,0.013044925064610101,0.6693066162675949
0.04,0.31764845866779495,0.013044925064610101,0.6693066162675949
0.06,0.31764845866779495,0.013044925064610101,0.6693066162675949
0.08,0.31764845866779495,0.013044925064610101,0.6693066162675949
0.1,0.31764845866779495,0.013044925064610101,0.6693066162675949
0.12,0.31764845866779495,0.013044925064610101,0.6693066162675949
0.14,0.31764845866779495,0.013044925064610101,0.6693066162675949
0.16,0.31764845866779495,0.013044925064610101,0.6693066162675949
0.18,0.31764845866779495,0.013044925064610101,0.6693066162675949
0.2,0.31764845866779495,0.013044925064610101,0.6693066162675949
0.22,0.31764845866779495,0.013044925064610101,0.6693066162675949
0.24,0.31764845866779495,0.013044925064610101,0.6693066162675949
0.26,0.31764845866779495,0.013044925064610101,0.6693066162675949
0.28,0.31764845866779495,0.013044925064610101,0.6693066162675949
0.3,0.31764845866779495,0.013044925064610101,0.6693066162675949
0.32,0.31764845866779495,0.013044925064610101,0.6693066162675949
0.34,0.31764845866779495,0.013044925064610101,0.6693066162675949
0.36,0.31764845866779495,0.013044925064610101,0.6693066162675949
0.38,0.31764845866779495,0.013044925064610101,0.6693066162675949
0.4,0.31764845866779495,0.013044925064610101,0.6693066162675949
0.42,0.31764845866779495,0.013044925064610101,0.6693066162675949
0.44,0.31764845866779495,0.013044925064610101,0.6693066162675949
0.46,0.31764845866779495,0.013044925064610101,0.6693066162675949
0.48,0.31764845866779495,0.013044925064610101,0.6693066162675949
0.5,0.31764845866779495,0.013044925064610101,0.6693066162675949
0.52,0.31764845866779495,0.013044925064610101,0.6693066162675949
0.54,0.31764845866779495,0.013044925064610101,0.6693066162675949
0.56,0.31764845866779495,0.013044925064610101,0.6693066162675949
0.58,0.31764845866779495,0.013044925064610101,0.6693066162675949
0.6,0.30758119847964904,0.015894582364574313,0.6765242191557767
0.62,0.2975139382915031,0.018744239664538528,0.6837418220439584
0.64,0.28744667810335717,0.021593896964502743,0.69095942493214
0.66,0.27737941791521126,0.024443554264466955,0.6981770278203218
0.68,0.26731215772706535,0.027293211564431166,0.7053946307085035
0.7000000000000001,0.2572448975389194,0.03014286886439538,0.7126122335966852
0.72,0.24717763735077347,0.0329925261643596,0.719829836484867
0.74,0.23711037716262756,0.03584218346432381,0.7270474393730487
0.76,0.22704311697448162,0.03869184076428802,0.7342650422612303
0.78,0.21697585678633569,0.04154149806425224,0.7414826451494121
0.8,0.20690859659818978,0.04439115536421645,0.7487002480375938
0.8200000000000001,0.19684133641004384,0.04724081266418066,0.7559178509257756
0.84,0.18677407622189793,0.050090469964144874,0.7631354538139573
0.86,0.176706816033752,0.05294012726410909,0.770353056702139
0.88,0.16663955584560608,0.055789784564073304,0.7775706595903207
0.9,0.15657229565746014,0.058639441864037516,0.7847882624785024
0.92,0.1465050354693142,0.06148909916400173,0.7920058653666842
0.9400000000000001,0.1465050354693142,0.06148909916400173,0.7920058653666842
0.96,0.1465050354693142,0.06148909916400173,0.7920058653666842
0.98,0.1465050354693142,0.06148909916400173,0.7920058653666842
1.0,0.1465050354693142,0.06148909916400173,0.7920058653666842
