fraction_of_volc,OH,H2O2,TMI
0.0,0.9522837995986327,0.03865370145903111,0.009062498942336104
0.02,0.9522837995986327,0.03865370145903111,0.009062498942336104
0.04,0.9522837995986327,0.03865370145903111,0.009062498942336104
0.06,0.9522837995986327,0.03865370145903111,0.009062498942336104
0.08,0.9522837995986327,0.03865370145903111,0.009062498942336104
0.1,0.9522837995986327,0.03865370145903111,0.009062498942336104
0.12,0.9522837995986327,0.03865370145903111,0.009062498942336104
0.14,0.9522837995986327,0.03865370145903111,0.009062498942336104
0.16,0.9522837995986327,0.03865370145903111,0.009062498942336104
0.18,0.9522837995986327,0.03865370145903111,0.009062498942336104
0.2,0.9522837995986327,0.03865370145903111,0.009062498942336104
0.22,0.9522837995986327,0.03865370145903111,0.009062498942336104
0.24,0.9522837995986327,0.03865370145903111,0.009062498942336104
0.26,0.9522837995986327,0.03865370145903111,0.009062498942336104
0.28,0.9181610155377664,0.045394414386617433,0.03644457007561612
0.3,0.8840382314769001,0.05213512731420375,0.06382664120889614
0.32,0.8499154474160338,0.05887584024179007,0.09120871234217616
0.34,0.8157926633551674,0.0656165531693764,0.11859078347545618
0.36,0.7816698792943011,0.07235726609696272,0.14597285460873619
0.38,0.7475470952334347,0.07909797902454904,0.17335492574201622
0.4,0.7134243111725684,0.08583869195213535,0.20073699687529625
0.42,0.679301527111702,0.09257940487972167,0.22811906800857626
0.44,0.6451787430508358,0.099320117807308,0.2555011391418563
0.46,0.6110559589899693,0.1060608307348943,0.2828832102751363
0.48,0.5769331749291031,0.11280154366248063,0.31026528140841636
0.5,0.5428103908682367,0.11954225659006695,0.33764735254169637
0.52,0.5086876068073704,0.12628296951765328,0.36502942367497637
0.54,0.474564822746504,0.1330236824452396,0.39241149480825643
0.56,0.4404420386856377,0.13976439537282592,0.41979356594153644
0.58,0.40631925462477136,0.14650510830041225,0.44717563707481645
0.6,0.37219647056390504,0.15324582122799857,0.47455770820809645
0.62,0.3380736865030387,0.1599865341555849,0.5019397793413765
0.64,0.3039509024421724,0.1667272470831712,0.5293218504746565
0.66,0.26982811838130605,0.1734679600107575,0.5567039216079365
0.68,0.23570533432043972,0.18020867293834383,0.5840859927412165
0.7000000000000001,0.2015825502595734,0.18694938586593016,0.6114680638744966
0.72,0.16745976619870706,0.19369009879351648,0.6388501350077765
0.74,0.13333698213784062,0.2004308117211028,0.6662322061410566
0.76,0.13333698213784062,0.2004308117211028,0.6662322061410566
0.78,0.13333698213784062,0.2004308117211028,0.6662322061410566
0.8,0.13333698213784062,0.2004308117211028,0.6662322061410566
0.8200000000000001,0.13333698213784062,0.2004308117211028,0.6662322061410566
0.84,0.13333698213784062,0.2004308117211028,0.6662322061410566
0.86,0.13333698213784062,0.2004308117211028,0.6662322061410566
0.88,0.13333698213784062,0.2004308117211028,0.6662322061410566
0.9,0.13333698213784062,0.2004308117211028,0.6662322061410566
0.92,0.13333698213784062,0.2004308117211028,0.6662322061410566
0.9400000000000001,0.13333698213784062,0.2004308117211028,0.6662322061410566
0.96,0.13333698213784062,0.2004308117211028,0.6662322061410566
0.98,0.13333698213784062,0.2004308117211028,0.6662322061410566
1.0,0.13333698213784062,0.2004308117211028,0.6662322061410566
