fraction_of_volc,OH,H2O2,TMI
0.0,0.2633554663683323,0.022075697714109794,0.7145688359175579
0.02,0.2633554663683323,0.022075697714109794,0.7145688359175579
0.04,0.2633554663683323,0.022075697714109794,0.7145688359175579
0.06,0.2633554663683323,0.022075697714109794,0.7145688359175579
0.08,0.2633554663683323,0.022075697714109794,0.7145688359175579
0.1,0.2633554663683323,0.022075697714109794,0.7145688359175579
0.12,0.2633554663683323,0.022075697714109794,0.7145688359175579
0.14,0.2633554663683323,0.022075697714109794,0.7145688359175579
0.16,0.2633554663683323,0.022075697714109794,0.7145688359175579
0.18,0.2633554663683323,0.022075697714109794,0.7145688359175579
0.2,0.2633554663683323,0.022075697714109794,0.7145688359175579
0.22,0.2633554663683323,0.022075697714109794,0.7145688359175579
0.24,0.2633554663683323,0.022075697714109794,0.7145688359175579
0.26,0.2633554663683323,0.022075697714109794,0.7145688359175579
0.28,0.2633554663683323,0.022075697714109794,0.7145688359175579
0.3,0.2633554663683323,0.022075697714109794,0.7145688359175579
0.32,0.2633554663683323,0.022075697714109794,0.7145688359175579
0.34,0.2633554663683323,0.022075697714109794,0.7145688359175579
0.36,0.2633554663683323,0.022075697714109794,0.7145688359175579
0.38,0.2633554663683323,0.022075697714109794,0.7145688359175579
0.4,0.2633554663683323,0.022075697714109794,0.7145688359175579
0.42,0.2633554663683323,0.022075697714109794,0.7145688359175579
0.44,0.2633554663683323,0.022075697714109794,0.7145688359175579
0.46,0.2633554663683323,0.022075697714109794,0.7145688359175579
0.48,0.2633554663683323,0.022075697714109794,0.7145688359175579
0.5,0.2709070033347136,0.03109690011580672,0.6979960965494797
0.52,0.27845854030109496,0.04011810251750364,0.6814233571814015
0.54,0.2860100772674763,0.04913930491920057,0.6648506178133231
0.56,0.2935616142338576,0.05816050732089749,0.6482778784452449
0.58,0.30111315120023896,0.06718170972259442,0.6317051390771666
0.6,0.3086646881666203,0.07620291212429134,0.6151323997090884
0.62,0.3162162251330016,0.08522411452598826,0.5985596603410102
0.64,0.32376776209938296,0.09424531692768519,0.5819869209729319
0.66,0.3313192990657643,0.10326651932938212,0.5654141816048537
0.68,0.33887083603214563,0.11228772173107904,0.5488414422367753
0.7000000000000001,0.34642237299852696,0.12130892413277596,0.5322687028686971
0.72,0.3539739099649083,0.1303301265344729,0.5156959635006189
0.74,0.36152544693128963,0.13935132893616983,0.4991232241325406
0.76,0.3690769838976709,0.14837253133786674,0.4825504847644624
0.78,0.37662852086405224,0.15739373373956367,0.46597774539638415
0.8,0.3841800578304336,0.1664149361412606,0.44940500602830585
0.8200000000000001,0.3917315947968149,0.17543613854295753,0.4328322666602276
0.84,0.39928313176319624,0.18445734094465446,0.4162595272921493
0.86,0.4068346687295776,0.19347854334635137,0.3996867879240711
0.88,0.4143862056959589,0.2024997457480483,0.38311404855599285
0.9,0.42193774266234024,0.21152094814974523,0.36654130918791455
0.92,0.4294892796287216,0.22054215055144213,0.3499685698198363
0.9400000000000001,0.4370408165951029,0.22956335295313907,0.3333958304517581
0.96,0.4370408165951029,0.22956335295313907,0.3333958304517581
0.98,0.4370408165951029,0.22956335295313907,0.3333958304517581
1.0,0.4370408165951029,0.22956335295313907,0.3333958304517581
