fraction_of_volc,OH,H2O2,TMI
0.0,0.14917529605532398,0.35073286847678636,0.5000918354678897
0.02,0.14917529605532398,0.35073286847678636,0.5000918354678897
0.04,0.14917529605532398,0.35073286847678636,0.5000918354678897
0.06,0.14917529605532398,0.35073286847678636,0.5000918354678897
0.08,0.14917529605532398,0.35073286847678636,0.5000918354678897
0.1,0.14917529605532398,0.35073286847678636,0.5000918354678897
0.12,0.14395494789713179,0.3493265180129079,0.5067185340899604
0.14,0.1387345997389396,0.3479201675490295,0.5133452327120309
0.16,0.13351425158074737,0.34651381708515105,0.5199719313341016
0.18,0.12829390342255517,0.3451074666212726,0.5265986299561722
0.2,0.12307355526436298,0.3437011161573942,0.5332253285782429
0.22,0.11785320710617078,0.34229476569351575,0.5398520272003134
0.24,0.11263285894797859,0.34088841522963736,0.5464787258223841
0.26,0.10741251078978639,0.33948206476575893,0.5531054244444548
0.28,0.10219216263159418,0.3380757143018805,0.5597321230665254
0.3,0.09697181447340199,0.33666936383800206,0.566358821688596
0.32,0.09175146631520978,0.3352630133741236,0.5729855203106666
0.34,0.08653111815701758,0.3338566629102452,0.5796122189327373
0.36,0.08131076999882539,0.33245031244636675,0.586238917554808
0.38,0.0760904218406332,0.3310439619824883,0.5928656161768785
0.4,0.07087007368244098,0.3296376115186099,0.5994923147989492
0.42,0.06564972552424879,0.32823126105473144,0.6061190134210198
0.44,0.060429377366056594,0.326824910590853,0.6127457120430905
0.46,0.055209029207864385,0.32541856012697457,0.619372410665161
0.48,0.04998868104967219,0.32401220966309613,0.6259991092872317
0.5,0.044768332891479995,0.3226058591992177,0.6326258079093023
0.52,0.039547984733287786,0.3211995087353393,0.639252506531373
0.54,0.03432763657509559,0.3197931582714609,0.6458792051534435
0.56,0.029107288416903396,0.31838680780758244,0.6525059037755142
0.58,0.023886940258711187,0.316980457343704,0.6591326023975849
0.6,0.01866659210051899,0.31557410687982557,0.6657593010196554
0.62,0.013446243942326797,0.31416775641594713,0.6723859996417261
0.64,0.008225895784134612,0.3127614059520687,0.6790126982637967
0.66,0.008225895784134612,0.3127614059520687,0.6790126982637967
0.68,0.008225895784134612,0.3127614059520687,0.6790126982637967
0.7000000000000001,0.008225895784134612,0.3127614059520687,0.6790126982637967
0.72,0.008225895784134612,0.3127614059520687,0.6790126982637967
0.74,0.008225895784134612,0.3127614059520687,0.6790126982637967
0.76,0.008225895784134612,0.3127614059520687,0.6790126982637967
0.78,0.008225895784134612,0.3127614059520687,0.6790126982637967
0.8,0.008225895784134612,0.3127614059520687,0.6790126982637967
0.8200000000000001,0.008225895784134612,0.3127614059520687,0.6790126982637967
0.84,0.008225895784134612,0.3127614059520687,0.6790126982637967
0.86,0.008225895784134612,0.3127614059520687,0.6790126982637967
0.88,0.008225895784134612,0.3127614059520687,0.6790126982637967
0.9,0.008225895784134612,0.3127614059520687,0.6790126982637967
0.92,0.008225895784134612,0.3127614059520687,0.6790126982637967
0.9400000000000001,0.008225895784134612,0.3127614059520687,0.6790126982637967
0.96,0.008225895784134612,0.3127614059520687,0.6790126982637967
0.98,0.008225895784134612,0.3127614059520687,0.6790126982637967
1.0,0.008225895784134612,0.3127614059520687,0.6790126982637967
