fraction_of_volc,OH,H2O2,TMI
0.0,0.13448214074474982,0.46973704767324526,0.3957808115820049
0.02,0.13448214074474982,0.46973704767324526,0.3957808115820049
0.04,0.13448214074474982,0.46973704767324526,0.3957808115820049
0.06,0.13448214074474982,0.46973704767324526,0.3957808115820049
0.08,0.13448214074474982,0.46973704767324526,0.3957808115820049
0.1,0.13448214074474982,0.46973704767324526,0.3957808115820049
0.12,0.13448214074474982,0.46973704767324526,0.3957808115820049
0.14,0.14950718665703475,0.4669182807235732,0.383574532619392
0.16,0.1645322325693197,0.4640995137739012,0.3713682536567791
0.18,0.17955727848160463,0.46128074682422915,0.3591619746941662
0.2,0.19458232439388956,0.4584619798745571,0.3469556957315533
0.22,0.2096073703061745,0.4556432129248851,0.33474941676894043
0.24,0.22463241621845942,0.45282444597521304,0.32254313780632754
0.26,0.23965746213074438,0.450005679025541,0.31033685884371465
0.28,0.2546825080430293,0.44718691207586897,0.29813057988110175
0.3,0.2697075539553142,0.44436814512619693,0.28592430091848886
0.32,0.28473259986759913,0.4415493781765249,0.27371802195587597
0.34,0.2997576457798841,0.43873061122685286,0.2615117429932631
0.36,0.31478269169216905,0.4359118442771808,0.2493054640306502
0.38,0.329807737604454,0.4330930773275088,0.23709918506803732
0.4,0.34483278351673896,0.43027431037783676,0.22489290610542442
0.42,0.3598578294290239,0.4274555434281647,0.21268662714281153
0.44,0.3748828753413088,0.4246367764784927,0.20048034818019864
0.46,0.38990792125359375,0.42181800952882065,0.18827406921758574
0.48,0.4049329671658787,0.4189992425791486,0.17606779025497285
0.5,0.4049329671658787,0.4189992425791486,0.17606779025497285
0.52,0.4049329671658787,0.4189992425791486,0.17606779025497285
0.54,0.4049329671658787,0.4189992425791486,0.17606779025497285
0.56,0.4049329671658787,0.4189992425791486,0.17606779025497285
0.58,0.4049329671658787,0.4189992425791486,0.17606779025497285
0.6,0.4049329671658787,0.4189992425791486,0.17606779025497285
0.62,0.4049329671658787,0.4189992425791486,0.17606779025497285
0.64,0.4049329671658787,0.4189992425791486,0.17606779025497285
0.66,0.4049329671658787,0.4189992425791486,0.17606779025497285
0.68,0.4049329671658787,0.4189992425791486,0.17606779025497285
0.7000000000000001,0.4049329671658787,0.4189992425791486,0.17606779025497285
0.72,0.4049329671658787,0.4189992425791486,0.17606779025497285
0.74,0.4049329671658787,0.4189992425791486,0.17606779025497285
0.76,0.4049329671658787,0.4189992425791486,0.17606779025497285
0.78,0.4049329671658787,0.4189992425791486,0.17606779025497285
0.8,0.4049329671658787,0.4189992425791486,0.17606779025497285
0.8200000000000001,0.4049329671658787,0.4189992425791486,0.17606779025497285
0.84,0.4049329671658787,0.4189992425791486,0.17606779025497285
0.86,0.4049329671658787,0.4189992425791486,0.17606779025497285
0.88,0.4049329671658787,0.4189992425791486,0.17606779025497285
0.9,0.4049329671658787,0.4189992425791486,0.17606779025497285
0.92,0.4049329671658787,0.4189992425791486,0.17606779025497285
0.9400000000000001,0.4049329671658787,0.4189992425791486,0.17606779025497285
0.96,0.4049329671658787,0.4189992425791486,0.17606779025497285
0.98,0.4049329671658787,0.4189992425791486,0.17606779025497285
1.0,0.4049329671658787,0.4189992425791486,0.17606779025497285
