fraction_of_volc,OH,H2O2,TMI
0.0,0.19016859354410093,0.5909455657526905,0.21888584070320855
0.02,0.19016859354410093,0.5909455657526905,0.21888584070320855
0.04,0.19016859354410093,0.5909455657526905,0.21888584070320855
0.06,0.19016859354410093,0.5909455657526905,0.21888584070320855
0.08,0.19016859354410093,0.5909455657526905,0.21888584070320855
0.1,0.19016859354410093,0.5909455657526905,0.21888584070320855
0.12,0.19016859354410093,0.5909455657526905,0.21888584070320855
0.14,0.19016859354410093,0.5909455657526905,0.21888584070320855
0.16,0.19016859354410093,0.5909455657526905,0.21888584070320855
0.18,0.19016859354410093,0.5909455657526905,0.21888584070320855
0.2,0.19016859354410093,0.5909455657526905,0.21888584070320855
0.22,0.19016859354410093,0.5909455657526905,0.21888584070320855
0.24,0.19016859354410093,0.5909455657526905,0.21888584070320855
0.26,0.19016859354410093,0.5909455657526905,0.21888584070320855
0.28,0.19016859354410093,0.5909455657526905,0.21888584070320855
0.3,0.19016859354410093,0.5909455657526905,0.21888584070320855
0.32,0.19016859354410093,0.5909455657526905,0.21888584070320855
0.34,0.19016859354410093,0.5909455657526905,0.21888584070320855
0.36,0.19016859354410093,0.5909455657526905,0.21888584070320855
0.38,0.19016859354410093,0.5909455657526905,0.21888584070320855
0.4,0.19016859354410093,0.5909455657526905,0.21888584070320855
0.42,0.19016859354410093,0.5909455657526905,0.21888584070320855
0.44,0.19016859354410093,0.5909455657526905,0.21888584070320855
0.46,0.19016859354410093,0.5909455657526905,0.21888584070320855
0.48,0.19016859354410093,0.5909455657526905,0.21888584070320855
0.5,0.19016859354410093,0.5909455657526905,0.21888584070320855
0.52,0.19016859354410093,0.5909455657526905,0.21888584070320855
0.54,0.19016859354410093,0.5909455657526905,0.21888584070320855
0.56,0.19016859354410093,0.5909455657526905,0.21888584070320855
0.58,0.19016859354410093,0.5909455657526905,0.21888584070320855
0.6,0.19016859354410093,0.5909455657526905,0.21888584070320855
0.62,0.19016859354410093,0.5909455657526905,0.21888584070320855
0.64,0.20272928710074153,0.5783023219371618,0.21896839096209667
0.66,0.21528998065738214,0.5656590781216331,0.21905094122098476
0.68,0.22785067421402272,0.5530158343061043,0.21913349147987288
0.7000000000000001,0.24041136777066333,0.5403725904905757,0.219216041738761
0.72,0.25297206132730393,0.527729346675047,0.2192985919976491
0.74,0.2655327548839445,0.5150861028595183,0.2193811422565372
0.76,0.27809344844058514,0.5024428590439896,0.21946369251542533
0.78,0.2906541419972257,0.4897996152284608,0.21954624277431342
0.8,0.3032148355538663,0.4771563714129321,0.21962879303320154
0.8200000000000001,0.31577552911050694,0.46451312759740343,0.21971134329208966
0.84,0.3283362226671475,0.4518698837818747,0.21979389355097775
0.86,0.34089691622378815,0.43922663996634603,0.21987644380986587
0.88,0.3534576097804287,0.4265833961508173,0.219958994068754
0.9,0.3660183033370693,0.4139401523352886,0.22004154432764209
0.92,0.3785789968937099,0.40129690851975985,0.2201240945865302
0.9400000000000001,0.3911396904503505,0.3886536647042311,0.22020664484541833
0.96,0.40370038400699115,0.37601042088870246,0.22028919510430642
0.98,0.41626107756363173,0.36336717707317373,0.22037174536319454
1.0,0.41626107756363173,0.36336717707317373,0.22037174536319454
