fraction_of_volc,OH,H2O2,TMI
0.0,0.02609901243679633,0.488278600760126,0.4856223868030777
0.02,0.02609901243679633,0.488278600760126,0.4856223868030777
0.04,0.02609901243679633,0.488278600760126,0.4856223868030777
0.06,0.02609901243679633,0.488278600760126,0.4856223868030777
0.08,0.02609901243679633,0.488278600760126,0.4856223868030777
0.1,0.02609901243679633,0.488278600760126,0.4856223868030777
0.12,0.02609901243679633,0.488278600760126,0.4856223868030777
0.14,0.02609901243679633,0.488278600760126,0.4856223868030777
0.16,0.02609901243679633,0.488278600760126,0.4856223868030777
0.18,0.02609901243679633,0.488278600760126,0.4856223868030777
0.2,0.02609901243679633,0.488278600760126,0.4856223868030777
0.22,0.02609901243679633,0.488278600760126,0.4856223868030777
0.24,0.02609901243679633,0.488278600760126,0.4856223868030777
0.26,0.02609901243679633,0.488278600760126,0.4856223868030777
0.28,0.02609901243679633,0.488278600760126,0.4856223868030777
0.3,0.02609901243679633,0.488278600760126,0.4856223868030777
0.32,0.02609901243679633,0.488278600760126,0.4856223868030777
0.34,0.02609901243679633,0.488278600760126,0.4856223868030777
0.36,0.02609901243679633,0.488278600760126,0.4856223868030777
0.38,0.02609901243679633,0.488278600760126,0.4856223868030777
0.4,0.02609901243679633,0.488278600760126,0.4856223868030777
0.42,0.02609901243679633,0.488278600760126,0.4856223868030777
0.44,0.02609901243679633,0.488278600760126,0.4856223868030777
0.46,0.02609901243679633,0.488278600760126,0.4856223868030777
0.48,0.02609901243679633,0.488278600760126,0.4856223868030777
0.5,0.02609901243679633,0.488278600760126,0.4856223868030777
0.52,0.02609901243679633,0.488278600760126,0.4856223868030777
0.54,0.02609901243679633,0.488278600760126,0.4856223868030777
0.56,0.02609901243679633,0.488278600760126,0.4856223868030777
0.58,0.02609901243679633,0.488278600760126,0.4856223868030777
0.6,0.02609901243679633,0.488278600760126,0.4856223868030777
0.62,0.02609901243679633,0.488278600760126,0.4856223868030777
0.64,0.02609901243679633,0.488278600760126,0.4856223868030777
0.66,0.02609901243679633,0.488278600760126,0.4856223868030777
0.68,0.02609901243679633,0.488278600760126,0.4856223868030777
0.7000000000000001,0.02609901243679633,0.488278600760126,0.4856223868030777
0.72,0.02609901243679633,0.488278600760126,0.4856223868030777
0.74,0.02609901243679633,0.488278600760126,0.4856223868030777
0.76,0.02609901243679633,0.488278600760126,0.4856223868030777
0.78,0.02609901243679633,0.488278600760126,0.4856223868030777
0.8,0.08819697612373131,0.4652067991983303,0.44659622467793836
0.8200000000000001,0.1502949398106663,0.44213499763653463,0.4075700625527991
0.84,0.2123929034976013,0.4190631960747389,0.36854390042765983
0.86,0.2744908671845363,0.3959913945129432,0.3295177383025205
0.88,0.3365888308714713,0.37291959295114746,0.2904915761773812
0.9,0.3986867945584063,0.34984779138935174,0.25146541405224193
0.92,0.46078475824534126,0.32677598982755607,0.21243925192710267
0.9400000000000001,0.5228827219322763,0.30370418826576034,0.17341308980196335
0.96,0.5849806856192112,0.2806323867039646,0.13438692767682403
0.98,0.5849806856192112,0.2806323867039646,0.13438692767682403
1.0,0.5849806856192112,0.2806323867039646,0.13438692767682403
