fraction_of_volc,OH,H2O2,TMI
0.0,0.10686929663803674,0.4525264561320452,0.4406042472299182
0.02,0.10686929663803674,0.4525264561320452,0.4406042472299182
0.04,0.10686929663803674,0.4525264561320452,0.4406042472299182
0.06,0.10686929663803674,0.4525264561320452,0.4406042472299182
0.08,0.10686929663803674,0.4525264561320452,0.4406042472299182
0.1,0.10686929663803674,0.4525264561320452,0.4406042472299182
0.12,0.10686929663803674,0.4525264561320452,0.4406042472299182
0.14,0.10341735831876193,0.44321157569045405,0.4533710659907841
0.16,0.09996541999948712,0.433896695248863,0.46613788475164997
0.18,0.09651348168021232,0.42458181480727186,0.4789047035125159
0.2,0.0930615433609375,0.4152669343656808,0.4916715222733818
0.22,0.0896096050416627,0.4059520539240897,0.5044383410342477
0.24,0.08615766672238788,0.3966371734824986,0.5172051597951136
0.26,0.08270572840311308,0.3873222930409075,0.5299719785559794
0.28,0.07925379008383826,0.3780074125993164,0.5427387973168454
0.3,0.07580185176456346,0.3686925321577253,0.5555056160777113
0.32,0.07234991344528865,0.3593776517161342,0.5682724348385771
0.34,0.06889797512601384,0.3500627712745431,0.5810392535994431
0.36,0.06544603680673902,0.340747890832952,0.5938060723603089
0.38,0.06199409848746422,0.3314330103913609,0.6065728911211749
0.4,0.05854216016818941,0.32211812994976985,0.6193397098820408
0.42,0.0550902218489146,0.3128032495081787,0.6321065286429066
0.44,0.05163828352963979,0.3034883690665876,0.6448733474037726
0.46,0.04818634521036498,0.29417348862499654,0.6576401661646385
0.48,0.04473440689109017,0.28485860818340547,0.6704069849255043
0.5,0.04128246857181536,0.27554372774181435,0.6831738036863703
0.52,0.03783053025254056,0.2662288473002232,0.6959406224472362
0.54,0.03437859193326574,0.25691396685863216,0.708707441208102
0.56,0.03437859193326574,0.25691396685863216,0.708707441208102
0.58,0.03437859193326574,0.25691396685863216,0.708707441208102
0.6,0.03437859193326574,0.25691396685863216,0.708707441208102
0.62,0.03437859193326574,0.25691396685863216,0.708707441208102
0.64,0.03437859193326574,0.25691396685863216,0.708707441208102
0.66,0.03437859193326574,0.25691396685863216,0.708707441208102
0.68,0.03437859193326574,0.25691396685863216,0.708707441208102
0.7000000000000001,0.03437859193326574,0.25691396685863216,0.708707441208102
0.72,0.03437859193326574,0.25691396685863216,0.708707441208102
0.74,0.03437859193326574,0.25691396685863216,0.708707441208102
0.76,0.03437859193326574,0.25691396685863216,0.708707441208102
0.78,0.03437859193326574,0.25691396685863216,0.708707441208102
0.8,0.03437859193326574,0.25691396685863216,0.708707441208102
0.8200000000000001,0.03437859193326574,0.25691396685863216,0.708707441208102
0.84,0.03437859193326574,0.25691396685863216,0.708707441208102
0.86,0.03437859193326574,0.25691396685863216,0.708707441208102
0.88,0.03437859193326574,0.25691396685863216,0.708707441208102
0.9,0.03437859193326574,0.25691396685863216,0.708707441208102
0.92,0.03437859193326574,0.25691396685863216,0.708707441208102
0.9400000000000001,0.03437859193326574,0.25691396685863216,0.708707441208102
0.96,0.03437859193326574,0.25691396685863216,0.708707441208102
0.98,0.03437859193326574,0.25691396685863216,0.708707441208102
1.0,0.03437859193326574,0.25691396685863216,0.708707441208102
