fraction_of_volc,OH,H2O2,TMI
0.0,0.6252444459358365,0.36780875732457563,0.006946796739588047
0.02,0.6252444459358365,0.36780875732457563,0.006946796739588047
0.04,0.6252444459358365,0.36780875732457563,0.006946796739588047
0.06,0.6252444459358365,0.36780875732457563,0.006946796739588047
0.08,0.6252444459358365,0.36780875732457563,0.006946796739588047
0.1,0.6252444459358365,0.36780875732457563,0.006946796739588047
0.12,0.6252444459358365,0.36780875732457563,0.006946796739588047
0.14,0.6252444459358365,0.36780875732457563,0.006946796739588047
0.16,0.6252444459358365,0.36780875732457563,0.006946796739588047
0.18,0.6252444459358365,0.36780875732457563,0.006946796739588047
0.2,0.6252444459358365,0.36780875732457563,0.006946796739588047
0.22,0.6252444459358365,0.36780875732457563,0.006946796739588047
0.24,0.6252444459358365,0.36780875732457563,0.006946796739588047
0.26,0.6252444459358365,0.36780875732457563,0.006946796739588047
0.28,0.6252444459358365,0.36780875732457563,0.006946796739588047
0.3,0.6252444459358365,0.36780875732457563,0.006946796739588047
0.32,0.6159928541480981,0.3713720550785986,0.012635090773303485
0.34,0.6067412623603597,0.3749353528326215,0.018323384807018922
0.36,0.5974896705726213,0.3784986505866445,0.024011678840734366
0.38,0.5882380787848829,0.3820619483406675,0.029699972874449802
0.4,0.5789864869971445,0.38562524609469045,0.03538826690816524
0.42,0.5697348952094061,0.3891885438487134,0.04107656094188068
0.44,0.5604833034216677,0.39275184160273635,0.04676485497559612
0.46,0.5512317116339293,0.3963151393567593,0.052453149009311556
0.48,0.5419801198461909,0.39987843711078225,0.05814144304302699
0.5,0.5327285280584525,0.4034417348648052,0.06382973707674243
0.52,0.5234769362707141,0.4070050326188282,0.06951803111045787
0.54,0.5142253444829756,0.4105683303728511,0.07520632514417332
0.56,0.5049737526952373,0.4141316281268741,0.08089461917788875
0.58,0.4957221609074989,0.41769492588089707,0.08658291321160419
0.6,0.4864705691197605,0.42125822363492005,0.09227120724531962
0.62,0.4772189773320221,0.42482152138894297,0.09795950127903506
0.64,0.4679673855442837,0.42838481914296594,0.10364779531275051
0.66,0.45871579375654525,0.4319481168969889,0.10933608934646594
0.68,0.4494642019688069,0.43551141465101184,0.11502438338018138
0.7000000000000001,0.4402126101810685,0.4390747124050348,0.12071267741389681
0.72,0.4309610183933301,0.4426380101590578,0.12640097144761225
0.74,0.4217094266055917,0.44620130791308077,0.13208926548132768
0.76,0.41245783481785325,0.4497646056671037,0.1377775595150431
0.78,0.4032062430301149,0.45332790342112667,0.14346585354875857
0.8,0.3939546512423765,0.45689120117514964,0.149154147582474
0.8200000000000001,0.3847030594546381,0.46045449892917256,0.15484244161618943
0.84,0.3754514676668997,0.46401779668319554,0.16053073564990486
0.86,0.3661998758791613,0.4675810944372185,0.16621902968362032
0.88,0.3569482840914229,0.4711443921912415,0.17190732371733575
0.9,0.3476966923036845,0.4747076899452644,0.17759561775105118
0.92,0.33844510051594606,0.4782709876992874,0.18328391178476663
0.9400000000000001,0.33844510051594606,0.4782709876992874,0.18328391178476663
0.96,0.33844510051594606,0.4782709876992874,0.18328391178476663
0.98,0.33844510051594606,0.4782709876992874,0.18328391178476663
1.0,0.33844510051594606,0.4782709876992874,0.18328391178476663
