fraction_of_volc,OH,H2O2,TMI
0.0,0.06513942210423367,0.1805344740457502,0.7543261038500162
0.02,0.06513942210423367,0.1805344740457502,0.7543261038500162
0.04,0.06513942210423367,0.1805344740457502,0.7543261038500162
0.06,0.06513942210423367,0.1805344740457502,0.7543261038500162
0.08,0.06513942210423367,0.1805344740457502,0.7543261038500162
0.1,0.06513942210423367,0.1805344740457502,0.7543261038500162
0.12,0.06513942210423367,0.1805344740457502,0.7543261038500162
0.14,0.06513942210423367,0.1805344740457502,0.7543261038500162
0.16,0.06513942210423367,0.1805344740457502,0.7543261038500162
0.18,0.06513942210423367,0.1805344740457502,0.7543261038500162
0.2,0.06513942210423367,0.1805344740457502,0.7543261038500162
0.22,0.06513942210423367,0.1805344740457502,0.7543261038500162
0.24,0.06513942210423367,0.1805344740457502,0.7543261038500162
0.26,0.06513942210423367,0.1805344740457502,0.7543261038500162
0.28,0.06513942210423367,0.1805344740457502,0.7543261038500162
0.3,0.06513942210423367,0.1805344740457502,0.7543261038500162
0.32,0.06513942210423367,0.1805344740457502,0.7543261038500162
0.34,0.06513942210423367,0.1805344740457502,0.7543261038500162
0.36,0.13132299501942132,0.1808543102618172,0.6878226947187616
0.38,0.19750656793460897,0.18117414647788416,0.6213192855875069
0.4,0.26369014084979664,0.18149398269395114,0.5548158764562523
0.42,0.3298737137649843,0.18181381891001813,0.4883124673249976
0.44,0.396057286680172,0.1821336551260851,0.421809058193743
0.46,0.4622408595953596,0.18245349134215208,0.3553056490624883
0.48,0.5284244325105473,0.18277332755821907,0.28880223993123366
0.5,0.5946080054257349,0.18309316377428606,0.22229883079997903
0.52,0.6607915783409225,0.18341299999035302,0.1557954216687244
0.54,0.7269751512561102,0.18373283620642,0.0892920125374698
0.56,0.7269751512561102,0.18373283620642,0.0892920125374698
0.58,0.7269751512561102,0.18373283620642,0.0892920125374698
0.6,0.7269751512561102,0.18373283620642,0.0892920125374698
0.62,0.7269751512561102,0.18373283620642,0.0892920125374698
0.64,0.7269751512561102,0.18373283620642,0.0892920125374698
0.66,0.7269751512561102,0.18373283620642,0.0892920125374698
0.68,0.7269751512561102,0.18373283620642,0.0892920125374698
0.7000000000000001,0.7269751512561102,0.18373283620642,0.0892920125374698
0.72,0.7269751512561102,0.18373283620642,0.0892920125374698
0.74,0.7269751512561102,0.18373283620642,0.0892920125374698
0.76,0.7269751512561102,0.18373283620642,0.0892920125374698
0.78,0.7269751512561102,0.18373283620642,0.0892920125374698
0.8,0.7269751512561102,0.18373283620642,0.0892920125374698
0.8200000000000001,0.7269751512561102,0.18373283620642,0.0892920125374698
0.84,0.7269751512561102,0.18373283620642,0.0892920125374698
0.86,0.7269751512561102,0.18373283620642,0.0892920125374698
0.88,0.7269751512561102,0.18373283620642,0.0892920125374698
0.9,0.7269751512561102,0.18373283620642,0.0892920125374698
0.92,0.7269751512561102,0.18373283620642,0.0892920125374698
0.9400000000000001,0.7269751512561102,0.18373283620642,0.0892920125374698
0.96,0.7269751512561102,0.18373283620642,0.0892920125374698
0.98,0.7269751512561102,0.18373283620642,0.0892920125374698
1.0,0.7269751512561102,0.18373283620642,0.0892920125374698
