fraction_of_volc,OH,H2O2,TMI
0.0,0.19622570965475378,0.370921794942171,0.4328524954030753
0.02,0.19622570965475378,0.370921794942171,0.4328524954030753
0.04,0.19622570965475378,0.370921794942171,0.4328524954030753
0.06,0.19622570965475378,0.370921794942171,0.4328524954030753
0.08,0.19622570965475378,0.370921794942171,0.4328524954030753
0.1,0.19622570965475378,0.370921794942171,0.4328524954030753
0.12,0.19622570965475378,0.370921794942171,0.4328524954030753
0.14,0.19622570965475378,0.370921794942171,0.4328524954030753
0.16,0.19622570965475378,0.370921794942171,0.4328524954030753
0.18,0.18758911917283855,0.37129654964100045,0.4411143311861611
0.2,0.1789525286909233,0.37167130433982987,0.44937616696924687
0.22,0.17031593820900806,0.3720460590386593,0.4576380027523327
0.24,0.1616793477270928,0.37242081373748875,0.4658998385354185
0.26,0.15304275724517757,0.3727955684363182,0.4741616743185043
0.28,0.14440616676326234,0.37317032313514764,0.48242351010159007
0.3,0.1357695762813471,0.37354507783397706,0.4906853458846759
0.32,0.12713298579943183,0.37391983253280653,0.4989471816677617
0.34,0.1184963953175166,0.374294587231636,0.5072090174508475
0.36,0.10985980483560136,0.3746693419304654,0.5154708532339333
0.38,0.10122321435368611,0.37504409662929483,0.5237326890170191
0.4,0.09258662387177088,0.3754188513281243,0.5319945248001049
0.42,0.08395003338985564,0.3757936060269538,0.5402563605831907
0.44,0.0753134429079404,0.3761683607257832,0.5485181963662764
0.46,0.06667685242602514,0.3765431154246126,0.5567800321493622
0.48,0.05804026194410991,0.3769178701234421,0.565041867932448
0.5,0.04940367146219468,0.37729262482227155,0.5733037037155339
0.52,0.04076708098027943,0.37766737952110097,0.5815655394986197
0.54,0.04076708098027943,0.37766737952110097,0.5815655394986197
0.56,0.04076708098027943,0.37766737952110097,0.5815655394986197
0.58,0.04076708098027943,0.37766737952110097,0.5815655394986197
0.6,0.04076708098027943,0.37766737952110097,0.5815655394986197
0.62,0.04076708098027943,0.37766737952110097,0.5815655394986197
0.64,0.04076708098027943,0.37766737952110097,0.5815655394986197
0.66,0.04076708098027943,0.37766737952110097,0.5815655394986197
0.68,0.04076708098027943,0.37766737952110097,0.5815655394986197
0.7000000000000001,0.04076708098027943,0.37766737952110097,0.5815655394986197
0.72,0.04076708098027943,0.37766737952110097,0.5815655394986197
0.74,0.04076708098027943,0.37766737952110097,0.5815655394986197
0.76,0.04076708098027943,0.37766737952110097,0.5815655394986197
0.78,0.04076708098027943,0.37766737952110097,0.5815655394986197
0.8,0.04076708098027943,0.37766737952110097,0.5815655394986197
0.8200000000000001,0.04076708098027943,0.37766737952110097,0.5815655394986197
0.84,0.04076708098027943,0.37766737952110097,0.5815655394986197
0.86,0.04076708098027943,0.37766737952110097,0.5815655394986197
0.88,0.04076708098027943,0.37766737952110097,0.5815655394986197
0.9,0.04076708098027943,0.37766737952110097,0.5815655394986197
0.92,0.04076708098027943,0.37766737952110097,0.5815655394986197
0.9400000000000001,0.04076708098027943,0.37766737952110097,0.5815655394986197
0.96,0.04076708098027943,0.37766737952110097,0.5815655394986197
0.98,0.04076708098027943,0.37766737952110097,0.5815655394986197
1.0,0.04076708098027943,0.37766737952110097,0.5815655394986197
