fraction_of_volc,OH,H2O2,TMI
0.0,0.2931523258361925,0.3362896837632312,0.37055799040057635
0.02,0.2931523258361925,0.3362896837632312,0.37055799040057635
0.04,0.2931523258361925,0.3362896837632312,0.37055799040057635
0.06,0.2931523258361925,0.3362896837632312,0.37055799040057635
0.08,0.2931523258361925,0.3362896837632312,0.37055799040057635
0.1,0.2931523258361925,0.3362896837632312,0.37055799040057635
0.12,0.2931523258361925,0.3362896837632312,0.37055799040057635
0.14,0.2931523258361925,0.3362896837632312,0.37055799040057635
0.16,0.2931523258361925,0.3362896837632312,0.37055799040057635
0.18,0.2931523258361925,0.3362896837632312,0.37055799040057635
0.2,0.2931523258361925,0.3362896837632312,0.37055799040057635
0.22,0.2931523258361925,0.3362896837632312,0.37055799040057635
0.24,0.2931523258361925,0.3362896837632312,0.37055799040057635
0.26,0.2931523258361925,0.3362896837632312,0.37055799040057635
0.28,0.2931523258361925,0.3362896837632312,0.37055799040057635
0.3,0.2931523258361925,0.3362896837632312,0.37055799040057635
0.32,0.2931523258361925,0.3362896837632312,0.37055799040057635
0.34,0.2931523258361925,0.3362896837632312,0.37055799040057635
0.36,0.2931523258361925,0.3362896837632312,0.37055799040057635
0.38,0.2931523258361925,0.3362896837632312,0.37055799040057635
0.4,0.2931523258361925,0.3362896837632312,0.37055799040057635
0.42,0.2931523258361925,0.3362896837632312,0.37055799040057635
0.44,0.2931523258361925,0.3362896837632312,0.37055799040057635
0.46,0.2931523258361925,0.3362896837632312,0.37055799040057635
0.48,0.2931523258361925,0.3362896837632312,0.37055799040057635
0.5,0.2931523258361925,0.3362896837632312,0.37055799040057635
0.52,0.2931523258361925,0.3362896837632312,0.37055799040057635
0.54,0.26994966349908295,0.37364924593834636,0.35640109056257074
0.56,0.24674700116197343,0.41100880811346147,0.34224419072456513
0.58,0.2235443388248639,0.44836837028857657,0.3280872908865595
0.6,0.20034167648775436,0.4857279324636917,0.3139303910485539
0.62,0.1771390141506448,0.5230874946388069,0.2997734912105483
0.64,0.1539363518135353,0.5604470568139219,0.2856165913725427
0.66,0.13073368947642577,0.5978066189890371,0.2714596915345371
0.68,0.10753102713931623,0.6351661811641522,0.2573027916965315
0.7000000000000001,0.08432836480220668,0.6725257433392674,0.24314589185852584
0.72,0.06112570246509716,0.7098853055143826,0.22898899202052023
0.74,0.03792304012798764,0.7472448676894976,0.21483209218251462
0.76,0.014720377790878099,0.7846044298646128,0.200675192344509
0.78,0.014720377790878099,0.7846044298646128,0.200675192344509
0.8,0.014720377790878099,0.7846044298646128,0.200675192344509
0.8200000000000001,0.014720377790878099,0.7846044298646128,0.200675192344509
0.84,0.014720377790878099,0.7846044298646128,0.200675192344509
0.86,0.014720377790878099,0.7846044298646128,0.200675192344509
0.88,0.014720377790878099,0.7846044298646128,0.200675192344509
0.9,0.014720377790878099,0.7846044298646128,0.200675192344509
0.92,0.014720377790878099,0.7846044298646128,0.200675192344509
0.9400000000000001,0.014720377790878099,0.7846044298646128,0.200675192344509
0.96,0.014720377790878099,0.7846044298646128,0.200675192344509
0.98,0.014720377790878099,0.7846044298646128,0.200675192344509
1.0,0.014720377790878099,0.7846044298646128,0.200675192344509
