fraction_of_volc,OH,H2O2,TMI
0.0,0.45648151277529647,0.2908349953213742,0.2526834919033294
0.02,0.45648151277529647,0.2908349953213742,0.2526834919033294
0.04,0.45648151277529647,0.2908349953213742,0.2526834919033294
0.06,0.45648151277529647,0.2908349953213742,0.2526834919033294
0.08,0.45648151277529647,0.2908349953213742,0.2526834919033294
0.1,0.45648151277529647,0.2908349953213742,0.2526834919033294
0.12,0.45648151277529647,0.2908349953213742,0.2526834919033294
0.14,0.45648151277529647,0.2908349953213742,0.2526834919033294
0.16,0.45648151277529647,0.2908349953213742,0.2526834919033294
0.18,0.45648151277529647,0.2908349953213742,0.2526834919033294
0.2,0.45648151277529647,0.2908349953213742,0.2526834919033294
0.22,0.45648151277529647,0.2908349953213742,0.2526834919033294
0.24,0.4487652596247539,0.28440040558233964,0.2668343347929065
0.26,0.4410490064742113,0.2779658158433051,0.28098517768248366
0.28,0.43333275332366866,0.2715312261042706,0.2951360205720608
0.3,0.4256165001731261,0.26509663636523606,0.3092868634616379
0.32,0.4179002470225835,0.2586620466262015,0.32343770635121505
0.34,0.4101839938720409,0.25222745688716697,0.3375885492407922
0.36,0.4024677407214983,0.24579286714813245,0.3517393921303693
0.38,0.3947514875709557,0.2393582774090979,0.36589023501994644
0.4,0.3870352344204131,0.23292368767006338,0.3800410779095236
0.42,0.3793189812698705,0.22648909793102884,0.3941919207991007
0.44,0.37160272811932793,0.2200545081919943,0.40834276368867783
0.46,0.36388647496878535,0.21361991845295977,0.4224936065782549
0.48,0.35617022181824276,0.20718532871392525,0.43664444946783204
0.5,0.3484539686677002,0.2007507389748907,0.45079529235740917
0.52,0.34073771551715754,0.19431614923585616,0.4649461352469863
0.54,0.33302146236661495,0.18788155949682162,0.47909697813656343
0.56,0.32530520921607237,0.1814469697577871,0.49324782102614056
0.58,0.3175889560655297,0.17501238001875258,0.5073986639157178
0.6,0.30987270291498714,0.16857779027971803,0.5215495068052949
0.62,0.30215644976444456,0.16214320054068349,0.535700349694872
0.64,0.29444019661390197,0.15570861080164897,0.5498511925844491
0.66,0.2867239434633594,0.14927402106261442,0.5640020354740263
0.68,0.2790076903128168,0.14283943132357987,0.5781528783636034
0.7000000000000001,0.2712914371622742,0.13640484158454536,0.5923037212531804
0.72,0.26357518401173163,0.1299702518455108,0.6064545641427576
0.74,0.255858930861189,0.12353566210647629,0.6206054070323347
0.76,0.2481426777106464,0.11710107236744174,0.6347562499219118
0.78,0.24042642456010382,0.1106664826284072,0.648907092811489
0.8,0.2327101714095612,0.10423189288937268,0.6630579357010661
0.8200000000000001,0.22499391825901863,0.09779730315033813,0.6772087785906432
0.84,0.21727766510847601,0.09136271341130361,0.6913596214802203
0.86,0.21727766510847601,0.09136271341130361,0.6913596214802203
0.88,0.21727766510847601,0.09136271341130361,0.6913596214802203
0.9,0.21727766510847601,0.09136271341130361,0.6913596214802203
0.92,0.21727766510847601,0.09136271341130361,0.6913596214802203
0.9400000000000001,0.21727766510847601,0.09136271341130361,0.6913596214802203
0.96,0.21727766510847601,0.09136271341130361,0.6913596214802203
0.98,0.21727766510847601,0.09136271341130361,0.6913596214802203
1.0,0.21727766510847601,0.09136271341130361,0.6913596214802203
