fraction_of_volc,OH,H2O2,TMI
0.0,0.3407521163804865,0.352827103665136,0.3064207799543774
0.02,0.3407521163804865,0.352827103665136,0.3064207799543774
0.04,0.3407521163804865,0.352827103665136,0.3064207799543774
0.06,0.3407521163804865,0.352827103665136,0.3064207799543774
0.08,0.3407521163804865,0.352827103665136,0.3064207799543774
0.1,0.3407521163804865,0.352827103665136,0.3064207799543774
0.12,0.3407521163804865,0.352827103665136,0.3064207799543774
0.14,0.3407521163804865,0.352827103665136,0.3064207799543774
0.16,0.3407521163804865,0.352827103665136,0.3064207799543774
0.18,0.3407521163804865,0.352827103665136,0.3064207799543774
0.2,0.3407521163804865,0.352827103665136,0.3064207799543774
0.22,0.3407521163804865,0.352827103665136,0.3064207799543774
0.24,0.3407521163804865,0.352827103665136,0.3064207799543774
0.26,0.3407521163804865,0.352827103665136,0.3064207799543774
0.28,0.3407521163804865,0.352827103665136,0.3064207799543774
0.3,0.3407521163804865,0.352827103665136,0.3064207799543774
0.32,0.3407521163804865,0.352827103665136,0.3064207799543774
0.34,0.3407521163804865,0.352827103665136,0.3064207799543774
0.36,0.3407521163804865,0.352827103665136,0.3064207799543774
0.38,0.3407521163804865,0.352827103665136,0.3064207799543774
0.4,0.3407521163804865,0.352827103665136,0.3064207799543774
0.42,0.3407521163804865,0.352827103665136,0.3064207799543774
0.44,0.3407521163804865,0.352827103665136,0.3064207799543774
0.46,0.3407521163804865,0.352827103665136,0.3064207799543774
0.48,0.3407521163804865,0.352827103665136,0.3064207799543774
0.5,0.3407521163804865,0.352827103665136,0.3064207799543774
0.52,0.3407521163804865,0.352827103665136,0.3064207799543774
0.54,0.3407521163804865,0.352827103665136,0.3064207799543774
0.56,0.326335130212204,0.3306148033755874,0.34305006641220853
0.58,0.3119181440439215,0.30840250308603884,0.3796793528700396
0.6,0.2975011578756389,0.2861902027964902,0.41630863932787077
0.62,0.2830841717073564,0.26397790250694164,0.4529379257857019
0.64,0.26866718553907387,0.2417656022173931,0.489567212243533
0.66,0.25425019937079135,0.2195533019278445,0.5261964987013641
0.68,0.23983321320250883,0.19734100163829593,0.5628257851591952
0.7000000000000001,0.23983321320250883,0.19734100163829593,0.5628257851591952
0.72,0.23983321320250883,0.19734100163829593,0.5628257851591952
0.74,0.23983321320250883,0.19734100163829593,0.5628257851591952
0.76,0.23983321320250883,0.19734100163829593,0.5628257851591952
0.78,0.23983321320250883,0.19734100163829593,0.5628257851591952
0.8,0.23983321320250883,0.19734100163829593,0.5628257851591952
0.8200000000000001,0.23983321320250883,0.19734100163829593,0.5628257851591952
0.84,0.23983321320250883,0.19734100163829593,0.5628257851591952
0.86,0.23983321320250883,0.19734100163829593,0.5628257851591952
0.88,0.23983321320250883,0.19734100163829593,0.5628257851591952
0.9,0.23983321320250883,0.19734100163829593,0.5628257851591952
0.92,0.23983321320250883,0.19734100163829593,0.5628257851591952
0.9400000000000001,0.23983321320250883,0.19734100163829593,0.5628257851591952
0.96,0.23983321320250883,0.19734100163829593,0.5628257851591952
0.98,0.23983321320250883,0.19734100163829593,0.5628257851591952
1.0,0.23983321320250883,0.19734100163829593,0.5628257851591952
