fraction_of_volc,OH,H2O2,TMI
0.0,0.589514728744401,0.26983912317441033,0.1406461480811886
0.02,0.589514728744401,0.26983912317441033,0.1406461480811886
0.04,0.589514728744401,0.26983912317441033,0.1406461480811886
0.06,0.589514728744401,0.26983912317441033,0.1406461480811886
0.08,0.5836560963262709,0.26712895510689166,0.14921494856683748
0.1,0.5777974639081407,0.26441878703937294,0.15778374905248632
0.12,0.5719388314900106,0.26170861897185427,0.16635254953813516
0.14,0.5660801990718803,0.2589984509043356,0.17492135002378403
0.16,0.5602215666537502,0.2562882828368169,0.1834901505094329
0.18,0.55436293423562,0.2535781147692982,0.19205895099508175
0.2,0.5485043018174899,0.25086794670177953,0.2006277514807306
0.22,0.5426456693993597,0.24815777863426086,0.20919655196637946
0.24,0.5367870369812295,0.24544761056674216,0.21776535245202833
0.26,0.5309284045630993,0.2427374424992235,0.22633415293767717
0.28,0.5250697721449692,0.2400272744317048,0.234902953423326
0.3,0.519211139726839,0.23731710636418613,0.24347175390897488
0.32,0.5133525073087088,0.23460693829666743,0.25204055439462375
0.34,0.5074938748905786,0.23189677022914876,0.2606093548802726
0.36,0.5016352424724485,0.22918660216163006,0.2691781553659215
0.38,0.4957766100543183,0.2264764340941114,0.2777469558515703
0.4,0.48991797763618816,0.2237662660265927,0.2863157563372192
0.42,0.48405934521805793,0.22105609795907402,0.294884556822868
0.44,0.4782007127999278,0.21834592989155532,0.30345335730851686
0.46,0.4723420803817976,0.21563576182403665,0.31202215779416576
0.48,0.4664834479636675,0.21292559375651796,0.32059095827981454
0.5,0.46062481554553725,0.21021542568899929,0.32915975876546344
0.52,0.45476618312740713,0.2075052576214806,0.33772855925111234
0.54,0.44890755070927696,0.20479508955396192,0.3462973597367611
0.56,0.4430489182911468,0.20208492148644322,0.35486616022241
0.58,0.4371902858730166,0.19937475341892452,0.36343496070805886
0.6,0.43133165345488644,0.19666458535140585,0.3720037611937077
0.62,0.42547302103675627,0.19395441728388718,0.3805725616793566
0.64,0.4196143886186261,0.19124424921636848,0.3891413621650054
0.66,0.4137557562004959,0.18853408114884979,0.3977101626506543
0.68,0.40789712378236576,0.18582391308133112,0.4062789631363032
0.7000000000000001,0.4020384913642356,0.18311374501381245,0.41484776362195197
0.72,0.3961798589461054,0.18040357694629375,0.42341656410760087
0.74,0.39032122652797524,0.17769340887877505,0.43198536459324965
0.76,0.38446259410984507,0.17498324081125638,0.44055416507889855
0.78,0.3786039616917149,0.1722730727437377,0.44912296556454745
0.8,0.3727453292735847,0.169562904676219,0.4576917660501963
0.8200000000000001,0.3727453292735847,0.169562904676219,0.4576917660501963
0.84,0.3727453292735847,0.169562904676219,0.4576917660501963
0.86,0.3727453292735847,0.169562904676219,0.4576917660501963
0.88,0.3727453292735847,0.169562904676219,0.4576917660501963
0.9,0.3727453292735847,0.169562904676219,0.4576917660501963
0.92,0.3727453292735847,0.169562904676219,0.4576917660501963
0.9400000000000001,0.3727453292735847,0.169562904676219,0.4576917660501963
0.96,0.3727453292735847,0.169562904676219,0.4576917660501963
0.98,0.3727453292735847,0.169562904676219,0.4576917660501963
1.0,0.3727453292735847,0.169562904676219,0.4576917660501963
