fraction_of_volc,OH,H2O2,TMI
0.0,0.2479274595286221,0.23515978308900007,0.5169127573823777
0.02,0.2479274595286221,0.23515978308900007,0.5169127573823777
0.04,0.2479274595286221,0.23515978308900007,0.5169127573823777
0.06,0.2479274595286221,0.23515978308900007,0.5169127573823777
0.08,0.2479274595286221,0.23515978308900007,0.5169127573823777
0.1,0.2479274595286221,0.23515978308900007,0.5169127573823777
0.12,0.2479274595286221,0.23515978308900007,0.5169127573823777
0.14,0.2479274595286221,0.23515978308900007,0.5169127573823777
0.16,0.2479274595286221,0.23515978308900007,0.5169127573823777
0.18,0.2479274595286221,0.23515978308900007,0.5169127573823777
0.2,0.2479274595286221,0.23515978308900007,0.5169127573823777
0.22,0.2479274595286221,0.23515978308900007,0.5169127573823777
0.24,0.2479274595286221,0.23515978308900007,0.5169127573823777
0.26,0.2479274595286221,0.23515978308900007,0.5169127573823777
0.28,0.2479274595286221,0.23515978308900007,0.5169127573823777
0.3,0.2479274595286221,0.23515978308900007,0.5169127573823777
0.32,0.2479274595286221,0.23515978308900007,0.5169127573823777
0.34,0.2479274595286221,0.23515978308900007,0.5169127573823777
0.36,0.2479274595286221,0.23515978308900007,0.5169127573823777
0.38,0.2594343776723651,0.2361159559807233,0.5044496663469115
0.4,0.2709412958161081,0.23707212887244655,0.49198657531144524
0.42,0.28244821395985115,0.23802830176416978,0.479523484275979
0.44,0.29395513210359414,0.238984474655893,0.46706039324051274
0.46,0.30546205024733714,0.23994064754761626,0.4545973022050465
0.48,0.31696896839108013,0.2408968204393395,0.4421342111695803
0.5,0.3284758865348232,0.24185299333106272,0.429671120134114
0.52,0.3399828046785662,0.24280916622278595,0.4172080290986478
0.54,0.35148972282230917,0.2437653391145092,0.40474493806318157
0.56,0.36299664096605216,0.24472151200623243,0.3922818470277153
0.58,0.37450355910979516,0.24567768489795566,0.37981875599224907
0.6,0.3860104772535382,0.24663385778967892,0.36735566495678285
0.62,0.3975173953972812,0.24759003068140215,0.35489257392131657
0.64,0.4090243135410242,0.24854620357312537,0.34242948288585034
0.66,0.42053123168476725,0.24950237646484863,0.3299663918503841
0.68,0.4320381498285102,0.25045854935657186,0.31750330081491784
0.7000000000000001,0.44354506797225324,0.2514147222482951,0.30504020977945157
0.72,0.45505198611599623,0.2523708951400183,0.29257711874398534
0.74,0.4665589042597392,0.25332706803174154,0.2801140277085191
0.76,0.4780658224034823,0.2542832409234648,0.26765093667305284
0.78,0.4895727405472252,0.25523941381518805,0.2551878456375866
0.8,0.5010796586909683,0.2561955867069113,0.2427247546021204
0.8200000000000001,0.5125865768347113,0.2571517595986345,0.23026166356665412
0.84,0.5240934949784543,0.25810793249035774,0.2177985725311879
0.86,0.5356004131221972,0.25906410538208097,0.20533548149572167
0.88,0.5471073312659402,0.26002027827380425,0.1928723904602554
0.9,0.5586142494096833,0.2609764511655275,0.18040929942478917
0.92,0.5701211675534263,0.2619326240572507,0.16794620838932295
0.9400000000000001,0.5816280856971693,0.26288879694897394,0.15548311735385667
0.96,0.5816280856971693,0.26288879694897394,0.15548311735385667
0.98,0.5816280856971693,0.26288879694897394,0.15548311735385667
1.0,0.5816280856971693,0.26288879694897394,0.15548311735385667
