fraction_of_volc,OH,H2O2,TMI
0.0,0.1240750295358493,0.6478090202334944,0.2281159502306563
0.02,0.1240750295358493,0.6478090202334944,0.2281159502306563
0.04,0.1240750295358493,0.6478090202334944,0.2281159502306563
0.06,0.1240750295358493,0.6478090202334944,0.2281159502306563
0.08,0.1240750295358493,0.6478090202334944,0.2281159502306563
0.1,0.1240750295358493,0.6478090202334944,0.2281159502306563
0.12,0.1240750295358493,0.6478090202334944,0.2281159502306563
0.14,0.1240750295358493,0.6478090202334944,0.2281159502306563
0.16,0.1240750295358493,0.6478090202334944,0.2281159502306563
0.18,0.1240750295358493,0.6478090202334944,0.2281159502306563
0.2,0.1240750295358493,0.6478090202334944,0.2281159502306563
0.22,0.1240750295358493,0.6478090202334944,0.2281159502306563
0.24,0.1240750295358493,0.6478090202334944,0.2281159502306563
0.26,0.1240750295358493,0.6478090202334944,0.2281159502306563
0.28,0.1240750295358493,0.6478090202334944,0.2281159502306563
0.3,0.1240750295358493,0.6478090202334944,0.2281159502306563
0.32,0.1240750295358493,0.6478090202334944,0.2281159502306563
0.34,0.1240750295358493,0.6478090202334944,0.2281159502306563
0.36,0.1240750295358493,0.6478090202334944,0.2281159502306563
0.38,0.12171830015667578,0.6291331366497812,0.249148563193543
0.4,0.11936157077750227,0.610457253066068,0.27018117615642967
0.42,0.11700484139832876,0.5917813694823548,0.2912137891193164
0.44,0.11464811201915523,0.5731054858986417,0.3122464020822031
0.46,0.11229138263998172,0.5544296023149285,0.3332790150450898
0.48,0.1099346532608082,0.5357537187312154,0.35431162800797644
0.5,0.10757792388163469,0.5170778351475022,0.37534424097086316
0.52,0.10522119450246117,0.49840195156378897,0.3963768539337499
0.54,0.10286446512328765,0.4797260679800758,0.41740946689663655
0.56,0.10050773574411415,0.4610501843963626,0.4384420798595232
0.58,0.09815100636494062,0.44237430081264945,0.45947469282240994
0.6,0.0957942769857671,0.42369841722893625,0.48050730578529666
0.62,0.09343754760659359,0.40502253364522306,0.5015399187481834
0.64,0.09108081822742008,0.3863466500615099,0.52257253171107
0.66,0.08872408884824656,0.36767076647779673,0.5436051446739567
0.68,0.08636735946907304,0.34899488289408354,0.5646377576368434
0.7000000000000001,0.08401063008989954,0.33031899931037034,0.5856703705997302
0.72,0.08165390071072601,0.31164311572665715,0.6067029835626168
0.74,0.0792971713315525,0.292967232142944,0.6277355965255035
0.76,0.07694044195237898,0.2742913485592308,0.6487682094883902
0.78,0.07458371257320545,0.2556154649755176,0.6698008224512769
0.8,0.07222698319403195,0.2369395813918045,0.6908334354141635
0.8200000000000001,0.06987025381485842,0.2182636978080913,0.7118660483770503
0.84,0.06751352443568491,0.1995878142243781,0.732898661339937
0.86,0.0651567950565114,0.18091193064066488,0.7539312743028237
0.88,0.0651567950565114,0.18091193064066488,0.7539312743028237
0.9,0.0651567950565114,0.18091193064066488,0.7539312743028237
0.92,0.0651567950565114,0.18091193064066488,0.7539312743028237
0.9400000000000001,0.0651567950565114,0.18091193064066488,0.7539312743028237
0.96,0.0651567950565114,0.18091193064066488,0.7539312743028237
0.98,0.0651567950565114,0.18091193064066488,0.7539312743028237
1.0,0.0651567950565114,0.18091193064066488,0.7539312743028237
