fraction_of_volc,OH,H2O2,TMI
0.0,0.2960193935217527,0.31706105505482624,0.3869195514234211
0.02,0.2960193935217527,0.31706105505482624,0.3869195514234211
0.04,0.2960193935217527,0.31706105505482624,0.3869195514234211
0.06,0.2960193935217527,0.31706105505482624,0.3869195514234211
0.08,0.2960193935217527,0.31706105505482624,0.3869195514234211
0.1,0.2960193935217527,0.31706105505482624,0.3869195514234211
0.12,0.2960193935217527,0.31706105505482624,0.3869195514234211
0.14,0.2960193935217527,0.31706105505482624,0.3869195514234211
0.16,0.2877535494890293,0.32352914539770256,0.3887173051132682
0.18,0.2794877054563059,0.3299972357405789,0.3905150588031153
0.2,0.27122186142358246,0.33646532608345514,0.3923128124929624
0.22,0.26295601739085905,0.34293341642633146,0.3941105661828095
0.24,0.25469017335813565,0.3494015067692078,0.3959083198726566
0.26,0.24642432932541225,0.3558695971120841,0.3977060735625037
0.28,0.23815848529268885,0.3623376874549604,0.39950382725235084
0.3,0.22989264125996542,0.36880577779783674,0.4013015809421979
0.32,0.221626797227242,0.37527386814071306,0.403099334632045
0.34,0.2133609531945186,0.3817419584835894,0.40489708832189214
0.36,0.20509510916179519,0.38821004882646565,0.4066948420117392
0.38,0.19682926512907178,0.39467813916934197,0.4084925957015863
0.4,0.18856342109634835,0.4011462295122183,0.41029034939143344
0.42,0.18029757706362495,0.4076143198550946,0.4120881030812805
0.44,0.17203173303090152,0.41408241019797093,0.4138858567711276
0.46,0.16376588899817812,0.4205505005408472,0.41568361046097474
0.48,0.15550004496545472,0.4270185908837235,0.4174813641508218
0.5,0.1472342009327313,0.43348668122659983,0.41927911784066896
0.52,0.1389683569000079,0.43995477156947616,0.42107687153051604
0.54,0.13070251286728446,0.4464228619123525,0.4228746252203631
0.56,0.12243666883456106,0.4528909522552288,0.42467237891021026
0.58,0.11417082480183766,0.4593590425981051,0.42647013260005734
0.6,0.10590498076911423,0.46582713294098144,0.4282678862899044
0.62,0.09763913673639082,0.4722952232838577,0.43006563997975156
0.64,0.08937329270366742,0.478763313626734,0.43186339366959864
0.66,0.081107448670944,0.48523140396961034,0.4336611473594457
0.68,0.07284160463822059,0.49169949431248666,0.43545890104929286
0.7000000000000001,0.06457576060549719,0.4981675846553629,0.43725665473913994
0.72,0.05630991657277376,0.5046356749982392,0.439054408428987
0.74,0.04804407254005036,0.5111037653411156,0.44085216211883416
0.76,0.03977822850732693,0.5175718556839919,0.44264991580868124
0.78,0.03151238447460353,0.5240399460268682,0.4444476694985284
0.8,0.02324654044188011,0.5305080363697445,0.44624542318837546
0.8200000000000001,0.02324654044188011,0.5305080363697445,0.44624542318837546
0.84,0.02324654044188011,0.5305080363697445,0.44624542318837546
0.86,0.02324654044188011,0.5305080363697445,0.44624542318837546
0.88,0.02324654044188011,0.5305080363697445,0.44624542318837546
0.9,0.02324654044188011,0.5305080363697445,0.44624542318837546
0.92,0.02324654044188011,0.5305080363697445,0.44624542318837546
0.9400000000000001,0.02324654044188011,0.5305080363697445,0.44624542318837546
0.96,0.02324654044188011,0.5305080363697445,0.44624542318837546
0.98,0.02324654044188011,0.5305080363697445,0.44624542318837546
1.0,0.02324654044188011,0.5305080363697445,0.44624542318837546
