fraction_of_volc,OH,H2O2,TMI
0.0,0.06571505006226169,0.2544445131845853,0.679840436753153
0.02,0.06571505006226169,0.2544445131845853,0.679840436753153
0.04,0.06571505006226169,0.2544445131845853,0.679840436753153
0.06,0.06571505006226169,0.2544445131845853,0.679840436753153
0.08,0.06571505006226169,0.2544445131845853,0.679840436753153
0.1,0.06571505006226169,0.2544445131845853,0.679840436753153
0.12,0.06571505006226169,0.2544445131845853,0.679840436753153
0.14,0.06571505006226169,0.2544445131845853,0.679840436753153
0.16,0.06571505006226169,0.2544445131845853,0.679840436753153
0.18,0.06571505006226169,0.2544445131845853,0.679840436753153
0.2,0.06571505006226169,0.2544445131845853,0.679840436753153
0.22,0.06571505006226169,0.2544445131845853,0.679840436753153
0.24,0.06571505006226169,0.2544445131845853,0.679840436753153
0.26,0.06571505006226169,0.2544445131845853,0.679840436753153
0.28,0.06571505006226169,0.2544445131845853,0.679840436753153
0.3,0.06571505006226169,0.2544445131845853,0.679840436753153
0.32,0.06571505006226169,0.2544445131845853,0.679840436753153
0.34,0.06571505006226169,0.2544445131845853,0.679840436753153
0.36,0.06571505006226169,0.2544445131845853,0.679840436753153
0.38,0.06571505006226169,0.2544445131845853,0.679840436753153
0.4,0.06571505006226169,0.2544445131845853,0.679840436753153
0.42,0.06571505006226169,0.2544445131845853,0.679840436753153
0.44,0.06571505006226169,0.2544445131845853,0.679840436753153
0.46,0.06571505006226169,0.2544445131845853,0.679840436753153
0.48,0.10252523169340513,0.2515612375127475,0.6459135307938473
0.5,0.13933541332454857,0.2486779618409097,0.6119866248345417
0.52,0.17614559495569201,0.2457946861690719,0.578059718875236
0.54,0.21295577658683545,0.24291141049723414,0.5441328129159304
0.56,0.2497659582179789,0.24002813482539634,0.5102059069566247
0.58,0.28657613984912234,0.23714485915355857,0.476279000997319
0.6,0.32338632148026575,0.23426158348172077,0.44235209503801337
0.62,0.3601965031114092,0.231378307809883,0.40842518907870773
0.64,0.3970066847425527,0.2284950321380452,0.3744982831194021
0.66,0.4338168663736961,0.2256117564662074,0.34057137716009644
0.68,0.4706270480048395,0.22272848079436963,0.30664447120079075
0.7000000000000001,0.507437229635983,0.21984520512253183,0.2727175652414851
0.72,0.5442474112671265,0.21696192945069406,0.23879065928217946
0.74,0.5810575928982697,0.21407865377885626,0.20486375332287377
0.76,0.6178677745294132,0.2111953781070185,0.17093684736356818
0.78,0.6546779561605567,0.2083121024351807,0.13700994140426248
0.8,0.6914881377917002,0.2054288267633429,0.10308303544495678
0.8200000000000001,0.7282983194228436,0.20254555109150513,0.06915612948565124
0.84,0.7282983194228436,0.20254555109150513,0.06915612948565124
0.86,0.7282983194228436,0.20254555109150513,0.06915612948565124
0.88,0.7282983194228436,0.20254555109150513,0.06915612948565124
0.9,0.7282983194228436,0.20254555109150513,0.06915612948565124
0.92,0.7282983194228436,0.20254555109150513,0.06915612948565124
0.9400000000000001,0.7282983194228436,0.20254555109150513,0.06915612948565124
0.96,0.7282983194228436,0.20254555109150513,0.06915612948565124
0.98,0.7282983194228436,0.20254555109150513,0.06915612948565124
1.0,0.7282983194228436,0.20254555109150513,0.06915612948565124
