fraction_of_volc,OH,H2O2,TMI
0.0,0.5457249603602445,0.12526507194341643,0.3290099676963391
0.02,0.5457249603602445,0.12526507194341643,0.3290099676963391
0.04,0.5457249603602445,0.12526507194341643,0.3290099676963391
0.06,0.5457249603602445,0.12526507194341643,0.3290099676963391
0.08,0.5457249603602445,0.12526507194341643,0.3290099676963391
0.1,0.5331994215617636,0.1262160276244693,0.34058455081376726
0.12,0.5206738827632825,0.12716698330552215,0.35215913393119536
0.14,0.5081483439648016,0.12811793898657498,0.3637337170486235
0.16,0.4956228051663206,0.12906889466762783,0.37530830016605166
0.18,0.4830972663678396,0.1300198503486807,0.38688288328347975
0.2,0.4705717275693586,0.13097080602973354,0.3984574664009079
0.22,0.45804618877087766,0.1319217617107864,0.41003204951833605
0.24,0.4455206499723967,0.13287271739183926,0.42160663263576414
0.26,0.4329951111739157,0.13382367307289209,0.4331812157531923
0.28,0.4204695723754347,0.13477462875394494,0.44475579887062044
0.3,0.40794403357695375,0.1357255844349978,0.45633038198804854
0.32,0.39541849477847274,0.13667654011605065,0.4679049651054767
0.34,0.38289295597999173,0.1376274957971035,0.47947954822290484
0.36,0.3703674171815108,0.13857845147815634,0.49105413134033293
0.38,0.35784187838302983,0.1395294071592092,0.502628714457761
0.4,0.3453163395845488,0.14048036284026205,0.5142032975751892
0.42,0.3327908007860678,0.1414313185213149,0.5257778806926173
0.44,0.32026526198758687,0.14238227420236776,0.5373524638100455
0.46,0.3077397231891059,0.14333322988342062,0.5489270469274736
0.48,0.2952141843906249,0.14428418556447345,0.5605016300449017
0.5,0.2826886455921439,0.1452351412455263,0.5720762131623298
0.52,0.27016310679366295,0.14618609692657916,0.5836507962797579
0.54,0.25763756799518195,0.14713705260763202,0.5952253793971861
0.56,0.24511202919670094,0.14808800828868487,0.6067999625146143
0.58,0.23258649039822,0.1490389639697377,0.6183745456320424
0.6,0.22006095159973899,0.14998991965079056,0.6299491287494705
0.62,0.20753541280125803,0.15094087533184342,0.6415237118668986
0.64,0.19500987400277703,0.15189183101289627,0.6530982949843267
0.66,0.18248433520429608,0.15284278669394913,0.6646728781017549
0.68,0.16995879640581507,0.15379374237500198,0.6762474612191831
0.7000000000000001,0.15743325760733412,0.1547446980560548,0.6878220443366112
0.72,0.14490771880885311,0.15569565373710767,0.6993966274540393
0.74,0.1323821800103721,0.15664660941816053,0.7109712105714674
0.76,0.11985664121189116,0.15759756509921338,0.7225457936888955
0.78,0.10733110241341015,0.15854852078026624,0.7341203768063237
0.8,0.0948055636149292,0.15949947646131907,0.7456949599237519
0.8200000000000001,0.0822800248164482,0.16045043214237192,0.75726954304118
0.84,0.06975448601796724,0.16140138782342478,0.7688441261586081
0.86,0.057228947219486244,0.16235234350447764,0.7804187092760362
0.88,0.057228947219486244,0.16235234350447764,0.7804187092760362
0.9,0.057228947219486244,0.16235234350447764,0.7804187092760362
0.92,0.057228947219486244,0.16235234350447764,0.7804187092760362
0.9400000000000001,0.057228947219486244,0.16235234350447764,0.7804187092760362
0.96,0.057228947219486244,0.16235234350447764,0.7804187092760362
0.98,0.057228947219486244,0.16235234350447764,0.7804187092760362
1.0,0.057228947219486244,0.16235234350447764,0.7804187092760362
