fraction_of_volc,OH,H2O2,TMI
0.0,0.036985864978820324,0.8915634313122452,0.07145070370893444
0.02,0.036985864978820324,0.8915634313122452,0.07145070370893444
0.04,0.036985864978820324,0.8915634313122452,0.07145070370893444
0.06,0.036985864978820324,0.8915634313122452,0.07145070370893444
0.08,0.036985864978820324,0.8915634313122452,0.07145070370893444
0.1,0.036985864978820324,0.8915634313122452,0.07145070370893444
0.12,0.036985864978820324,0.8915634313122452,0.07145070370893444
0.14,0.036985864978820324,0.8915634313122452,0.07145070370893444
0.16,0.036985864978820324,0.8915634313122452,0.07145070370893444
0.18,0.036985864978820324,0.8915634313122452,0.07145070370893444
0.2,0.036985864978820324,0.8915634313122452,0.07145070370893444
0.22,0.036985864978820324,0.8915634313122452,0.07145070370893444
0.24,0.036985864978820324,0.8915634313122452,0.07145070370893444
0.26,0.036985864978820324,0.8915634313122452,0.07145070370893444
0.28,0.036985864978820324,0.8915634313122452,0.07145070370893444
0.3,0.036985864978820324,0.8915634313122452,0.07145070370893444
0.32,0.036985864978820324,0.8915634313122452,0.07145070370893444
0.34,0.036985864978820324,0.8915634313122452,0.07145070370893444
0.36,0.036985864978820324,0.8915634313122452,0.07145070370893444
0.38,0.036985864978820324,0.8915634313122452,0.07145070370893444
0.4,0.036985864978820324,0.8915634313122452,0.07145070370893444
0.42,0.036985864978820324,0.8915634313122452,0.07145070370893444
0.44,0.036985864978820324,0.8915634313122452,0.07145070370893444
0.46,0.036985864978820324,0.8915634313122452,0.07145070370893444
0.48,0.036985864978820324,0.8915634313122452,0.07145070370893444
0.5,0.036985864978820324,0.8915634313122452,0.07145070370893444
0.52,0.036985864978820324,0.8915634313122452,0.07145070370893444
0.54,0.036985864978820324,0.8915634313122452,0.07145070370893444
0.56,0.036985864978820324,0.8915634313122452,0.07145070370893444
0.58,0.036985864978820324,0.8915634313122452,0.07145070370893444
0.6,0.036985864978820324,0.8915634313122452,0.07145070370893444
0.62,0.036985864978820324,0.8915634313122452,0.07145070370893444
0.64,0.036985864978820324,0.8915634313122452,0.07145070370893444
0.66,0.055365834245561546,0.79426551642039,0.15036864933404853
0.68,0.07374580351230277,0.6969676015285347,0.2292865949591626
0.7000000000000001,0.09212577277904399,0.5996696866366793,0.3082045405842767
0.72,0.11050574204578521,0.5023717717448241,0.3871224862093907
0.74,0.12888571131252644,0.40507385685296876,0.46604043183450483
0.76,0.14726568057926764,0.30777594196111346,0.544958377459619
0.78,0.16564564984600888,0.21047802706925822,0.623876323084733
0.8,0.18402561911275012,0.11318011217740287,0.7027942687098471
0.8200000000000001,0.18402561911275012,0.11318011217740287,0.7027942687098471
0.84,0.18402561911275012,0.11318011217740287,0.7027942687098471
0.86,0.18402561911275012,0.11318011217740287,0.7027942687098471
0.88,0.18402561911275012,0.11318011217740287,0.7027942687098471
0.9,0.18402561911275012,0.11318011217740287,0.7027942687098471
0.92,0.18402561911275012,0.11318011217740287,0.7027942687098471
0.9400000000000001,0.18402561911275012,0.11318011217740287,0.7027942687098471
0.96,0.18402561911275012,0.11318011217740287,0.7027942687098471
0.98,0.18402561911275012,0.11318011217740287,0.7027942687098471
1.0,0.18402561911275012,0.11318011217740287,0.7027942687098471
