fraction_of_volc,OH,H2O2,TMI
0.0,0.2417530024408379,0.1329134173396409,0.6253335802195213
0.02,0.2417530024408379,0.1329134173396409,0.6253335802195213
0.04,0.2417530024408379,0.1329134173396409,0.6253335802195213
0.06,0.2417530024408379,0.1329134173396409,0.6253335802195213
0.08,0.2417530024408379,0.1329134173396409,0.6253335802195213
0.1,0.2417530024408379,0.1329134173396409,0.6253335802195213
0.12,0.2417530024408379,0.1329134173396409,0.6253335802195213
0.14,0.2417530024408379,0.1329134173396409,0.6253335802195213
0.16,0.2417530024408379,0.1329134173396409,0.6253335802195213
0.18,0.2417530024408379,0.1329134173396409,0.6253335802195213
0.2,0.2417530024408379,0.1329134173396409,0.6253335802195213
0.22,0.2417530024408379,0.1329134173396409,0.6253335802195213
0.24,0.2417530024408379,0.1329134173396409,0.6253335802195213
0.26,0.2417530024408379,0.1329134173396409,0.6253335802195213
0.28,0.2417530024408379,0.1329134173396409,0.6253335802195213
0.3,0.2417530024408379,0.1329134173396409,0.6253335802195213
0.32,0.2417530024408379,0.1329134173396409,0.6253335802195213
0.34,0.2417530024408379,0.1329134173396409,0.6253335802195213
0.36,0.2417530024408379,0.1329134173396409,0.6253335802195213
0.38,0.2417530024408379,0.1329134173396409,0.6253335802195213
0.4,0.2417530024408379,0.1329134173396409,0.6253335802195213
0.42,0.2417530024408379,0.1329134173396409,0.6253335802195213
0.44,0.2417530024408379,0.1329134173396409,0.6253335802195213
0.46,0.2417530024408379,0.1329134173396409,0.6253335802195213
0.48,0.2417530024408379,0.1329134173396409,0.6253335802195213
0.5,0.2417530024408379,0.1329134173396409,0.6253335802195213
0.52,0.2417530024408379,0.1329134173396409,0.6253335802195213
0.54,0.2417530024408379,0.1329134173396409,0.6253335802195213
0.56,0.2417530024408379,0.1329134173396409,0.6253335802195213
0.58,0.2417530024408379,0.1329134173396409,0.6253335802195213
0.6,0.2417530024408379,0.1329134173396409,0.6253335802195213
0.62,0.2317585891255293,0.1720472809774003,0.5961941298970705
0.64,0.22176417581022073,0.21118114461515966,0.5670546795746197
0.66,0.21176976249491214,0.250315008252919,0.537915229252169
0.68,0.20177534917960357,0.2894488718906784,0.5087757789297181
0.7000000000000001,0.19178093586429498,0.3285827355284378,0.47963632860726735
0.72,0.18178652254898642,0.36771659916619714,0.4504968782848165
0.74,0.17179210923367783,0.40685046280395654,0.4213574279623657
0.76,0.16179769591836923,0.44598432644171593,0.3922179776399149
0.78,0.15180328260306067,0.4851181900794753,0.3630785273174641
0.8,0.1418088692877521,0.5242520537172347,0.3339390769950133
0.8200000000000001,0.1318144559724435,0.563385917354994,0.3047996266725625
0.84,0.12182004265713492,0.6025197809927534,0.27566017635011164
0.86,0.11182562934182635,0.6416536446305128,0.24652072602766084
0.88,0.10183121602651776,0.6807875082682722,0.21738127570521004
0.9,0.0918368027112092,0.7199213719060316,0.18824182538275924
0.92,0.0818423893959006,0.759055235543791,0.15910237506030844
0.9400000000000001,0.07184797608059201,0.7981890991815503,0.12996292473785764
0.96,0.061853562765283455,0.8373229628193097,0.10082347441540684
0.98,0.061853562765283455,0.8373229628193097,0.10082347441540684
1.0,0.061853562765283455,0.8373229628193097,0.10082347441540684
