fraction_of_volc,OH,H2O2,TMI
0.0,0.08588433048052072,0.5352296529528747,0.3788860165666046
0.02,0.08588433048052072,0.5352296529528747,0.3788860165666046
0.04,0.08588433048052072,0.5352296529528747,0.3788860165666046
0.06,0.08588433048052072,0.5352296529528747,0.3788860165666046
0.08,0.08588433048052072,0.5352296529528747,0.3788860165666046
0.1,0.08588433048052072,0.5352296529528747,0.3788860165666046
0.12,0.08588433048052072,0.5352296529528747,0.3788860165666046
0.14,0.08588433048052072,0.5352296529528747,0.3788860165666046
0.16,0.08588433048052072,0.5352296529528747,0.3788860165666046
0.18,0.08588433048052072,0.5352296529528747,0.3788860165666046
0.2,0.08588433048052072,0.5352296529528747,0.3788860165666046
0.22,0.08588433048052072,0.5352296529528747,0.3788860165666046
0.24,0.08588433048052072,0.5352296529528747,0.3788860165666046
0.26,0.08588433048052072,0.5352296529528747,0.3788860165666046
0.28,0.08588433048052072,0.5352296529528747,0.3788860165666046
0.3,0.08588433048052072,0.5352296529528747,0.3788860165666046
0.32,0.08588433048052072,0.5352296529528747,0.3788860165666046
0.34,0.08588433048052072,0.5352296529528747,0.3788860165666046
0.36,0.08588433048052072,0.5352296529528747,0.3788860165666046
0.38,0.08588433048052072,0.5352296529528747,0.3788860165666046
0.4,0.08588433048052072,0.5352296529528747,0.3788860165666046
0.42,0.08588433048052072,0.5352296529528747,0.3788860165666046
0.44,0.08588433048052072,0.5352296529528747,0.3788860165666046
0.46,0.08588433048052072,0.5352296529528747,0.3788860165666046
0.48,0.08588433048052072,0.5352296529528747,0.3788860165666046
0.5,0.08588433048052072,0.5352296529528747,0.3788860165666046
0.52,0.08588433048052072,0.5352296529528747,0.3788860165666046
0.54,0.08588433048052072,0.5352296529528747,0.3788860165666046
0.56,0.08588433048052072,0.5352296529528747,0.3788860165666046
0.58,0.08588433048052072,0.5352296529528747,0.3788860165666046
0.6,0.08588433048052072,0.5352296529528747,0.3788860165666046
0.62,0.08588433048052072,0.5352296529528747,0.3788860165666046
0.64,0.09065395601754535,0.5132294146394258,0.3961166293430288
0.66,0.09542358155456998,0.49122917632597696,0.4133472421194531
0.68,0.10019320709159461,0.469228938012528,0.4305778548958774
0.7000000000000001,0.10496283262861925,0.44722869969907914,0.44780846767230165
0.72,0.10973245816564388,0.42522846138563025,0.4650390804487259
0.74,0.11450208370266851,0.4032282230721813,0.4822696932251502
0.76,0.11927170923969316,0.38122798475873243,0.49950030600157447
0.78,0.12404133477671778,0.35922774644528355,0.5167309187779987
0.8,0.12881096031374242,0.33722750813183466,0.5339615315544229
0.8200000000000001,0.13358058585076704,0.3152272698183858,0.5511921443308472
0.84,0.1383502113877917,0.29322703150493684,0.5684227571072715
0.86,0.14311983692481633,0.27122679319148796,0.5856533698836958
0.88,0.14788946246184095,0.24922655487803907,0.60288398266012
0.9,0.15265908799886557,0.22722631656459014,0.6201145954365443
0.92,0.15742871353589022,0.20522607825114125,0.6373452082129686
0.9400000000000001,0.16219833907291487,0.18322583993769237,0.6545758209893928
0.96,0.16696796460993948,0.16122560162424351,0.6718064337658171
0.98,0.16696796460993948,0.16122560162424351,0.6718064337658171
1.0,0.16696796460993948,0.16122560162424351,0.6718064337658171
