fraction_of_volc,OH,H2O2,TMI
0.0,0.1557929032804117,0.11122022992047556,0.7329868667991128
0.02,0.1557929032804117,0.11122022992047556,0.7329868667991128
0.04,0.1557929032804117,0.11122022992047556,0.7329868667991128
0.06,0.1557929032804117,0.11122022992047556,0.7329868667991128
0.08,0.1557929032804117,0.11122022992047556,0.7329868667991128
0.1,0.1557929032804117,0.11122022992047556,0.7329868667991128
0.12,0.1557929032804117,0.11122022992047556,0.7329868667991128
0.14,0.1557929032804117,0.11122022992047556,0.7329868667991128
0.16,0.1557929032804117,0.11122022992047556,0.7329868667991128
0.18,0.1557929032804117,0.11122022992047556,0.7329868667991128
0.2,0.1557929032804117,0.11122022992047556,0.7329868667991128
0.22,0.1557929032804117,0.11122022992047556,0.7329868667991128
0.24,0.1557929032804117,0.11122022992047556,0.7329868667991128
0.26,0.1557929032804117,0.11122022992047556,0.7329868667991128
0.28,0.1557929032804117,0.11122022992047556,0.7329868667991128
0.3,0.1557929032804117,0.11122022992047556,0.7329868667991128
0.32,0.1557929032804117,0.11122022992047556,0.7329868667991128
0.34,0.1557929032804117,0.11122022992047556,0.7329868667991128
0.36,0.1557929032804117,0.11122022992047556,0.7329868667991128
0.38,0.1557929032804117,0.11122022992047556,0.7329868667991128
0.4,0.1557929032804117,0.11122022992047556,0.7329868667991128
0.42,0.1557929032804117,0.11122022992047556,0.7329868667991128
0.44,0.1557929032804117,0.11122022992047556,0.7329868667991128
0.46,0.1557929032804117,0.11122022992047556,0.7329868667991128
0.48,0.1557929032804117,0.11122022992047556,0.7329868667991128
0.5,0.1557929032804117,0.11122022992047556,0.7329868667991128
0.52,0.1557929032804117,0.11122022992047556,0.7329868667991128
0.54,0.1557929032804117,0.11122022992047556,0.7329868667991128
0.56,0.14428292463589035,0.13450482402487826,0.7212122513392315
0.58,0.13277294599136896,0.15778941812928096,0.7094376358793502
0.6,0.1212629673468476,0.1810740122336837,0.6976630204194688
0.62,0.10975298870232623,0.2043586063380864,0.6858884049595875
0.64,0.09824301005780486,0.2276432004424891,0.6741137894997061
0.66,0.0867330314132835,0.2509277945468918,0.6623391740398248
0.68,0.07522305276876214,0.2742123886512945,0.6505645585799434
0.7000000000000001,0.06371307412424076,0.2974969827556972,0.6387899431200621
0.72,0.052203095479719394,0.3207815768600999,0.6270153276601808
0.74,0.04069311683519802,0.3440661709645026,0.6152407122002994
0.76,0.029183138190676666,0.36735076506890535,0.6034660967404181
0.78,0.029183138190676666,0.36735076506890535,0.6034660967404181
0.8,0.029183138190676666,0.36735076506890535,0.6034660967404181
0.8200000000000001,0.029183138190676666,0.36735076506890535,0.6034660967404181
0.84,0.029183138190676666,0.36735076506890535,0.6034660967404181
0.86,0.029183138190676666,0.36735076506890535,0.6034660967404181
0.88,0.029183138190676666,0.36735076506890535,0.6034660967404181
0.9,0.029183138190676666,0.36735076506890535,0.6034660967404181
0.92,0.029183138190676666,0.36735076506890535,0.6034660967404181
0.9400000000000001,0.029183138190676666,0.36735076506890535,0.6034660967404181
0.96,0.029183138190676666,0.36735076506890535,0.6034660967404181
0.98,0.029183138190676666,0.36735076506890535,0.6034660967404181
1.0,0.029183138190676666,0.36735076506890535,0.6034660967404181
