fraction_of_volc,OH,H2O2,TMI
0.0,0.7329159858907225,0.18384527898551636,0.08323873512376123
0.02,0.7329159858907225,0.18384527898551636,0.08323873512376123
0.04,0.7329159858907225,0.18384527898551636,0.08323873512376123
0.06,0.7329159858907225,0.18384527898551636,0.08323873512376123
0.08,0.7329159858907225,0.18384527898551636,0.08323873512376123
0.1,0.7329159858907225,0.18384527898551636,0.08323873512376123
0.12,0.7329159858907225,0.18384527898551636,0.08323873512376123
0.14,0.7329159858907225,0.18384527898551636,0.08323873512376123
0.16,0.7329159858907225,0.18384527898551636,0.08323873512376123
0.18,0.7329159858907225,0.18384527898551636,0.08323873512376123
0.2,0.7329159858907225,0.18384527898551636,0.08323873512376123
0.22,0.7329159858907225,0.18384527898551636,0.08323873512376123
0.24,0.7329159858907225,0.18384527898551636,0.08323873512376123
0.26,0.7329159858907225,0.18384527898551636,0.08323873512376123
0.28,0.7329159858907225,0.18384527898551636,0.08323873512376123
0.3,0.7329159858907225,0.18384527898551636,0.08323873512376123
0.32,0.7329159858907225,0.18384527898551636,0.08323873512376123
0.34,0.7329159858907225,0.18384527898551636,0.08323873512376123
0.36,0.7160067234087185,0.19383473536267246,0.09015854122860911
0.38,0.6990974609267145,0.20382419173982855,0.097078347333457
0.4,0.6821881984447106,0.21381364811698464,0.10399815343830487
0.42,0.6652789359627066,0.2238031044941407,0.11091795954315276
0.44,0.6483696734807026,0.2337925608712968,0.11783776564800064
0.46,0.6314604109986987,0.2437820172484529,0.1247575717528485
0.48,0.6145511485166948,0.253771473625609,0.1316773778576964
0.5,0.5976418860346908,0.26376093000276507,0.13859718396254428
0.52,0.5807326235526868,0.27375038637992116,0.14551699006739216
0.54,0.5638233610706829,0.28373984275707725,0.15243679617224004
0.56,0.5469140985886789,0.29372929913423335,0.15935660227708792
0.58,0.5300048361066749,0.30371875551138944,0.16627640838193578
0.6,0.513095573624671,0.3137082118885455,0.17319621448678366
0.62,0.496186311142667,0.32369766826570157,0.18011602059163154
0.64,0.479277048660663,0.33368712464285766,0.18703582669647942
0.66,0.46236778617865903,0.34367658102001375,0.1939556328013273
0.68,0.44545852369665506,0.35366603739716984,0.20087543890617518
0.7000000000000001,0.4285492612146511,0.36365549377432593,0.20779524501102306
0.72,0.4116399987326471,0.373644950151482,0.21471505111587094
0.74,0.39473073625064314,0.3836344065286381,0.22163485722071882
0.76,0.3778214737686392,0.3936238629057942,0.2285546633255667
0.78,0.36091221128663525,0.4036133192829503,0.23547446943041458
0.8,0.3440029488046313,0.4136027756601064,0.24239427553526247
0.8200000000000001,0.3270936863226273,0.4235922320372625,0.24931408164011032
0.84,0.31018442384062334,0.4335816884144186,0.2562338877449582
0.86,0.29327516135861936,0.44357114479157467,0.2631536938498061
0.88,0.2763658988766154,0.4535606011687307,0.27007349995465396
0.9,0.2763658988766154,0.4535606011687307,0.27007349995465396
0.92,0.2763658988766154,0.4535606011687307,0.27007349995465396
0.9400000000000001,0.2763658988766154,0.4535606011687307,0.27007349995465396
0.96,0.2763658988766154,0.4535606011687307,0.27007349995465396
0.98,0.2763658988766154,0.4535606011687307,0.27007349995465396
1.0,0.2763658988766154,0.4535606011687307,0.27007349995465396
