fraction_of_volc,OH,H2O2,TMI
0.0,0.17607673739953336,0.3538197202361029,0.4701035423643637
0.02,0.17607673739953336,0.3538197202361029,0.4701035423643637
0.04,0.17607673739953336,0.3538197202361029,0.4701035423643637
0.06,0.17607673739953336,0.3538197202361029,0.4701035423643637
0.08,0.17607673739953336,0.3538197202361029,0.4701035423643637
0.1,0.17607673739953336,0.3538197202361029,0.4701035423643637
0.12,0.17607673739953336,0.3538197202361029,0.4701035423643637
0.14,0.17607673739953336,0.3538197202361029,0.4701035423643637
0.16,0.17607673739953336,0.3538197202361029,0.4701035423643637
0.18,0.17607673739953336,0.3538197202361029,0.4701035423643637
0.2,0.17607673739953336,0.3538197202361029,0.4701035423643637
0.22,0.17607673739953336,0.3538197202361029,0.4701035423643637
0.24,0.17607673739953336,0.3538197202361029,0.4701035423643637
0.26,0.17607673739953336,0.3538197202361029,0.4701035423643637
0.28,0.17607673739953336,0.3538197202361029,0.4701035423643637
0.3,0.17607673739953336,0.3538197202361029,0.4701035423643637
0.32,0.17607673739953336,0.3538197202361029,0.4701035423643637
0.34,0.17607673739953336,0.3538197202361029,0.4701035423643637
0.36,0.17607673739953336,0.3538197202361029,0.4701035423643637
0.38,0.17607673739953336,0.3538197202361029,0.4701035423643637
0.4,0.17607673739953336,0.3538197202361029,0.4701035423643637
0.42,0.17607673739953336,0.3538197202361029,0.4701035423643637
0.44,0.17607673739953336,0.3538197202361029,0.4701035423643637
0.46,0.2424905611360169,0.3285076921684773,0.4290017466955058
0.48,0.3089043848725005,0.30319566410085164,0.38789995102664787
0.5,0.375318208608984,0.277883636033226,0.3467981553577899
0.52,0.44173203234546765,0.25257160796560035,0.30569635968893205
0.54,0.5081458560819512,0.22725957989797474,0.2645945640200741
0.56,0.5745596798184347,0.2019475518303491,0.22349276835121618
0.58,0.6409735035549183,0.17663552376272346,0.18239097268235827
0.6,0.7073873272914019,0.15132349569509781,0.14128917701350036
0.62,0.7073873272914019,0.15132349569509781,0.14128917701350036
0.64,0.7073873272914019,0.15132349569509781,0.14128917701350036
0.66,0.7073873272914019,0.15132349569509781,0.14128917701350036
0.68,0.7073873272914019,0.15132349569509781,0.14128917701350036
0.7000000000000001,0.7073873272914019,0.15132349569509781,0.14128917701350036
0.72,0.7073873272914019,0.15132349569509781,0.14128917701350036
0.74,0.7073873272914019,0.15132349569509781,0.14128917701350036
0.76,0.7073873272914019,0.15132349569509781,0.14128917701350036
0.78,0.7073873272914019,0.15132349569509781,0.14128917701350036
0.8,0.7073873272914019,0.15132349569509781,0.14128917701350036
0.8200000000000001,0.7073873272914019,0.15132349569509781,0.14128917701350036
0.84,0.7073873272914019,0.15132349569509781,0.14128917701350036
0.86,0.7073873272914019,0.15132349569509781,0.14128917701350036
0.88,0.7073873272914019,0.15132349569509781,0.14128917701350036
0.9,0.7073873272914019,0.15132349569509781,0.14128917701350036
0.92,0.7073873272914019,0.15132349569509781,0.14128917701350036
0.9400000000000001,0.7073873272914019,0.15132349569509781,0.14128917701350036
0.96,0.7073873272914019,0.15132349569509781,0.14128917701350036
0.98,0.7073873272914019,0.15132349569509781,0.14128917701350036
1.0,0.7073873272914019,0.15132349569509781,0.14128917701350036
