fraction_of_volc,OH,H2O2,TMI
0.0,0.7439383237370356,0.1637056999677284,0.09235597629523577
0.02,0.7439383237370356,0.1637056999677284,0.09235597629523577
0.04,0.7439383237370356,0.1637056999677284,0.09235597629523577
0.06,0.7439383237370356,0.1637056999677284,0.09235597629523577
0.08,0.7439383237370356,0.1637056999677284,0.09235597629523577
0.1,0.7439383237370356,0.1637056999677284,0.09235597629523577
0.12,0.7439383237370356,0.1637056999677284,0.09235597629523577
0.14,0.7439383237370356,0.1637056999677284,0.09235597629523577
0.16,0.7439383237370356,0.1637056999677284,0.09235597629523577
0.18,0.7439383237370356,0.1637056999677284,0.09235597629523577
0.2,0.7439383237370356,0.1637056999677284,0.09235597629523577
0.22,0.7439383237370356,0.1637056999677284,0.09235597629523577
0.24,0.7439383237370356,0.1637056999677284,0.09235597629523577
0.26,0.7439383237370356,0.1637056999677284,0.09235597629523577
0.28,0.7439383237370356,0.1637056999677284,0.09235597629523577
0.3,0.6989354479569972,0.15865897866413822,0.14240557337886434
0.32,0.6539325721769589,0.15361225736054804,0.19245517046249294
0.34,0.6089296963969205,0.14856553605695785,0.2425047675461215
0.36,0.5639268206168822,0.1435188147533677,0.2925543646297501
0.38,0.5189239448368438,0.1384720934497775,0.34260396171337865
0.4,0.4739210690568054,0.13342537214618733,0.39265355879700725
0.42,0.42891819327676706,0.12837865084259714,0.44270315588063586
0.44,0.3839153174967287,0.12333192953900696,0.4927527529642644
0.46,0.3389124417166903,0.11828520823541677,0.5428023500478929
0.48,0.29390956593665196,0.11323848693182659,0.5928519471315215
0.5,0.2489066901566136,0.10819176562823642,0.6429015442151501
0.52,0.2039038143765752,0.10314504432464623,0.6929511412987787
0.54,0.2039038143765752,0.10314504432464623,0.6929511412987787
0.56,0.2039038143765752,0.10314504432464623,0.6929511412987787
0.58,0.2039038143765752,0.10314504432464623,0.6929511412987787
0.6,0.2039038143765752,0.10314504432464623,0.6929511412987787
0.62,0.2039038143765752,0.10314504432464623,0.6929511412987787
0.64,0.2039038143765752,0.10314504432464623,0.6929511412987787
0.66,0.2039038143765752,0.10314504432464623,0.6929511412987787
0.68,0.2039038143765752,0.10314504432464623,0.6929511412987787
0.7000000000000001,0.2039038143765752,0.10314504432464623,0.6929511412987787
0.72,0.2039038143765752,0.10314504432464623,0.6929511412987787
0.74,0.2039038143765752,0.10314504432464623,0.6929511412987787
0.76,0.2039038143765752,0.10314504432464623,0.6929511412987787
0.78,0.2039038143765752,0.10314504432464623,0.6929511412987787
0.8,0.2039038143765752,0.10314504432464623,0.6929511412987787
0.8200000000000001,0.2039038143765752,0.10314504432464623,0.6929511412987787
0.84,0.2039038143765752,0.10314504432464623,0.6929511412987787
0.86,0.2039038143765752,0.10314504432464623,0.6929511412987787
0.88,0.2039038143765752,0.10314504432464623,0.6929511412987787
0.9,0.2039038143765752,0.10314504432464623,0.6929511412987787
0.92,0.2039038143765752,0.10314504432464623,0.6929511412987787
0.9400000000000001,0.2039038143765752,0.10314504432464623,0.6929511412987787
0.96,0.2039038143765752,0.10314504432464623,0.6929511412987787
0.98,0.2039038143765752,0.10314504432464623,0.6929511412987787
1.0,0.2039038143765752,0.10314504432464623,0.6929511412987787
