fraction_of_volc,OH,H2O2,TMI
0.0,0.3088392306471083,0.4483350725471932,0.24282569680569857
0.02,0.3088392306471083,0.4483350725471932,0.24282569680569857
0.04,0.3088392306471083,0.4483350725471932,0.24282569680569857
0.06,0.29217198334417677,0.44436510062174484,0.2634629160340784
0.08,0.27550473604124526,0.4403951286962965,0.2841001352624582
0.1,0.2588374887383138,0.4364251567708482,0.30473735449083805
0.12,0.2421702414353823,0.43245518484539985,0.32537457371921785
0.14,0.22550299413245078,0.4284852129199515,0.34601179294759765
0.16,0.2088357468295193,0.4245152409945032,0.36664901217597745
0.18,0.19216849952658782,0.4205452690690549,0.38728623140435725
0.2,0.1755012522236563,0.4165752971436065,0.4079234506327371
0.22,0.1588340049207248,0.4126053252181582,0.42856066986111696
0.24,0.14216675761779332,0.40863535329270984,0.44919788908949676
0.26,0.12549951031486184,0.40466538136726155,0.46983510831787656
0.28,0.10883226301193034,0.4006954094418132,0.49047232754625636
0.3,0.10883226301193034,0.4006954094418132,0.49047232754625636
0.32,0.10883226301193034,0.4006954094418132,0.49047232754625636
0.34,0.10883226301193034,0.4006954094418132,0.49047232754625636
0.36,0.10883226301193034,0.4006954094418132,0.49047232754625636
0.38,0.10883226301193034,0.4006954094418132,0.49047232754625636
0.4,0.10883226301193034,0.4006954094418132,0.49047232754625636
0.42,0.10883226301193034,0.4006954094418132,0.49047232754625636
0.44,0.10883226301193034,0.4006954094418132,0.49047232754625636
0.46,0.10883226301193034,0.4006954094418132,0.49047232754625636
0.48,0.10883226301193034,0.4006954094418132,0.49047232754625636
0.5,0.10883226301193034,0.4006954094418132,0.49047232754625636
0.52,0.10883226301193034,0.4006954094418132,0.49047232754625636
0.54,0.10883226301193034,0.4006954094418132,0.49047232754625636
0.56,0.10883226301193034,0.4006954094418132,0.49047232754625636
0.58,0.10883226301193034,0.4006954094418132,0.49047232754625636
0.6,0.10883226301193034,0.4006954094418132,0.49047232754625636
0.62,0.10883226301193034,0.4006954094418132,0.49047232754625636
0.64,0.10883226301193034,0.4006954094418132,0.49047232754625636
0.66,0.10883226301193034,0.4006954094418132,0.49047232754625636
0.68,0.10883226301193034,0.4006954094418132,0.49047232754625636
0.7000000000000001,0.10883226301193034,0.4006954094418132,0.49047232754625636
0.72,0.10883226301193034,0.4006954094418132,0.49047232754625636
0.74,0.10883226301193034,0.4006954094418132,0.49047232754625636
0.76,0.10883226301193034,0.4006954094418132,0.49047232754625636
0.78,0.10883226301193034,0.4006954094418132,0.49047232754625636
0.8,0.10883226301193034,0.4006954094418132,0.49047232754625636
0.8200000000000001,0.10883226301193034,0.4006954094418132,0.49047232754625636
0.84,0.10883226301193034,0.4006954094418132,0.49047232754625636
0.86,0.10883226301193034,0.4006954094418132,0.49047232754625636
0.88,0.10883226301193034,0.4006954094418132,0.49047232754625636
0.9,0.10883226301193034,0.4006954094418132,0.49047232754625636
0.92,0.10883226301193034,0.4006954094418132,0.49047232754625636
0.9400000000000001,0.10883226301193034,0.4006954094418132,0.49047232754625636
0.96,0.10883226301193034,0.4006954094418132,0.49047232754625636
0.98,0.10883226301193034,0.4006954094418132,0.49047232754625636
1.0,0.10883226301193034,0.4006954094418132,0.49047232754625636
