fraction_of_volc,OH,H2O2,TMI
0.0,0.37743362692526916,0.4943193614946429,0.12824701158008794
0.02,0.37743362692526916,0.4943193614946429,0.12824701158008794
0.04,0.37743362692526916,0.4943193614946429,0.12824701158008794
0.06,0.37743362692526916,0.4943193614946429,0.12824701158008794
0.08,0.37743362692526916,0.4943193614946429,0.12824701158008794
0.1,0.37743362692526916,0.4943193614946429,0.12824701158008794
0.12,0.37743362692526916,0.4943193614946429,0.12824701158008794
0.14,0.37743362692526916,0.4943193614946429,0.12824701158008794
0.16,0.37743362692526916,0.4943193614946429,0.12824701158008794
0.18,0.37743362692526916,0.4943193614946429,0.12824701158008794
0.2,0.37743362692526916,0.4943193614946429,0.12824701158008794
0.22,0.37743362692526916,0.4943193614946429,0.12824701158008794
0.24,0.37743362692526916,0.4943193614946429,0.12824701158008794
0.26,0.37743362692526916,0.4943193614946429,0.12824701158008794
0.28,0.37743362692526916,0.4943193614946429,0.12824701158008794
0.3,0.37743362692526916,0.4943193614946429,0.12824701158008794
0.32,0.37743362692526916,0.4943193614946429,0.12824701158008794
0.34,0.37743362692526916,0.4943193614946429,0.12824701158008794
0.36,0.37743362692526916,0.4943193614946429,0.12824701158008794
0.38,0.37743362692526916,0.4943193614946429,0.12824701158008794
0.4,0.37743362692526916,0.4943193614946429,0.12824701158008794
0.42,0.37743362692526916,0.4943193614946429,0.12824701158008794
0.44,0.37743362692526916,0.4943193614946429,0.12824701158008794
0.46,0.37743362692526916,0.4943193614946429,0.12824701158008794
0.48,0.37743362692526916,0.4943193614946429,0.12824701158008794
0.5,0.37743362692526916,0.4943193614946429,0.12824701158008794
0.52,0.37743362692526916,0.4943193614946429,0.12824701158008794
0.54,0.37743362692526916,0.4943193614946429,0.12824701158008794
0.56,0.37743362692526916,0.4943193614946429,0.12824701158008794
0.58,0.4267294081143594,0.4516802572134532,0.12159033467218747
0.6,0.47602518930344967,0.4090411529322634,0.11493365776428698
0.62,0.5253209704925399,0.3664020486510736,0.1082769808563865
0.64,0.5746167516816302,0.3237629443698839,0.10162030394848601
0.66,0.6239125328707205,0.2811238400886942,0.09496362704058553
0.68,0.6732083140598106,0.2384847358075044,0.08830695013268505
0.7000000000000001,0.7225040952489009,0.19584563152631468,0.08165027322478456
0.72,0.7717998764379912,0.1532065272451249,0.07499359631688407
0.74,0.8210956576270814,0.1105674229639351,0.06833691940898359
0.76,0.8210956576270814,0.1105674229639351,0.06833691940898359
0.78,0.8210956576270814,0.1105674229639351,0.06833691940898359
0.8,0.8210956576270814,0.1105674229639351,0.06833691940898359
0.8200000000000001,0.8210956576270814,0.1105674229639351,0.06833691940898359
0.84,0.8210956576270814,0.1105674229639351,0.06833691940898359
0.86,0.8210956576270814,0.1105674229639351,0.06833691940898359
0.88,0.8210956576270814,0.1105674229639351,0.06833691940898359
0.9,0.8210956576270814,0.1105674229639351,0.06833691940898359
0.92,0.8210956576270814,0.1105674229639351,0.06833691940898359
0.9400000000000001,0.8210956576270814,0.1105674229639351,0.06833691940898359
0.96,0.8210956576270814,0.1105674229639351,0.06833691940898359
0.98,0.8210956576270814,0.1105674229639351,0.06833691940898359
1.0,0.8210956576270814,0.1105674229639351,0.06833691940898359
