fraction_of_volc,OH,H2O2,TMI
0.0,0.5143219285825388,0.08237709026864581,0.4033009811488153
0.02,0.5143219285825388,0.08237709026864581,0.4033009811488153
0.04,0.5143219285825388,0.08237709026864581,0.4033009811488153
0.06,0.5143219285825388,0.08237709026864581,0.4033009811488153
0.08,0.5143219285825388,0.08237709026864581,0.4033009811488153
0.1,0.5143219285825388,0.08237709026864581,0.4033009811488153
0.12,0.5143219285825388,0.08237709026864581,0.4033009811488153
0.14,0.5143219285825388,0.08237709026864581,0.4033009811488153
0.16,0.5143219285825388,0.08237709026864581,0.4033009811488153
0.18,0.5143219285825388,0.08237709026864581,0.4033009811488153
0.2,0.5143219285825388,0.08237709026864581,0.4033009811488153
0.22,0.5205244791643715,0.09267679512191704,0.3867987257137114
0.24,0.5267270297462042,0.10297649997518826,0.37029647027860746
0.26,0.532929580328037,0.11327620482845949,0.35379421484350354
0.28,0.5391321309098696,0.12357590968173071,0.3372919594083996
0.3,0.5453346814917023,0.13387561453500194,0.32078970397329565
0.32,0.551537232073535,0.14417531938827316,0.30428744853819173
0.34,0.5577397826553677,0.15447502424154438,0.2877851931030878
0.36,0.5639423332372004,0.1647747290948156,0.2712829376679839
0.38,0.5701448838190332,0.17507443394808683,0.25478068223288
0.4,0.5763474344008659,0.18537413880135806,0.23827842679777606
0.42,0.5825499849826985,0.19567384365462928,0.2217761713626721
0.44,0.5887525355645312,0.2059735485079005,0.2052739159275682
0.46,0.5949550861463639,0.21627325336117173,0.18877166049246427
0.48,0.6011576367281967,0.22657295821444295,0.17226940505736033
0.5,0.6073601873100294,0.23687266306771418,0.1557671496222564
0.52,0.6135627378918621,0.2471723679209854,0.1392648941871525
0.54,0.6197652884736948,0.25747207277425666,0.12276263875204857
0.56,0.6259678390555276,0.26777177762752785,0.10626038331694465
0.58,0.6321703896373603,0.27807148248079905,0.08975812788184073
0.6,0.6383729402191929,0.2883711873340703,0.07325587244673681
0.62,0.6445754908010256,0.29867089218734155,0.05675361701163284
0.64,0.6507780413828583,0.30897059704061275,0.04025136157652891
0.66,0.6507780413828583,0.30897059704061275,0.04025136157652891
0.68,0.6507780413828583,0.30897059704061275,0.04025136157652891
0.7000000000000001,0.6507780413828583,0.30897059704061275,0.04025136157652891
0.72,0.6507780413828583,0.30897059704061275,0.04025136157652891
0.74,0.6507780413828583,0.30897059704061275,0.04025136157652891
0.76,0.6507780413828583,0.30897059704061275,0.04025136157652891
0.78,0.6507780413828583,0.30897059704061275,0.04025136157652891
0.8,0.6507780413828583,0.30897059704061275,0.04025136157652891
0.8200000000000001,0.6507780413828583,0.30897059704061275,0.04025136157652891
0.84,0.6507780413828583,0.30897059704061275,0.04025136157652891
0.86,0.6507780413828583,0.30897059704061275,0.04025136157652891
0.88,0.6507780413828583,0.30897059704061275,0.04025136157652891
0.9,0.6507780413828583,0.30897059704061275,0.04025136157652891
0.92,0.6507780413828583,0.30897059704061275,0.04025136157652891
0.9400000000000001,0.6507780413828583,0.30897059704061275,0.04025136157652891
0.96,0.6507780413828583,0.30897059704061275,0.04025136157652891
0.98,0.6507780413828583,0.30897059704061275,0.04025136157652891
1.0,0.6507780413828583,0.30897059704061275,0.04025136157652891
