fraction_of_volc,OH,H2O2,TMI
0.0,0.016902102969509107,0.9727846379345185,0.010313259095972336
0.02,0.016902102969509107,0.9727846379345185,0.010313259095972336
0.04,0.016902102969509107,0.9727846379345185,0.010313259095972336
0.06,0.016902102969509107,0.9727846379345185,0.010313259095972336
0.08,0.016902102969509107,0.9727846379345185,0.010313259095972336
0.1,0.016902102969509107,0.9727846379345185,0.010313259095972336
0.12,0.016902102969509107,0.9727846379345185,0.010313259095972336
0.14,0.016902102969509107,0.9727846379345185,0.010313259095972336
0.16,0.016902102969509107,0.9727846379345185,0.010313259095972336
0.18,0.016902102969509107,0.9727846379345185,0.010313259095972336
0.2,0.016902102969509107,0.9727846379345185,0.010313259095972336
0.22,0.016902102969509107,0.9727846379345185,0.010313259095972336
0.24,0.016902102969509107,0.9727846379345185,0.010313259095972336
0.26,0.016902102969509107,0.9727846379345185,0.010313259095972336
0.28,0.016902102969509107,0.9727846379345185,0.010313259095972336
0.3,0.016902102969509107,0.9727846379345185,0.010313259095972336
0.32,0.016902102969509107,0.9727846379345185,0.010313259095972336
0.34,0.016902102969509107,0.9727846379345185,0.010313259095972336
0.36,0.016902102969509107,0.9727846379345185,0.010313259095972336
0.38,0.016902102969509107,0.9727846379345185,0.010313259095972336
0.4,0.016902102969509107,0.9727846379345185,0.010313259095972336
0.42,0.016902102969509107,0.9727846379345185,0.010313259095972336
0.44,0.016902102969509107,0.9727846379345185,0.010313259095972336
0.46,0.016902102969509107,0.9727846379345185,0.010313259095972336
0.48,0.016902102969509107,0.9727846379345185,0.010313259095972336
0.5,0.018708074958347948,0.945675860511346,0.03561606453030601
0.52,0.02051404694718679,0.9185670830881735,0.06091886996463969
0.54,0.02232001893602563,0.891458305665001,0.08622167539897337
0.56,0.024125990924864466,0.8643495282418284,0.11152448083330704
0.58,0.025931962913703307,0.8372407508186559,0.1368272862676407
0.6,0.027737934902542147,0.8101319733954834,0.1621300917019744
0.62,0.029543906891380985,0.7830231959723108,0.1874328971363081
0.64,0.031349878880219825,0.7559144185491383,0.21273570257064175
0.66,0.033155850869058666,0.7288056411259658,0.23803850800497542
0.68,0.03496182285789751,0.7016968637027934,0.2633413134393091
0.7000000000000001,0.03676779484673635,0.6745880862796207,0.28864411887364283
0.72,0.03857376683557519,0.6474793088564483,0.3139469243079765
0.74,0.04037973882441403,0.6203705314332757,0.33924972974231016
0.76,0.04218571081325287,0.5932617540101033,0.3645525351766439
0.78,0.0439916828020917,0.5661529765869306,0.38985534061097754
0.8,0.04579765479093055,0.5390441991637582,0.4151581460453112
0.8200000000000001,0.047603626779769384,0.5119354217405856,0.44046095147964487
0.84,0.049409598768608225,0.4848266443174131,0.46576375691397853
0.86,0.051215570757447065,0.45771786689424065,0.49106656234831225
0.88,0.053021542746285906,0.43060908947106813,0.5163693677826459
0.9,0.05482751473512475,0.4035003120478956,0.5416721732169796
0.92,0.05663348672396359,0.3763915346247231,0.5669749786513133
0.9400000000000001,0.05663348672396359,0.3763915346247231,0.5669749786513133
0.96,0.05663348672396359,0.3763915346247231,0.5669749786513133
0.98,0.05663348672396359,0.3763915346247231,0.5669749786513133
1.0,0.05663348672396359,0.3763915346247231,0.5669749786513133
