fraction_of_volc,OH,H2O2,TMI
0.0,0.2270762763953074,0.6534887707448227,0.11943495285986977
0.02,0.2270762763953074,0.6534887707448227,0.11943495285986977
0.04,0.24621428490981315,0.6274556808406262,0.12633003424956046
0.06,0.26535229342431893,0.6014225909364298,0.13322511563925118
0.08,0.2844903019388247,0.5753895010322333,0.14012019702894188
0.1,0.30362831045333044,0.5493564111280369,0.1470152784186326
0.12,0.3227663189678362,0.5233233212238404,0.1539103598083233
0.14,0.34190432748234195,0.497290231319644,0.160805441198014
0.16,0.36104233599684776,0.4712571414154475,0.16770052258770468
0.18,0.3801803445113535,0.4452240515112511,0.1745956039773954
0.2,0.3993183530258593,0.4191909616070546,0.18149068536708612
0.22,0.41845636154036503,0.39315787170285815,0.18838576675677682
0.24,0.4375943700548708,0.3671247817986617,0.1952808481464675
0.26,0.45673237856937654,0.34109169189446525,0.2021759295361582
0.28,0.4758703870838823,0.3150586019902688,0.20907101092584893
0.3,0.49500839559838805,0.28902551208607236,0.21596609231553962
0.32,0.5141464041128938,0.2629924221818759,0.22286117370523034
0.34,0.5332844126273996,0.23695933227767946,0.22975625509492104
0.36,0.5524224211419053,0.210926242373483,0.23665133648461173
0.38,0.5715604296564111,0.18489315246928656,0.24354641787430245
0.4,0.5906984381709168,0.1588600625650901,0.2504414992639932
0.42,0.6098364466854226,0.1328269726608936,0.25733658065368387
0.44,0.6289744551999283,0.10679388275669716,0.26423166204337456
0.46,0.6289744551999283,0.10679388275669716,0.26423166204337456
0.48,0.6289744551999283,0.10679388275669716,0.26423166204337456
0.5,0.6289744551999283,0.10679388275669716,0.26423166204337456
0.52,0.6289744551999283,0.10679388275669716,0.26423166204337456
0.54,0.6289744551999283,0.10679388275669716,0.26423166204337456
0.56,0.6289744551999283,0.10679388275669716,0.26423166204337456
0.58,0.6289744551999283,0.10679388275669716,0.26423166204337456
0.6,0.6289744551999283,0.10679388275669716,0.26423166204337456
0.62,0.6289744551999283,0.10679388275669716,0.26423166204337456
0.64,0.6289744551999283,0.10679388275669716,0.26423166204337456
0.66,0.6289744551999283,0.10679388275669716,0.26423166204337456
0.68,0.6289744551999283,0.10679388275669716,0.26423166204337456
0.7000000000000001,0.6289744551999283,0.10679388275669716,0.26423166204337456
0.72,0.6289744551999283,0.10679388275669716,0.26423166204337456
0.74,0.6289744551999283,0.10679388275669716,0.26423166204337456
0.76,0.6289744551999283,0.10679388275669716,0.26423166204337456
0.78,0.6289744551999283,0.10679388275669716,0.26423166204337456
0.8,0.6289744551999283,0.10679388275669716,0.26423166204337456
0.8200000000000001,0.6289744551999283,0.10679388275669716,0.26423166204337456
0.84,0.6289744551999283,0.10679388275669716,0.26423166204337456
0.86,0.6289744551999283,0.10679388275669716,0.26423166204337456
0.88,0.6289744551999283,0.10679388275669716,0.26423166204337456
0.9,0.6289744551999283,0.10679388275669716,0.26423166204337456
0.92,0.6289744551999283,0.10679388275669716,0.26423166204337456
0.9400000000000001,0.6289744551999283,0.10679388275669716,0.26423166204337456
0.96,0.6289744551999283,0.10679388275669716,0.26423166204337456
0.98,0.6289744551999283,0.10679388275669716,0.26423166204337456
1.0,0.6289744551999283,0.10679388275669716,0.26423166204337456
