fraction_of_volc,OH,H2O2,TMI
0.0,0.10453134633980743,0.2170559484070284,0.6784127052531641
0.02,0.10453134633980743,0.2170559484070284,0.6784127052531641
0.04,0.10453134633980743,0.2170559484070284,0.6784127052531641
0.06,0.10453134633980743,0.2170559484070284,0.6784127052531641
0.08,0.10453134633980743,0.2170559484070284,0.6784127052531641
0.1,0.10453134633980743,0.2170559484070284,0.6784127052531641
0.12,0.10453134633980743,0.2170559484070284,0.6784127052531641
0.14,0.10453134633980743,0.2170559484070284,0.6784127052531641
0.16,0.10453134633980743,0.2170559484070284,0.6784127052531641
0.18,0.10453134633980743,0.2170559484070284,0.6784127052531641
0.2,0.10453134633980743,0.2170559484070284,0.6784127052531641
0.22,0.10453134633980743,0.2170559484070284,0.6784127052531641
0.24,0.10453134633980743,0.2170559484070284,0.6784127052531641
0.26,0.10453134633980743,0.2170559484070284,0.6784127052531641
0.28,0.10453134633980743,0.2170559484070284,0.6784127052531641
0.3,0.10453134633980743,0.2170559484070284,0.6784127052531641
0.32,0.10453134633980743,0.2170559484070284,0.6784127052531641
0.34,0.10453134633980743,0.2170559484070284,0.6784127052531641
0.36,0.1304924696777123,0.21033730715028462,0.659170223172003
0.38,0.15645359301561718,0.20361866589354083,0.6399277410908419
0.4,0.18241471635352208,0.196900024636797,0.6206852590096809
0.42,0.20837583969142692,0.19018138338005322,0.6014427769285198
0.44,0.23433696302933182,0.18346274212330943,0.5822002948473588
0.46,0.2602980863672367,0.17674410086656564,0.5629578127661976
0.48,0.28625920970514157,0.17002545960982185,0.5437153306850366
0.5,0.3122203330430464,0.16330681835307803,0.5244728486038756
0.52,0.3381814563809513,0.15658817709633424,0.5052303665227145
0.54,0.3641425797188562,0.14986953583959045,0.4859878844415534
0.56,0.39010370305676106,0.14315089458284663,0.4667454023603923
0.58,0.41606482639466597,0.13643225332610287,0.4475029202792312
0.6,0.4420259497325708,0.12971361206935905,0.42826043819807014
0.62,0.4679870730704757,0.12299497081261526,0.4090179561169091
0.64,0.49394819640838056,0.11627632955587146,0.389775474035748
0.66,0.5199093197462854,0.10955768829912767,0.37053299195458694
0.68,0.5458704430841903,0.10283904704238388,0.35129050987342586
0.7000000000000001,0.5718315664220952,0.09612040578564007,0.3320480277922648
0.72,0.5977926897600001,0.08940176452889628,0.31280554571110375
0.74,0.5977926897600001,0.08940176452889628,0.31280554571110375
0.76,0.5977926897600001,0.08940176452889628,0.31280554571110375
0.78,0.5977926897600001,0.08940176452889628,0.31280554571110375
0.8,0.5977926897600001,0.08940176452889628,0.31280554571110375
0.8200000000000001,0.5977926897600001,0.08940176452889628,0.31280554571110375
0.84,0.5977926897600001,0.08940176452889628,0.31280554571110375
0.86,0.5977926897600001,0.08940176452889628,0.31280554571110375
0.88,0.5977926897600001,0.08940176452889628,0.31280554571110375
0.9,0.5977926897600001,0.08940176452889628,0.31280554571110375
0.92,0.5977926897600001,0.08940176452889628,0.31280554571110375
0.9400000000000001,0.5977926897600001,0.08940176452889628,0.31280554571110375
0.96,0.5977926897600001,0.08940176452889628,0.31280554571110375
0.98,0.5977926897600001,0.08940176452889628,0.31280554571110375
1.0,0.5977926897600001,0.08940176452889628,0.31280554571110375
