fraction_of_volc,OH,H2O2,TMI
0.0,0.2940308530866506,0.32692398380895515,0.37904516310439434
0.02,0.2940308530866506,0.32692398380895515,0.37904516310439434
0.04,0.2940308530866506,0.32692398380895515,0.37904516310439434
0.06,0.2940308530866506,0.32692398380895515,0.37904516310439434
0.08,0.2940308530866506,0.32692398380895515,0.37904516310439434
0.1,0.2940308530866506,0.32692398380895515,0.37904516310439434
0.12,0.2940308530866506,0.32692398380895515,0.37904516310439434
0.14,0.2940308530866506,0.32692398380895515,0.37904516310439434
0.16,0.2940308530866506,0.32692398380895515,0.37904516310439434
0.18,0.2940308530866506,0.32692398380895515,0.37904516310439434
0.2,0.2940308530866506,0.32692398380895515,0.37904516310439434
0.22,0.2940308530866506,0.32692398380895515,0.37904516310439434
0.24,0.2940308530866506,0.32692398380895515,0.37904516310439434
0.26,0.2940308530866506,0.32692398380895515,0.37904516310439434
0.28,0.2940308530866506,0.32692398380895515,0.37904516310439434
0.3,0.2940308530866506,0.32692398380895515,0.37904516310439434
0.32,0.2940308530866506,0.32692398380895515,0.37904516310439434
0.34,0.2940308530866506,0.32692398380895515,0.37904516310439434
0.36,0.2940308530866506,0.32692398380895515,0.37904516310439434
0.38,0.2940308530866506,0.32692398380895515,0.37904516310439434
0.4,0.2940308530866506,0.32692398380895515,0.37904516310439434
0.42,0.2940308530866506,0.32692398380895515,0.37904516310439434
0.44,0.2940308530866506,0.32692398380895515,0.37904516310439434
0.46,0.2940308530866506,0.32692398380895515,0.37904516310439434
0.48,0.30688802975251056,0.32258810247299613,0.3705238677744935
0.5,0.31974520641837045,0.31825222113703705,0.36200257244459255
0.52,0.3326023830842304,0.313916339801078,0.3534812771146917
0.54,0.34545955975009035,0.309580458465119,0.34495998178479076
0.56,0.3583167364159503,0.3052445771291599,0.3364386864548899
0.58,0.37117391308181025,0.3009086957932009,0.32791739112498897
0.6,0.38403108974767014,0.2965728144572419,0.3193960957950881
0.62,0.3968882664135301,0.2922369331212828,0.3108748004651872
0.64,0.40974544307939004,0.28790105178532377,0.3023535051352863
0.66,0.42260261974524993,0.2835651704493647,0.2938322098053854
0.68,0.4354597964111099,0.27922928911340567,0.2853109144754845
0.7000000000000001,0.4483169730769698,0.27489340777744664,0.27678961914558364
0.72,0.4611741497428298,0.27055752644148756,0.2682683238156827
0.74,0.4740313264086897,0.26622164510552854,0.2597470284857818
0.76,0.4868885030745496,0.2618857637695695,0.2512257331558809
0.78,0.49974567974040957,0.25754988243361043,0.24270443782598003
0.8,0.5126028564062695,0.2532140010976514,0.23418314249607913
0.8200000000000001,0.5254600330721294,0.24887811976169238,0.22566184716617824
0.84,0.5383172097379894,0.24454223842573333,0.21714055183627734
0.86,0.5511743864038493,0.24020635708977428,0.20861925650637644
0.88,0.5511743864038493,0.24020635708977428,0.20861925650637644
0.9,0.5511743864038493,0.24020635708977428,0.20861925650637644
0.92,0.5511743864038493,0.24020635708977428,0.20861925650637644
0.9400000000000001,0.5511743864038493,0.24020635708977428,0.20861925650637644
0.96,0.5511743864038493,0.24020635708977428,0.20861925650637644
0.98,0.5511743864038493,0.24020635708977428,0.20861925650637644
1.0,0.5511743864038493,0.24020635708977428,0.20861925650637644
