fraction_of_volc,OH,H2O2,TMI
0.0,0.16449739532385949,0.29632072962659656,0.5391818750495441
0.02,0.16449739532385949,0.29632072962659656,0.5391818750495441
0.04,0.16449739532385949,0.29632072962659656,0.5391818750495441
0.06,0.16449739532385949,0.29632072962659656,0.5391818750495441
0.08,0.16449739532385949,0.29632072962659656,0.5391818750495441
0.1,0.16449739532385949,0.29632072962659656,0.5391818750495441
0.12,0.16449739532385949,0.29632072962659656,0.5391818750495441
0.14,0.16449739532385949,0.29632072962659656,0.5391818750495441
0.16,0.16449739532385949,0.29632072962659656,0.5391818750495441
0.18,0.16449739532385949,0.29632072962659656,0.5391818750495441
0.2,0.16449739532385949,0.29632072962659656,0.5391818750495441
0.22,0.16449739532385949,0.29632072962659656,0.5391818750495441
0.24,0.16449739532385949,0.29632072962659656,0.5391818750495441
0.26,0.16449739532385949,0.29632072962659656,0.5391818750495441
0.28,0.19857911957735855,0.2807455158441431,0.5206753645784985
0.3,0.2326608438308576,0.26517030206168957,0.5021688541074529
0.32,0.26674256808435665,0.2495950882792361,0.4836623436364073
0.34,0.3008242923378557,0.23401987449678263,0.46515583316536174
0.36,0.33490601659135477,0.21844466071432914,0.4466493226943162
0.38,0.3689877408448538,0.20286944693187564,0.42814281222327055
0.4,0.40306946509835284,0.18729423314942217,0.409636301752225
0.42,0.43715118935185193,0.1717190193669687,0.3911297912811794
0.44,0.47123291360535097,0.1561438055845152,0.37262328081013385
0.46,0.50531463785885,0.14056859180206172,0.3541167703390883
0.48,0.5393963621123491,0.12499337801960825,0.33561025986804266
0.5,0.5734780863658482,0.10941816423715475,0.3171037493969971
0.52,0.6075598106193472,0.09384295045470128,0.2985972389259515
0.54,0.6416415348728463,0.07826773667224779,0.2800907284549059
0.56,0.6757232591263453,0.06269252288979432,0.26158421798386033
0.58,0.7098049833798443,0.04711730910734083,0.24307770751281477
0.6,0.7438867076333435,0.03154209532488733,0.2245711970417692
0.62,0.7779684318868424,0.015966881542433857,0.20606468657072366
0.64,0.7779684318868424,0.015966881542433857,0.20606468657072366
0.66,0.7779684318868424,0.015966881542433857,0.20606468657072366
0.68,0.7779684318868424,0.015966881542433857,0.20606468657072366
0.7000000000000001,0.7779684318868424,0.015966881542433857,0.20606468657072366
0.72,0.7779684318868424,0.015966881542433857,0.20606468657072366
0.74,0.7779684318868424,0.015966881542433857,0.20606468657072366
0.76,0.7779684318868424,0.015966881542433857,0.20606468657072366
0.78,0.7779684318868424,0.015966881542433857,0.20606468657072366
0.8,0.7779684318868424,0.015966881542433857,0.20606468657072366
0.8200000000000001,0.7779684318868424,0.015966881542433857,0.20606468657072366
0.84,0.7779684318868424,0.015966881542433857,0.20606468657072366
0.86,0.7779684318868424,0.015966881542433857,0.20606468657072366
0.88,0.7779684318868424,0.015966881542433857,0.20606468657072366
0.9,0.7779684318868424,0.015966881542433857,0.20606468657072366
0.92,0.7779684318868424,0.015966881542433857,0.20606468657072366
0.9400000000000001,0.7779684318868424,0.015966881542433857,0.20606468657072366
0.96,0.7779684318868424,0.015966881542433857,0.20606468657072366
0.98,0.7779684318868424,0.015966881542433857,0.20606468657072366
1.0,0.7779684318868424,0.015966881542433857,0.20606468657072366
