fraction_of_volc,OH,H2O2,TMI
0.0,0.23393353622313418,0.11578876592460648,0.6502776978522594
0.02,0.23393353622313418,0.11578876592460648,0.6502776978522594
0.04,0.23393353622313418,0.11578876592460648,0.6502776978522594
0.06,0.23393353622313418,0.11578876592460648,0.6502776978522594
0.08,0.23393353622313418,0.11578876592460648,0.6502776978522594
0.1,0.23393353622313418,0.11578876592460648,0.6502776978522594
0.12,0.23393353622313418,0.11578876592460648,0.6502776978522594
0.14,0.23393353622313418,0.11578876592460648,0.6502776978522594
0.16,0.23393353622313418,0.11578876592460648,0.6502776978522594
0.18,0.23393353622313418,0.11578876592460648,0.6502776978522594
0.2,0.23393353622313418,0.11578876592460648,0.6502776978522594
0.22,0.23393353622313418,0.11578876592460648,0.6502776978522594
0.24,0.23393353622313418,0.11578876592460648,0.6502776978522594
0.26,0.23393353622313418,0.11578876592460648,0.6502776978522594
0.28,0.23393353622313418,0.11578876592460648,0.6502776978522594
0.3,0.23393353622313418,0.11578876592460648,0.6502776978522594
0.32,0.23393353622313418,0.11578876592460648,0.6502776978522594
0.34,0.23393353622313418,0.11578876592460648,0.6502776978522594
0.36,0.23393353622313418,0.11578876592460648,0.6502776978522594
0.38,0.23393353622313418,0.11578876592460648,0.6502776978522594
0.4,0.23393353622313418,0.11578876592460648,0.6502776978522594
0.42,0.23393353622313418,0.11578876592460648,0.6502776978522594
0.44,0.23393353622313418,0.11578876592460648,0.6502776978522594
0.46,0.23393353622313418,0.11578876592460648,0.6502776978522594
0.48,0.23393353622313418,0.11578876592460648,0.6502776978522594
0.5,0.23393353622313418,0.11578876592460648,0.6502776978522594
0.52,0.23393353622313418,0.11578876592460648,0.6502776978522594
0.54,0.23393353622313418,0.11578876592460648,0.6502776978522594
0.56,0.23393353622313418,0.11578876592460648,0.6502776978522594
0.58,0.23393353622313418,0.11578876592460648,0.6502776978522594
0.6,0.23393353622313418,0.11578876592460648,0.6502776978522594
0.62,0.23393353622313418,0.11578876592460648,0.6502776978522594
0.64,0.23393353622313418,0.11578876592460648,0.6502776978522594
0.66,0.23393353622313418,0.11578876592460648,0.6502776978522594
0.68,0.23393353622313418,0.11578876592460648,0.6502776978522594
0.7000000000000001,0.23393353622313418,0.11578876592460648,0.6502776978522594
0.72,0.2361484717254349,0.153071590351323,0.6107799379232421
0.74,0.23836340722773564,0.19035441477803955,0.5712821779942249
0.76,0.24057834273003634,0.2276372392047561,0.5317844180652076
0.78,0.24279327823233707,0.26492006363147264,0.4922866581361903
0.8,0.2450082137346378,0.3022028880581892,0.45278889820717305
0.8200000000000001,0.24722314923693853,0.3394857124849057,0.4132911382781558
0.84,0.24943808473923926,0.37676853691162226,0.3737933783491385
0.86,0.25165302024153996,0.4140513613383388,0.33429561842012123
0.88,0.2538679557438407,0.45133418576505535,0.29479785849110396
0.9,0.2560828912461414,0.4886170101917719,0.2553000985620867
0.92,0.25829782674844215,0.5258998346184884,0.21580233863306944
0.9400000000000001,0.25829782674844215,0.5258998346184884,0.21580233863306944
0.96,0.25829782674844215,0.5258998346184884,0.21580233863306944
0.98,0.25829782674844215,0.5258998346184884,0.21580233863306944
1.0,0.25829782674844215,0.5258998346184884,0.21580233863306944
