fraction_of_volc,OH,H2O2,TMI
0.0,0.7300433071683493,0.25615275391548337,0.013803938916167281
0.02,0.7300433071683493,0.25615275391548337,0.013803938916167281
0.04,0.7300433071683493,0.25615275391548337,0.013803938916167281
0.06,0.7300433071683493,0.25615275391548337,0.013803938916167281
0.08,0.7300433071683493,0.25615275391548337,0.013803938916167281
0.1,0.7300433071683493,0.25615275391548337,0.013803938916167281
0.12,0.7300433071683493,0.25615275391548337,0.013803938916167281
0.14,0.7300433071683493,0.25615275391548337,0.013803938916167281
0.16,0.7300433071683493,0.25615275391548337,0.013803938916167281
0.18,0.7300433071683493,0.25615275391548337,0.013803938916167281
0.2,0.7300433071683493,0.25615275391548337,0.013803938916167281
0.22,0.7075333827597551,0.2772621537299998,0.015204463510245063
0.24,0.685023458351161,0.29837155354451617,0.016604988104322843
0.26,0.6625135339425667,0.3194809533590326,0.018005512698400627
0.28,0.6400036095339725,0.340590353173549,0.01940603729247841
0.3,0.6174936851253784,0.3616997529880654,0.02080656188655619
0.32,0.5949837607167842,0.3828091528025818,0.02220708648063397
0.34,0.57247383630819,0.4039185526170982,0.023607611074711755
0.36,0.5499639118995958,0.4250279524316146,0.02500813566878954
0.38,0.5274539874910016,0.44613735224613105,0.02640866026286732
0.4,0.5049440630824075,0.4672467520606474,0.0278091848569451
0.42,0.48243413867381324,0.48835615187516385,0.029209709451022883
0.44,0.45992421426521907,0.5094655516896802,0.030610234045100666
0.46,0.4374142898566249,0.5305749515041966,0.03201075863917845
0.48,0.41490436544803067,0.5516843513187131,0.03341128323325623
0.5,0.3923944410394365,0.5727937511332295,0.034811807827334014
0.52,0.3698845166308423,0.5939031509477459,0.036212332421411794
0.54,0.34737459222224815,0.6150125507622624,0.037612857015489574
0.56,0.324864667813654,0.6361219505767787,0.039013381609567355
0.58,0.30235474340505974,0.6572313503912951,0.04041390620364514
0.6,0.27984481899646557,0.6783407502058115,0.04181443079772292
0.62,0.27984481899646557,0.6783407502058115,0.04181443079772292
0.64,0.27984481899646557,0.6783407502058115,0.04181443079772292
0.66,0.27984481899646557,0.6783407502058115,0.04181443079772292
0.68,0.27984481899646557,0.6783407502058115,0.04181443079772292
0.7000000000000001,0.27984481899646557,0.6783407502058115,0.04181443079772292
0.72,0.27984481899646557,0.6783407502058115,0.04181443079772292
0.74,0.27984481899646557,0.6783407502058115,0.04181443079772292
0.76,0.27984481899646557,0.6783407502058115,0.04181443079772292
0.78,0.27984481899646557,0.6783407502058115,0.04181443079772292
0.8,0.27984481899646557,0.6783407502058115,0.04181443079772292
0.8200000000000001,0.27984481899646557,0.6783407502058115,0.04181443079772292
0.84,0.27984481899646557,0.6783407502058115,0.04181443079772292
0.86,0.27984481899646557,0.6783407502058115,0.04181443079772292
0.88,0.27984481899646557,0.6783407502058115,0.04181443079772292
0.9,0.27984481899646557,0.6783407502058115,0.04181443079772292
0.92,0.27984481899646557,0.6783407502058115,0.04181443079772292
0.9400000000000001,0.27984481899646557,0.6783407502058115,0.04181443079772292
0.96,0.27984481899646557,0.6783407502058115,0.04181443079772292
0.98,0.27984481899646557,0.6783407502058115,0.04181443079772292
1.0,0.27984481899646557,0.6783407502058115,0.04181443079772292
