fraction_of_volc,OH,H2O2,TMI
0.0,0.16262942220557303,0.13695931078854098,0.7004112670058861
0.02,0.16262942220557303,0.13695931078854098,0.7004112670058861
0.04,0.16262942220557303,0.13695931078854098,0.7004112670058861
0.06,0.16262942220557303,0.13695931078854098,0.7004112670058861
0.08,0.16262942220557303,0.13695931078854098,0.7004112670058861
0.1,0.16262942220557303,0.13695931078854098,0.7004112670058861
0.12,0.16262942220557303,0.13695931078854098,0.7004112670058861
0.14,0.16262942220557303,0.13695931078854098,0.7004112670058861
0.16,0.16262942220557303,0.13695931078854098,0.7004112670058861
0.18,0.16262942220557303,0.13695931078854098,0.7004112670058861
0.2,0.16262942220557303,0.13695931078854098,0.7004112670058861
0.22,0.16262942220557303,0.13695931078854098,0.7004112670058861
0.24,0.16262942220557303,0.13695931078854098,0.7004112670058861
0.26,0.16262942220557303,0.13695931078854098,0.7004112670058861
0.28,0.16262942220557303,0.13695931078854098,0.7004112670058861
0.3,0.16262942220557303,0.13695931078854098,0.7004112670058861
0.32,0.15676544788791522,0.14858420586199345,0.6946503462500915
0.34,0.1509014735702574,0.16020910093544588,0.6888894254942968
0.36,0.1450374992525996,0.17183399600889832,0.6831285047385021
0.38,0.13917352493494178,0.18345889108235078,0.6773675839827075
0.4,0.13330955061728397,0.19508378615580324,0.6716066632269129
0.42,0.12744557629962616,0.20670868122925568,0.6658457424711182
0.44,0.12158160198196834,0.2183335763027081,0.6600848217153235
0.46,0.11571762766431053,0.22995847137616057,0.6543239009595289
0.48,0.10985365334665272,0.24158336644961304,0.6485629802037343
0.5,0.1039896790289949,0.25320826152306547,0.6428020594479396
0.52,0.1039896790289949,0.25320826152306547,0.6428020594479396
0.54,0.1039896790289949,0.25320826152306547,0.6428020594479396
0.56,0.1039896790289949,0.25320826152306547,0.6428020594479396
0.58,0.1039896790289949,0.25320826152306547,0.6428020594479396
0.6,0.1039896790289949,0.25320826152306547,0.6428020594479396
0.62,0.1039896790289949,0.25320826152306547,0.6428020594479396
0.64,0.1039896790289949,0.25320826152306547,0.6428020594479396
0.66,0.1039896790289949,0.25320826152306547,0.6428020594479396
0.68,0.1039896790289949,0.25320826152306547,0.6428020594479396
0.7000000000000001,0.1039896790289949,0.25320826152306547,0.6428020594479396
0.72,0.1039896790289949,0.25320826152306547,0.6428020594479396
0.74,0.1039896790289949,0.25320826152306547,0.6428020594479396
0.76,0.1039896790289949,0.25320826152306547,0.6428020594479396
0.78,0.1039896790289949,0.25320826152306547,0.6428020594479396
0.8,0.1039896790289949,0.25320826152306547,0.6428020594479396
0.8200000000000001,0.1039896790289949,0.25320826152306547,0.6428020594479396
0.84,0.1039896790289949,0.25320826152306547,0.6428020594479396
0.86,0.1039896790289949,0.25320826152306547,0.6428020594479396
0.88,0.1039896790289949,0.25320826152306547,0.6428020594479396
0.9,0.1039896790289949,0.25320826152306547,0.6428020594479396
0.92,0.1039896790289949,0.25320826152306547,0.6428020594479396
0.9400000000000001,0.1039896790289949,0.25320826152306547,0.6428020594479396
0.96,0.1039896790289949,0.25320826152306547,0.6428020594479396
0.98,0.1039896790289949,0.25320826152306547,0.6428020594479396
1.0,0.1039896790289949,0.25320826152306547,0.6428020594479396
