fraction_of_volc,OH,H2O2,TMI
0.0,0.1916718269694582,0.7229997018600673,0.08532847117047443
0.02,0.1916718269694582,0.7229997018600673,0.08532847117047443
0.04,0.1916718269694582,0.7229997018600673,0.08532847117047443
0.06,0.1916718269694582,0.7229997018600673,0.08532847117047443
0.08,0.1916718269694582,0.7229997018600673,0.08532847117047443
0.1,0.1916718269694582,0.7229997018600673,0.08532847117047443
0.12,0.1916718269694582,0.7229997018600673,0.08532847117047443
0.14,0.1916718269694582,0.7229997018600673,0.08532847117047443
0.16,0.1916718269694582,0.7229997018600673,0.08532847117047443
0.18,0.21199834307527857,0.7034214784123026,0.08458017851241882
0.2,0.23232485918109894,0.6838432549645378,0.0838318858543632
0.22,0.25265137528691933,0.6642650315167731,0.08308359319630759
0.24,0.2729778913927397,0.6446868080690084,0.08233530053825198
0.26,0.29330440749856007,0.6251085846212435,0.08158700788019636
0.28,0.31363092360438044,0.6055303611734788,0.08083871522214076
0.3,0.3339574397102008,0.585952137725714,0.08009042256408513
0.32,0.3542839558160212,0.5663739142779493,0.07934212990602953
0.34,0.37461047192184155,0.5467956908301845,0.07859383724797392
0.36,0.3949369880276619,0.5272174673824197,0.0778455445899183
0.38,0.4152635041334823,0.507639243934655,0.07709725193186269
0.4,0.4355900202393027,0.48806102048689026,0.07634895927380708
0.42,0.4559165363451231,0.4684827970391255,0.07560066661575146
0.44,0.47624305245094345,0.4489045735913607,0.07485237395769585
0.46,0.4965695685567638,0.429326350143596,0.07410408129964025
0.48,0.5168960846625842,0.4097481266958312,0.07335578864158462
0.5,0.5372226007684046,0.39016990324806644,0.07260749598352902
0.52,0.5575491168742249,0.3705916798003017,0.0718592033254734
0.54,0.5778756329800453,0.35101345635253695,0.07111091066741779
0.56,0.5982021490858657,0.33143523290477217,0.07036261800936218
0.58,0.618528665191686,0.31185700945700745,0.06961432535130656
0.6,0.6388551812975064,0.2922787860092427,0.06886603269325095
0.62,0.6591816974033268,0.2727005625614779,0.06811774003519533
0.64,0.6795082135091471,0.2531223391137132,0.06736944737713972
0.66,0.6998347296149675,0.2335441156659484,0.06662115471908411
0.68,0.7201612457207879,0.21396589221818363,0.06587286206102849
0.7000000000000001,0.7404877618266082,0.1943876687704189,0.06512456940297288
0.72,0.7608142779324286,0.17480944532265408,0.06437627674491728
0.74,0.781140794038249,0.15523122187488936,0.06362798408686166
0.76,0.8014673101440694,0.13565299842712464,0.06287969142880605
0.78,0.8217938262498897,0.11607477497935981,0.06213139877075043
0.8,0.8421203423557101,0.09649655153159509,0.06138310611269482
0.8200000000000001,0.8624468584615305,0.07691832808383034,0.06063481345463921
0.84,0.8624468584615305,0.07691832808383034,0.06063481345463921
0.86,0.8624468584615305,0.07691832808383034,0.06063481345463921
0.88,0.8624468584615305,0.07691832808383034,0.06063481345463921
0.9,0.8624468584615305,0.07691832808383034,0.06063481345463921
0.92,0.8624468584615305,0.07691832808383034,0.06063481345463921
0.9400000000000001,0.8624468584615305,0.07691832808383034,0.06063481345463921
0.96,0.8624468584615305,0.07691832808383034,0.06063481345463921
0.98,0.8624468584615305,0.07691832808383034,0.06063481345463921
1.0,0.8624468584615305,0.07691832808383034,0.06063481345463921
