fraction_of_volc,OH,H2O2,TMI
0.0,0.5261321555813405,0.033368572162753046,0.4404992722559066
0.02,0.5261321555813405,0.033368572162753046,0.4404992722559066
0.04,0.5261321555813405,0.033368572162753046,0.4404992722559066
0.06,0.5261321555813405,0.033368572162753046,0.4404992722559066
0.08,0.5261321555813405,0.033368572162753046,0.4404992722559066
0.1,0.5261321555813405,0.033368572162753046,0.4404992722559066
0.12,0.5261321555813405,0.033368572162753046,0.4404992722559066
0.14,0.5261321555813405,0.033368572162753046,0.4404992722559066
0.16,0.5261321555813405,0.033368572162753046,0.4404992722559066
0.18,0.5261321555813405,0.033368572162753046,0.4404992722559066
0.2,0.5261321555813405,0.033368572162753046,0.4404992722559066
0.22,0.5261321555813405,0.033368572162753046,0.4404992722559066
0.24,0.5261321555813405,0.033368572162753046,0.4404992722559066
0.26,0.5261321555813405,0.033368572162753046,0.4404992722559066
0.28,0.5261321555813405,0.033368572162753046,0.4404992722559066
0.3,0.5261321555813405,0.033368572162753046,0.4404992722559066
0.32,0.5261321555813405,0.033368572162753046,0.4404992722559066
0.34,0.5261321555813405,0.033368572162753046,0.4404992722559066
0.36,0.5261321555813405,0.033368572162753046,0.4404992722559066
0.38,0.5261321555813405,0.033368572162753046,0.4404992722559066
0.4,0.5261321555813405,0.033368572162753046,0.4404992722559066
0.42,0.5261321555813405,0.033368572162753046,0.4404992722559066
0.44,0.5298066845354674,0.03602495262891063,0.43416836283562216
0.46,0.5334812134895943,0.03868133309506822,0.4278374534153377
0.48,0.5371557424437211,0.04133771356122581,0.42150654399505316
0.5,0.540830271397848,0.0439940940273834,0.4151756345747687
0.52,0.5445048003519749,0.04665047449354098,0.4088447251544842
0.54,0.5481793293061018,0.04930685495969857,0.40251381573419975
0.56,0.5518538582602287,0.05196323542585615,0.39618290631391523
0.58,0.5555283872143556,0.054619615892013744,0.38985199689363076
0.6,0.5592029161684824,0.057275996358171335,0.3835210874733463
0.62,0.5628774451226093,0.05993237682432892,0.3771901780530618
0.64,0.5665519740767362,0.0625887572904865,0.3708592686327773
0.66,0.5702265030308631,0.06524513775664409,0.3645283592124928
0.68,0.57390103198499,0.06790151822280169,0.35819744979220836
0.7000000000000001,0.5775755609391169,0.07055789868895926,0.3518665403719239
0.72,0.5812500898932437,0.07321427915511686,0.3455356309516394
0.74,0.5849246188473706,0.07587065962127444,0.3392047215313549
0.76,0.5885991478014975,0.07852704008743203,0.3328738121110704
0.78,0.5885991478014975,0.07852704008743203,0.3328738121110704
0.8,0.5885991478014975,0.07852704008743203,0.3328738121110704
0.8200000000000001,0.5885991478014975,0.07852704008743203,0.3328738121110704
0.84,0.5885991478014975,0.07852704008743203,0.3328738121110704
0.86,0.5885991478014975,0.07852704008743203,0.3328738121110704
0.88,0.5885991478014975,0.07852704008743203,0.3328738121110704
0.9,0.5885991478014975,0.07852704008743203,0.3328738121110704
0.92,0.5885991478014975,0.07852704008743203,0.3328738121110704
0.9400000000000001,0.5885991478014975,0.07852704008743203,0.3328738121110704
0.96,0.5885991478014975,0.07852704008743203,0.3328738121110704
0.98,0.5885991478014975,0.07852704008743203,0.3328738121110704
1.0,0.5885991478014975,0.07852704008743203,0.3328738121110704
