fraction_of_volc,OH,H2O2,TMI
0.0,0.24626038347306853,0.08417398311369133,0.6695656334132402
0.02,0.24626038347306853,0.08417398311369133,0.6695656334132402
0.04,0.24626038347306853,0.08417398311369133,0.6695656334132402
0.06,0.24626038347306853,0.08417398311369133,0.6695656334132402
0.08,0.24626038347306853,0.08417398311369133,0.6695656334132402
0.1,0.24626038347306853,0.08417398311369133,0.6695656334132402
0.12,0.24626038347306853,0.08417398311369133,0.6695656334132402
0.14,0.24626038347306853,0.08417398311369133,0.6695656334132402
0.16,0.24626038347306853,0.08417398311369133,0.6695656334132402
0.18,0.24626038347306853,0.08417398311369133,0.6695656334132402
0.2,0.24626038347306853,0.08417398311369133,0.6695656334132402
0.22,0.24626038347306853,0.08417398311369133,0.6695656334132402
0.24,0.24626038347306853,0.08417398311369133,0.6695656334132402
0.26,0.24626038347306853,0.08417398311369133,0.6695656334132402
0.28,0.24626038347306853,0.08417398311369133,0.6695656334132402
0.3,0.24626038347306853,0.08417398311369133,0.6695656334132402
0.32,0.24626038347306853,0.08417398311369133,0.6695656334132402
0.34,0.24626038347306853,0.08417398311369133,0.6695656334132402
0.36,0.24626038347306853,0.08417398311369133,0.6695656334132402
0.38,0.24626038347306853,0.08417398311369133,0.6695656334132402
0.4,0.24626038347306853,0.08417398311369133,0.6695656334132402
0.42,0.24626038347306853,0.08417398311369133,0.6695656334132402
0.44,0.24626038347306853,0.08417398311369133,0.6695656334132402
0.46,0.24626038347306853,0.08417398311369133,0.6695656334132402
0.48,0.24626038347306853,0.08417398311369133,0.6695656334132402
0.5,0.24626038347306853,0.08417398311369133,0.6695656334132402
0.52,0.24626038347306853,0.08417398311369133,0.6695656334132402
0.54,0.2425186501301902,0.08347630546927287,0.674005044400537
0.56,0.23877691678731186,0.0827786278248544,0.6784444553878337
0.58,0.23503518344443353,0.08208095018043594,0.6828838663751305
0.6,0.2312934501015552,0.08138327253601747,0.6873232773624274
0.62,0.22755171675867686,0.08068559489159902,0.6917626883497241
0.64,0.22380998341579852,0.07998791724718055,0.6962020993370209
0.66,0.2200682500729202,0.07929023960276209,0.7006415103243178
0.68,0.21632651673004186,0.07859256195834363,0.7050809213116145
0.7000000000000001,0.21258478338716352,0.07789488431392516,0.7095203322989113
0.72,0.20884305004428522,0.0771972066695067,0.7139597432862081
0.74,0.20510131670140686,0.07649952902508823,0.7183991542735049
0.76,0.20135958335852855,0.07580185138066978,0.7228385652608017
0.78,0.1976178500156502,0.0751041737362513,0.7272779762480984
0.8,0.19387611667277188,0.07440649609183285,0.7317173872353953
0.8200000000000001,0.19013438332989355,0.07370881844741439,0.7361567982226921
0.84,0.1863926499870152,0.07301114080299592,0.7405962092099888
0.86,0.18265091664413688,0.07231346315857745,0.7450356201972856
0.88,0.17890918330125855,0.071615785514159,0.7494750311845825
0.9,0.1751674499583802,0.07091810786974054,0.7539144421718792
0.92,0.17142571661550188,0.07022043022532207,0.758353853159176
0.9400000000000001,0.16768398327262354,0.06952275258090361,0.7627932641464729
0.96,0.1639422499297452,0.06882507493648514,0.7672326751337696
0.98,0.16020051658686688,0.06812739729206668,0.7716720861210664
1.0,0.16020051658686688,0.06812739729206668,0.7716720861210664
