fraction_of_volc,OH,H2O2,TMI
0.0,0.08965126813509568,0.2714809141814952,0.6388678176834092
0.02,0.08965126813509568,0.2714809141814952,0.6388678176834092
0.04,0.08965126813509568,0.2714809141814952,0.6388678176834092
0.06,0.08965126813509568,0.2714809141814952,0.6388678176834092
0.08,0.08965126813509568,0.2714809141814952,0.6388678176834092
0.1,0.08965126813509568,0.2714809141814952,0.6388678176834092
0.12,0.08965126813509568,0.2714809141814952,0.6388678176834092
0.14,0.08965126813509568,0.2714809141814952,0.6388678176834092
0.16,0.10068879159430517,0.27149677008594564,0.6278144383197493
0.18,0.11172631505351467,0.27151262599039605,0.6167610589560893
0.2,0.12276383851272418,0.27152848189484646,0.6057076795924294
0.22,0.13380136197193368,0.27154433779929693,0.5946543002287694
0.24,0.14483888543114318,0.27156019370374734,0.5836009208651095
0.26,0.15587640889035267,0.27157604960819776,0.5725475415014496
0.28,0.16691393234956217,0.27159190551264817,0.5614941621377897
0.3,0.17795145580877167,0.2716077614170986,0.5504407827741298
0.32,0.18898897926798117,0.271623617321549,0.5393874034104699
0.34,0.20002650272719066,0.27163947322599946,0.52833402404681
0.36,0.21106402618640016,0.2716553291304499,0.51728064468315
0.38,0.22210154964560969,0.2716711850349003,0.5062272653194901
0.4,0.23313907310481918,0.2716870409393507,0.4951738859558302
0.42,0.24417659656402868,0.2717028968438011,0.4841205065921702
0.44,0.2552141200232382,0.2717187527482515,0.4730671272285103
0.46,0.2662516434824477,0.27173460865270194,0.4620137478648504
0.48,0.2772891669416572,0.2717504645571524,0.4509603685011905
0.5,0.28832669040086667,0.2717663204616028,0.43990698913753057
0.52,0.29936421386007617,0.27178217636605323,0.4288536097738706
0.54,0.31040173731928566,0.27179803227050364,0.4178002304102107
0.56,0.32143926077849516,0.27181388817495405,0.4067468510465508
0.58,0.33247678423770466,0.27182974407940447,0.3956934716828908
0.6,0.34351430769691416,0.27184559998385494,0.3846400923192309
0.62,0.35455183115612365,0.27186145588830535,0.373586712955571
0.64,0.36558935461533315,0.27187731179275576,0.3625333335919111
0.66,0.37662687807454265,0.2718931676972062,0.3514799542282512
0.68,0.38766440153375215,0.2719090236016566,0.3404265748645912
0.7000000000000001,0.39870192499296164,0.271924879506107,0.3293731955009313
0.72,0.40973944845217114,0.27194073541055747,0.3183198161372714
0.74,0.42077697191138064,0.2719565913150079,0.30726643677361143
0.76,0.43181449537059013,0.2719724472194583,0.2962130574099515
0.78,0.44285201882979963,0.2719883031239087,0.2851596780462916
0.8,0.44285201882979963,0.2719883031239087,0.2851596780462916
0.8200000000000001,0.44285201882979963,0.2719883031239087,0.2851596780462916
0.84,0.44285201882979963,0.2719883031239087,0.2851596780462916
0.86,0.44285201882979963,0.2719883031239087,0.2851596780462916
0.88,0.44285201882979963,0.2719883031239087,0.2851596780462916
0.9,0.44285201882979963,0.2719883031239087,0.2851596780462916
0.92,0.44285201882979963,0.2719883031239087,0.2851596780462916
0.9400000000000001,0.44285201882979963,0.2719883031239087,0.2851596780462916
0.96,0.44285201882979963,0.2719883031239087,0.2851596780462916
0.98,0.44285201882979963,0.2719883031239087,0.2851596780462916
1.0,0.44285201882979963,0.2719883031239087,0.2851596780462916
