fraction_of_volc,OH,H2O2,TMI
0.0,0.09834703616915125,0.6475208556454705,0.25413210818537835
0.02,0.09834703616915125,0.6475208556454705,0.25413210818537835
0.04,0.09834703616915125,0.6475208556454705,0.25413210818537835
0.06,0.09834703616915125,0.6475208556454705,0.25413210818537835
0.08,0.09834703616915125,0.6475208556454705,0.25413210818537835
0.1,0.09834703616915125,0.6475208556454705,0.25413210818537835
0.12,0.09834703616915125,0.6475208556454705,0.25413210818537835
0.14,0.09834703616915125,0.6475208556454705,0.25413210818537835
0.16,0.09834703616915125,0.6475208556454705,0.25413210818537835
0.18,0.09834703616915125,0.6475208556454705,0.25413210818537835
0.2,0.09834703616915125,0.6475208556454705,0.25413210818537835
0.22,0.09834703616915125,0.6475208556454705,0.25413210818537835
0.24,0.09834703616915125,0.6475208556454705,0.25413210818537835
0.26,0.09834703616915125,0.6475208556454705,0.25413210818537835
0.28,0.09834703616915125,0.6475208556454705,0.25413210818537835
0.3,0.09834703616915125,0.6475208556454705,0.25413210818537835
0.32,0.09834703616915125,0.6475208556454705,0.25413210818537835
0.34,0.09834703616915125,0.6475208556454705,0.25413210818537835
0.36,0.13465982324086384,0.6256836078835208,0.2396565688756154
0.38,0.17097261031257643,0.6038463601215712,0.22518102956585243
0.4,0.207285397384289,0.5820091123596216,0.21070549025608948
0.42,0.2435981844560016,0.5601718645976719,0.1962299509463265
0.44,0.27991097152771416,0.5383346168357223,0.18175441163656356
0.46,0.31622375859942675,0.5164973690737726,0.1672788723268006
0.48,0.35253654567113935,0.494660121311823,0.15280333301703763
0.5,0.38884933274285194,0.4728228735498734,0.13832779370727466
0.52,0.42516211981456453,0.4509856257879238,0.12385225439751171
0.54,0.4614749068862771,0.42914837802597416,0.10937671508774877
0.56,0.4977876939579897,0.4073111302640245,0.09490117577798579
0.58,0.5341004810297023,0.38547388250207487,0.08042563646822284
0.6,0.5341004810297023,0.38547388250207487,0.08042563646822284
0.62,0.5341004810297023,0.38547388250207487,0.08042563646822284
0.64,0.5341004810297023,0.38547388250207487,0.08042563646822284
0.66,0.5341004810297023,0.38547388250207487,0.08042563646822284
0.68,0.5341004810297023,0.38547388250207487,0.08042563646822284
0.7000000000000001,0.5341004810297023,0.38547388250207487,0.08042563646822284
0.72,0.5341004810297023,0.38547388250207487,0.08042563646822284
0.74,0.5341004810297023,0.38547388250207487,0.08042563646822284
0.76,0.5341004810297023,0.38547388250207487,0.08042563646822284
0.78,0.5341004810297023,0.38547388250207487,0.08042563646822284
0.8,0.5341004810297023,0.38547388250207487,0.08042563646822284
0.8200000000000001,0.5341004810297023,0.38547388250207487,0.08042563646822284
0.84,0.5341004810297023,0.38547388250207487,0.08042563646822284
0.86,0.5341004810297023,0.38547388250207487,0.08042563646822284
0.88,0.5341004810297023,0.38547388250207487,0.08042563646822284
0.9,0.5341004810297023,0.38547388250207487,0.08042563646822284
0.92,0.5341004810297023,0.38547388250207487,0.08042563646822284
0.9400000000000001,0.5341004810297023,0.38547388250207487,0.08042563646822284
0.96,0.5341004810297023,0.38547388250207487,0.08042563646822284
0.98,0.5341004810297023,0.38547388250207487,0.08042563646822284
1.0,0.5341004810297023,0.38547388250207487,0.08042563646822284
