fraction_of_volc,OH,H2O2,TMI
0.0,0.14068759586212767,0.28540240904292347,0.5739099950949489
0.02,0.14068759586212767,0.28540240904292347,0.5739099950949489
0.04,0.14068759586212767,0.28540240904292347,0.5739099950949489
0.06,0.14068759586212767,0.28540240904292347,0.5739099950949489
0.08,0.14068759586212767,0.28540240904292347,0.5739099950949489
0.1,0.14068759586212767,0.28540240904292347,0.5739099950949489
0.12,0.14068759586212767,0.28540240904292347,0.5739099950949489
0.14,0.14068759586212767,0.28540240904292347,0.5739099950949489
0.16,0.14068759586212767,0.28540240904292347,0.5739099950949489
0.18,0.14068759586212767,0.28540240904292347,0.5739099950949489
0.2,0.14068759586212767,0.28540240904292347,0.5739099950949489
0.22,0.14068759586212767,0.28540240904292347,0.5739099950949489
0.24,0.14068759586212767,0.28540240904292347,0.5739099950949489
0.26,0.14068759586212767,0.28540240904292347,0.5739099950949489
0.28,0.14068759586212767,0.28540240904292347,0.5739099950949489
0.3,0.14068759586212767,0.28540240904292347,0.5739099950949489
0.32,0.14068759586212767,0.28540240904292347,0.5739099950949489
0.34,0.14068759586212767,0.28540240904292347,0.5739099950949489
0.36,0.14068759586212767,0.28540240904292347,0.5739099950949489
0.38,0.14068759586212767,0.28540240904292347,0.5739099950949489
0.4,0.14068759586212767,0.28540240904292347,0.5739099950949489
0.42,0.14068759586212767,0.28540240904292347,0.5739099950949489
0.44,0.1370047902535429,0.2806807037523328,0.5823145059941244
0.46,0.1333219846449581,0.27595899846174204,0.5907190168932999
0.48,0.12963917903637331,0.27123729317115136,0.5991235277924754
0.5,0.12595637342778854,0.2665155878805607,0.6075280386916508
0.52,0.12227356781920375,0.26179388258996994,0.6159325495908263
0.54,0.11859076221061896,0.25707217729937926,0.6243370604900018
0.56,0.11490795660203418,0.2523504720087886,0.6327415713891773
0.58,0.1112251509934494,0.24762876671819783,0.6411460822883528
0.6,0.10754234538486461,0.24290706142760715,0.6495505931875283
0.62,0.10385953977627982,0.23818535613701644,0.6579551040867038
0.64,0.10017673416769504,0.23346365084642573,0.6663596149858793
0.66,0.09649392855911025,0.22874194555583505,0.6747641258850547
0.68,0.09281112295052546,0.22402024026524434,0.6831686367842302
0.7000000000000001,0.08912831734194068,0.21929853497465362,0.6915731476834057
0.72,0.0854455117333559,0.21457682968406294,0.6999776585825812
0.74,0.08176270612477111,0.20985512439347223,0.7083821694817567
0.76,0.07807990051618632,0.20513341910288152,0.7167866803809322
0.78,0.07439709490760155,0.20041171381229084,0.7251911912801077
0.8,0.07071428929901676,0.19569000852170013,0.7335957021792832
0.8200000000000001,0.06703148369043198,0.19096830323110942,0.7420002130784586
0.84,0.06334867808184719,0.18624659794051873,0.7504047239776341
0.86,0.05966587247326241,0.18152489264992802,0.7588092348768096
0.88,0.05598306686467762,0.1768031873593373,0.7672137457759851
0.9,0.05230026125609283,0.17208148206874663,0.7756182566751606
0.92,0.04861745564750805,0.16735977677815592,0.7840227675743361
0.9400000000000001,0.04493465003892326,0.1626380714875652,0.7924272784735116
0.96,0.04125184443033848,0.1579163661969745,0.8008317893726871
0.98,0.03756903882175369,0.1531946609063838,0.8092363002718626
1.0,0.03756903882175369,0.1531946609063838,0.8092363002718626
