fraction_of_volc,OH,H2O2,TMI
0.0,0.21349364840614005,0.25924463253492264,0.5272617190589374
0.02,0.21349364840614005,0.25924463253492264,0.5272617190589374
0.04,0.21349364840614005,0.25924463253492264,0.5272617190589374
0.06,0.21349364840614005,0.25924463253492264,0.5272617190589374
0.08,0.21349364840614005,0.25924463253492264,0.5272617190589374
0.1,0.21349364840614005,0.25924463253492264,0.5272617190589374
0.12,0.21349364840614005,0.25924463253492264,0.5272617190589374
0.14,0.21349364840614005,0.25924463253492264,0.5272617190589374
0.16,0.21349364840614005,0.25924463253492264,0.5272617190589374
0.18,0.21349364840614005,0.25924463253492264,0.5272617190589374
0.2,0.21349364840614005,0.25924463253492264,0.5272617190589374
0.22,0.21349364840614005,0.25924463253492264,0.5272617190589374
0.24,0.21349364840614005,0.25924463253492264,0.5272617190589374
0.26,0.22527859657073762,0.2615511213675727,0.5131702820616898
0.28,0.2370635447353352,0.2638576102002227,0.49907884506444217
0.3,0.24884849289993277,0.26616409903287275,0.48498740806719454
0.32,0.26063344106453035,0.26847058786552275,0.47089597106994696
0.34,0.27241838922912787,0.2707770766981728,0.45680453407269933
0.36,0.2842033373937255,0.27308356553082286,0.4427130970754517
0.38,0.295988285558323,0.27539005436347286,0.4286216600782041
0.4,0.3077732337229206,0.2776965431961229,0.4145302230809565
0.42,0.31955818188751817,0.2800030320287729,0.40043878608370886
0.44,0.33134313005211574,0.28230952086142297,0.3863473490864613
0.46,0.3431280782167133,0.284616009694073,0.3722559120892137
0.48,0.3549130263813109,0.286922498526723,0.3581644750919661
0.5,0.36669797454590847,0.2892289873593731,0.34407303809471845
0.52,0.378482922710506,0.2915354761920231,0.3299816010974709
0.54,0.3902678708751036,0.29384196502467314,0.31589016410022325
0.56,0.40205281903970114,0.2961484538573232,0.3017987271029756
0.58,0.41383776720429877,0.2984549426899732,0.28770729010572804
0.6,0.4256227153688963,0.30076143152262325,0.2736158531084804
0.62,0.43740766353349386,0.30306792035527325,0.25952441611123284
0.64,0.44919261169809144,0.3053744091879233,0.2454329791139852
0.66,0.460977559862689,0.30768089802057336,0.23134154211673763
0.68,0.4727625080272866,0.30998738685322336,0.21725010511949
0.7000000000000001,0.48454745619188416,0.3122938756858734,0.20315866812224237
0.72,0.49633240435648174,0.31460036451852347,0.1890672311249948
0.74,0.5081173525210794,0.31690685335117347,0.17497579412774716
0.76,0.5199023006856769,0.3192133421838235,0.1608843571304996
0.78,0.5316872488502744,0.3215198310164735,0.14679292013325196
0.8,0.5434721970148719,0.3238263198491236,0.13270148313600433
0.8200000000000001,0.5552571451794696,0.32613280868177363,0.11861004613875675
0.84,0.5670420933440672,0.32843929751442363,0.10451860914150912
0.86,0.5788270415086647,0.3307457863470737,0.09042717214426155
0.88,0.5906119896732622,0.3330522751797237,0.07633573514701392
0.9,0.6023969378378599,0.33535876401237374,0.062244298149766286
0.92,0.6141818860024575,0.3376652528450238,0.04815286115251871
0.9400000000000001,0.625966834167055,0.3399717416776738,0.034061424155271074
0.96,0.625966834167055,0.3399717416776738,0.034061424155271074
0.98,0.625966834167055,0.3399717416776738,0.034061424155271074
1.0,0.625966834167055,0.3399717416776738,0.034061424155271074
