fraction_of_volc,OH,H2O2,TMI
0.0,0.1670340160392914,0.34557446788170776,0.48739151607900094
0.02,0.1670340160392914,0.34557446788170776,0.48739151607900094
0.04,0.1670340160392914,0.34557446788170776,0.48739151607900094
0.06,0.1670340160392914,0.34557446788170776,0.48739151607900094
0.08,0.1670340160392914,0.34557446788170776,0.48739151607900094
0.1,0.1670340160392914,0.34557446788170776,0.48739151607900094
0.12,0.1670340160392914,0.34557446788170776,0.48739151607900094
0.14,0.1670340160392914,0.34557446788170776,0.48739151607900094
0.16,0.1670340160392914,0.34557446788170776,0.48739151607900094
0.18,0.1670340160392914,0.34557446788170776,0.48739151607900094
0.2,0.1670340160392914,0.34557446788170776,0.48739151607900094
0.22,0.1670340160392914,0.34557446788170776,0.48739151607900094
0.24,0.1670340160392914,0.34557446788170776,0.48739151607900094
0.26,0.1670340160392914,0.34557446788170776,0.48739151607900094
0.28,0.1670340160392914,0.34557446788170776,0.48739151607900094
0.3,0.1670340160392914,0.34557446788170776,0.48739151607900094
0.32,0.1670340160392914,0.34557446788170776,0.48739151607900094
0.34,0.1670340160392914,0.34557446788170776,0.48739151607900094
0.36,0.1670340160392914,0.34557446788170776,0.48739151607900094
0.38,0.16353562247789571,0.3529285701197138,0.4835358074023906
0.4,0.16003722891650002,0.3602826723577198,0.47968009872578027
0.42,0.15653883535510432,0.36763677459572586,0.47582439004916993
0.44,0.15304044179370863,0.3749908768337319,0.4719686813725596
0.46,0.14954204823231293,0.3823449790717379,0.46811297269594926
0.48,0.14604365467091723,0.38969908130974396,0.4642572640193389
0.5,0.14254526110952154,0.39705318354775,0.4604015553427286
0.52,0.13904686754812584,0.404407285785756,0.45654584666611825
0.54,0.13554847398673014,0.41176138802376205,0.4526901379895079
0.56,0.13205008042533445,0.4191154902617681,0.4488344293128976
0.58,0.12855168686393875,0.4264695924997741,0.44497872063628724
0.6,0.12505329330254306,0.43382369473778015,0.4411230119596769
0.62,0.12155489974114736,0.4411777969757862,0.43726730328306657
0.64,0.11805650617975166,0.4485318992137922,0.43341159460645623
0.66,0.11455811261835597,0.45588600145179825,0.4295558859298459
0.68,0.11105971905696027,0.4632401036898043,0.42570017725323556
0.7000000000000001,0.10756132549556457,0.4705942059278103,0.4218444685766252
0.72,0.10406293193416888,0.47794830816581635,0.4179887599000149
0.74,0.10056453837277318,0.4853024104038224,0.41413305122340455
0.76,0.09706614481137749,0.4926565126418284,0.4102773425467942
0.78,0.09356775124998179,0.5000106148798344,0.4064216338701839
0.8,0.0900693576885861,0.5073647171178405,0.40256592519357354
0.8200000000000001,0.0865709641271904,0.5147188193558465,0.3987102165169632
0.84,0.0830725705657947,0.5220729215938525,0.39485450784035286
0.86,0.079574177004399,0.5294270238318586,0.3909987991637425
0.88,0.07607578344300331,0.5367811260698646,0.3871430904871322
0.9,0.07257738988160761,0.5441352283078706,0.38328738181052185
0.92,0.06907899632021192,0.5514893305458767,0.3794316731339115
0.9400000000000001,0.06558060275881622,0.5588434327838827,0.3755759644573012
0.96,0.062082209197420524,0.5661975350218887,0.37172025578069084
0.98,0.058583815636024834,0.5735516372598948,0.3678645471040805
1.0,0.058583815636024834,0.5735516372598948,0.3678645471040805
