fraction_of_volc,OH,H2O2,TMI
0.0,0.6520635018739676,0.016700870246582233,0.33123562787945016
0.02,0.6520635018739676,0.016700870246582233,0.33123562787945016
0.04,0.6520635018739676,0.016700870246582233,0.33123562787945016
0.06,0.6520635018739676,0.016700870246582233,0.33123562787945016
0.08,0.6520635018739676,0.016700870246582233,0.33123562787945016
0.1,0.6520635018739676,0.016700870246582233,0.33123562787945016
0.12,0.6520635018739676,0.016700870246582233,0.33123562787945016
0.14,0.6520635018739676,0.016700870246582233,0.33123562787945016
0.16,0.6520635018739676,0.016700870246582233,0.33123562787945016
0.18,0.6520635018739676,0.016700870246582233,0.33123562787945016
0.2,0.6520635018739676,0.016700870246582233,0.33123562787945016
0.22,0.6520635018739676,0.016700870246582233,0.33123562787945016
0.24,0.6520635018739676,0.016700870246582233,0.33123562787945016
0.26,0.6520635018739676,0.016700870246582233,0.33123562787945016
0.28,0.6520635018739676,0.016700870246582233,0.33123562787945016
0.3,0.6520635018739676,0.016700870246582233,0.33123562787945016
0.32,0.6520635018739676,0.016700870246582233,0.33123562787945016
0.34,0.6520635018739676,0.016700870246582233,0.33123562787945016
0.36,0.6520635018739676,0.016700870246582233,0.33123562787945016
0.38,0.6520635018739676,0.016700870246582233,0.33123562787945016
0.4,0.6520635018739676,0.016700870246582233,0.33123562787945016
0.42,0.6520635018739676,0.016700870246582233,0.33123562787945016
0.44,0.6520635018739676,0.016700870246582233,0.33123562787945016
0.46,0.6520635018739676,0.016700870246582233,0.33123562787945016
0.48,0.6520635018739676,0.016700870246582233,0.33123562787945016
0.5,0.6520635018739676,0.016700870246582233,0.33123562787945016
0.52,0.6520635018739676,0.016700870246582233,0.33123562787945016
0.54,0.6520635018739676,0.016700870246582233,0.33123562787945016
0.56,0.6520635018739676,0.016700870246582233,0.33123562787945016
0.58,0.6170020149554785,0.08083974503063633,0.30215824001388514
0.6,0.5819405280369895,0.14497861981469043,0.2730808521483201
0.62,0.5468790411185004,0.2091174945987445,0.2440034642827551
0.64,0.5118175542000114,0.2732563693827986,0.21492607641719008
0.66,0.4767560672815223,0.33739524416685274,0.18584868855162506
0.68,0.4416945803630332,0.4015341189509068,0.15677130068606004
0.7000000000000001,0.4066330934445442,0.4656729937349609,0.12769391282049503
0.72,0.37157160652605514,0.529811868519015,0.09861652495493001
0.74,0.3365101196075661,0.5939507433030691,0.06953913708936499
0.76,0.30144863268907707,0.6580896180871232,0.04046174922379997
0.78,0.266387145770588,0.7222284928711772,0.011384361358234975
0.8,0.266387145770588,0.7222284928711772,0.011384361358234975
0.8200000000000001,0.266387145770588,0.7222284928711772,0.011384361358234975
0.84,0.266387145770588,0.7222284928711772,0.011384361358234975
0.86,0.266387145770588,0.7222284928711772,0.011384361358234975
0.88,0.266387145770588,0.7222284928711772,0.011384361358234975
0.9,0.266387145770588,0.7222284928711772,0.011384361358234975
0.92,0.266387145770588,0.7222284928711772,0.011384361358234975
0.9400000000000001,0.266387145770588,0.7222284928711772,0.011384361358234975
0.96,0.266387145770588,0.7222284928711772,0.011384361358234975
0.98,0.266387145770588,0.7222284928711772,0.011384361358234975
1.0,0.266387145770588,0.7222284928711772,0.011384361358234975
