fraction_of_volc,OH,H2O2,TMI
0.0,0.6058480149973855,0.22052290392312274,0.17362908107949168
0.02,0.6058480149973855,0.22052290392312274,0.17362908107949168
0.04,0.6058480149973855,0.22052290392312274,0.17362908107949168
0.06,0.6058480149973855,0.22052290392312274,0.17362908107949168
0.08,0.6058480149973855,0.22052290392312274,0.17362908107949168
0.1,0.6058480149973855,0.22052290392312274,0.17362908107949168
0.12,0.6058480149973855,0.22052290392312274,0.17362908107949168
0.14,0.6058480149973855,0.22052290392312274,0.17362908107949168
0.16,0.6058480149973855,0.22052290392312274,0.17362908107949168
0.18,0.6058480149973855,0.22052290392312274,0.17362908107949168
0.2,0.6058480149973855,0.22052290392312274,0.17362908107949168
0.22,0.6058480149973855,0.22052290392312274,0.17362908107949168
0.24,0.6058480149973855,0.22052290392312274,0.17362908107949168
0.26,0.6058480149973855,0.22052290392312274,0.17362908107949168
0.28,0.6058480149973855,0.22052290392312274,0.17362908107949168
0.3,0.6058480149973855,0.22052290392312274,0.17362908107949168
0.32,0.6058480149973855,0.22052290392312274,0.17362908107949168
0.34,0.6058480149973855,0.22052290392312274,0.17362908107949168
0.36,0.6058480149973855,0.22052290392312274,0.17362908107949168
0.38,0.5853067830478876,0.21597747578268,0.19871574116943233
0.4,0.5647655510983897,0.21143204764223725,0.22380240125937298
0.42,0.5442243191488918,0.20688661950179452,0.24888906134931366
0.44,0.5236830871993938,0.20234119136135179,0.2739757214392543
0.46,0.503141855249896,0.19779576322090903,0.29906238152919495
0.48,0.4826006233003981,0.1932503350804663,0.3241490416191356
0.5,0.4620593913509002,0.18870490694002356,0.34923570170907625
0.52,0.44151815940140227,0.1841594787995808,0.3743223617990169
0.54,0.42097692745190435,0.17961405065913807,0.39940902188895755
0.56,0.40043569550240643,0.17506862251869532,0.4244956819788982
0.58,0.37989446355290857,0.17052319437825258,0.44958234206883885
0.6,0.35935323160341065,0.16597776623780985,0.4746690021587795
0.62,0.33881199965391273,0.16143233809736712,0.49975566224872014
0.64,0.31827076770441487,0.15688690995692436,0.5248423223386608
0.66,0.29772953575491695,0.15234148181648163,0.5499289824286014
0.68,0.27718830380541903,0.14779605367603887,0.5750156425185421
0.7000000000000001,0.2566470718559211,0.14325062553559614,0.6001023026084827
0.72,0.2361058399064232,0.1387051973951534,0.6251889626984234
0.74,0.21556460795692534,0.13415976925471068,0.650275622788364
0.76,0.19502337600742742,0.12961434111426792,0.6753622828783048
0.78,0.1744821440579295,0.1250689129738252,0.7004489429682454
0.8,0.15394091210843164,0.12052348483338245,0.7255356030581861
0.8200000000000001,0.13339968015893372,0.1159780566929397,0.7506222631481267
0.84,0.1128584482094358,0.11143262855249697,0.7757089232380674
0.86,0.09231721625993794,0.10688720041205423,0.800795583328008
0.88,0.07177598431043997,0.10234177227161148,0.8258822434179487
0.9,0.051234752360942104,0.09779634413116874,0.8509689035078893
0.92,0.03069352041144424,0.09325091599072599,0.87605556359783
0.9400000000000001,0.010152288461946218,0.08870548785028325,0.9011422236877706
0.96,0.010152288461946218,0.08870548785028325,0.9011422236877706
0.98,0.010152288461946218,0.08870548785028325,0.9011422236877706
1.0,0.010152288461946218,0.08870548785028325,0.9011422236877706
