fraction_of_volc,OH,H2O2,TMI
0.0,0.04206155070672349,0.7412406555611023,0.21669779373217432
0.02,0.04206155070672349,0.7412406555611023,0.21669779373217432
0.04,0.04206155070672349,0.7412406555611023,0.21669779373217432
0.06,0.04206155070672349,0.7412406555611023,0.21669779373217432
0.08,0.04206155070672349,0.7412406555611023,0.21669779373217432
0.1,0.04206155070672349,0.7412406555611023,0.21669779373217432
0.12,0.04206155070672349,0.7412406555611023,0.21669779373217432
0.14,0.04206155070672349,0.7412406555611023,0.21669779373217432
0.16,0.07102227621075832,0.7156529015125259,0.21332482227671581
0.18,0.09998300171479316,0.6900651474639496,0.2099518508212573
0.2,0.128943727218828,0.6644773934153733,0.20657887936579877
0.22,0.15790445272286283,0.6388896393667969,0.20320590791034027
0.24,0.18686517822689766,0.6133018853182206,0.19983293645488176
0.26,0.2158259037309325,0.5877141312696442,0.19645996499942325
0.28,0.24478662923496733,0.5621263772210678,0.19308699354396475
0.3,0.27374735473900214,0.5365386231724916,0.18971402208850624
0.32,0.30270808024303697,0.5109508691239152,0.18634105063304773
0.34,0.3316688057470718,0.48536311507533886,0.1829680791775892
0.36,0.36062953125110664,0.45977536102676253,0.1795951077221307
0.38,0.38959025675514153,0.43418760697818615,0.17622213626667219
0.4,0.38959025675514153,0.43418760697818615,0.17622213626667219
0.42,0.38959025675514153,0.43418760697818615,0.17622213626667219
0.44,0.38959025675514153,0.43418760697818615,0.17622213626667219
0.46,0.38959025675514153,0.43418760697818615,0.17622213626667219
0.48,0.38959025675514153,0.43418760697818615,0.17622213626667219
0.5,0.38959025675514153,0.43418760697818615,0.17622213626667219
0.52,0.38959025675514153,0.43418760697818615,0.17622213626667219
0.54,0.38959025675514153,0.43418760697818615,0.17622213626667219
0.56,0.38959025675514153,0.43418760697818615,0.17622213626667219
0.58,0.38959025675514153,0.43418760697818615,0.17622213626667219
0.6,0.38959025675514153,0.43418760697818615,0.17622213626667219
0.62,0.38959025675514153,0.43418760697818615,0.17622213626667219
0.64,0.38959025675514153,0.43418760697818615,0.17622213626667219
0.66,0.38959025675514153,0.43418760697818615,0.17622213626667219
0.68,0.38959025675514153,0.43418760697818615,0.17622213626667219
0.7000000000000001,0.38959025675514153,0.43418760697818615,0.17622213626667219
0.72,0.38959025675514153,0.43418760697818615,0.17622213626667219
0.74,0.38959025675514153,0.43418760697818615,0.17622213626667219
0.76,0.38959025675514153,0.43418760697818615,0.17622213626667219
0.78,0.38959025675514153,0.43418760697818615,0.17622213626667219
0.8,0.38959025675514153,0.43418760697818615,0.17622213626667219
0.8200000000000001,0.38959025675514153,0.43418760697818615,0.17622213626667219
0.84,0.38959025675514153,0.43418760697818615,0.17622213626667219
0.86,0.38959025675514153,0.43418760697818615,0.17622213626667219
0.88,0.38959025675514153,0.43418760697818615,0.17622213626667219
0.9,0.38959025675514153,0.43418760697818615,0.17622213626667219
0.92,0.38959025675514153,0.43418760697818615,0.17622213626667219
0.9400000000000001,0.38959025675514153,0.43418760697818615,0.17622213626667219
0.96,0.38959025675514153,0.43418760697818615,0.17622213626667219
0.98,0.38959025675514153,0.43418760697818615,0.17622213626667219
1.0,0.38959025675514153,0.43418760697818615,0.17622213626667219
