fraction_of_volc,OH,H2O2,TMI
0.0,0.26885087791172485,0.2643331859002478,0.4668159361880273
0.02,0.26885087791172485,0.2643331859002478,0.4668159361880273
0.04,0.26885087791172485,0.2643331859002478,0.4668159361880273
0.06,0.26885087791172485,0.2643331859002478,0.4668159361880273
0.08,0.26885087791172485,0.2643331859002478,0.4668159361880273
0.1,0.26885087791172485,0.2643331859002478,0.4668159361880273
0.12,0.26885087791172485,0.2643331859002478,0.4668159361880273
0.14,0.26885087791172485,0.2643331859002478,0.4668159361880273
0.16,0.26885087791172485,0.2643331859002478,0.4668159361880273
0.18,0.26885087791172485,0.2643331859002478,0.4668159361880273
0.2,0.26885087791172485,0.2643331859002478,0.4668159361880273
0.22,0.26885087791172485,0.2643331859002478,0.4668159361880273
0.24,0.26885087791172485,0.2643331859002478,0.4668159361880273
0.26,0.26885087791172485,0.2643331859002478,0.4668159361880273
0.28,0.26885087791172485,0.2643331859002478,0.4668159361880273
0.3,0.26885087791172485,0.2643331859002478,0.4668159361880273
0.32,0.26885087791172485,0.2643331859002478,0.4668159361880273
0.34,0.26885087791172485,0.2643331859002478,0.4668159361880273
0.36,0.2965726850858961,0.24812476148878032,0.4553025534253235
0.38,0.3242944922600674,0.23191633707731282,0.44378917066261975
0.4,0.3520162994342386,0.21570791266584532,0.43227578789991594
0.42,0.3797381066084099,0.19949948825437785,0.4207624051372122
0.44,0.4074599137825812,0.18329106384291038,0.4092490223745084
0.46,0.43518172095675245,0.1670826394314429,0.3977356396118046
0.48,0.4629035281309237,0.1508742150199754,0.38622225684910083
0.5,0.490625335305095,0.13466579060850792,0.3747088740863971
0.52,0.5183471424792663,0.11845736619704045,0.3631954913236933
0.54,0.5460689496534374,0.10224894178557295,0.35168210856098947
0.56,0.5737907568276088,0.08604051737410545,0.3401687257982857
0.58,0.60151256400178,0.06983209296263798,0.3286553430355819
0.6,0.6292343711759514,0.05362366855117051,0.3171419602728781
0.62,0.6569561783501225,0.03741524413970301,0.30562857751017436
0.64,0.6846779855242938,0.021206819728235515,0.2941151947474706
0.66,0.7123997926984651,0.004998395316768054,0.2826018119847668
0.68,0.7123997926984651,0.004998395316768054,0.2826018119847668
0.7000000000000001,0.7123997926984651,0.004998395316768054,0.2826018119847668
0.72,0.7123997926984651,0.004998395316768054,0.2826018119847668
0.74,0.7123997926984651,0.004998395316768054,0.2826018119847668
0.76,0.7123997926984651,0.004998395316768054,0.2826018119847668
0.78,0.7123997926984651,0.004998395316768054,0.2826018119847668
0.8,0.7123997926984651,0.004998395316768054,0.2826018119847668
0.8200000000000001,0.7123997926984651,0.004998395316768054,0.2826018119847668
0.84,0.7123997926984651,0.004998395316768054,0.2826018119847668
0.86,0.7123997926984651,0.004998395316768054,0.2826018119847668
0.88,0.7123997926984651,0.004998395316768054,0.2826018119847668
0.9,0.7123997926984651,0.004998395316768054,0.2826018119847668
0.92,0.7123997926984651,0.004998395316768054,0.2826018119847668
0.9400000000000001,0.7123997926984651,0.004998395316768054,0.2826018119847668
0.96,0.7123997926984651,0.004998395316768054,0.2826018119847668
0.98,0.7123997926984651,0.004998395316768054,0.2826018119847668
1.0,0.7123997926984651,0.004998395316768054,0.2826018119847668
