fraction_of_volc,OH,H2O2,TMI
0.0,0.37218783218985696,0.31466758390446176,0.3131445839056814
0.02,0.37218783218985696,0.31466758390446176,0.3131445839056814
0.04,0.37218783218985696,0.31466758390446176,0.3131445839056814
0.06,0.37218783218985696,0.31466758390446176,0.3131445839056814
0.08,0.37218783218985696,0.31466758390446176,0.3131445839056814
0.1,0.37218783218985696,0.31466758390446176,0.3131445839056814
0.12,0.37218783218985696,0.31466758390446176,0.3131445839056814
0.14,0.37218783218985696,0.31466758390446176,0.3131445839056814
0.16,0.37218783218985696,0.31466758390446176,0.3131445839056814
0.18,0.37218783218985696,0.31466758390446176,0.3131445839056814
0.2,0.37218783218985696,0.31466758390446176,0.3131445839056814
0.22,0.37218783218985696,0.31466758390446176,0.3131445839056814
0.24,0.37218783218985696,0.31466758390446176,0.3131445839056814
0.26,0.37218783218985696,0.31466758390446176,0.3131445839056814
0.28,0.37218783218985696,0.31466758390446176,0.3131445839056814
0.3,0.37218783218985696,0.31466758390446176,0.3131445839056814
0.32,0.37218783218985696,0.31466758390446176,0.3131445839056814
0.34,0.37218783218985696,0.31466758390446176,0.3131445839056814
0.36,0.37218783218985696,0.31466758390446176,0.3131445839056814
0.38,0.37218783218985696,0.31466758390446176,0.3131445839056814
0.4,0.37218783218985696,0.31466758390446176,0.3131445839056814
0.42,0.37218783218985696,0.31466758390446176,0.3131445839056814
0.44,0.37218783218985696,0.31466758390446176,0.3131445839056814
0.46,0.37218783218985696,0.31466758390446176,0.3131445839056814
0.48,0.37218783218985696,0.31466758390446176,0.3131445839056814
0.5,0.37218783218985696,0.31466758390446176,0.3131445839056814
0.52,0.37218783218985696,0.31466758390446176,0.3131445839056814
0.54,0.37218783218985696,0.31466758390446176,0.3131445839056814
0.56,0.37218783218985696,0.31466758390446176,0.3131445839056814
0.58,0.37218783218985696,0.31466758390446176,0.3131445839056814
0.6,0.37218783218985696,0.31466758390446176,0.3131445839056814
0.62,0.37678709874532046,0.29432006183959103,0.3288928394150886
0.64,0.381386365300784,0.2739725397747203,0.3446410949244958
0.66,0.3859856318562475,0.2536250177098496,0.360389350433903
0.68,0.39058489841171107,0.2332774956449788,0.37613760594331025
0.7000000000000001,0.39518416496717457,0.21292997358010807,0.3918858614527175
0.72,0.39978343152263807,0.19258245151523734,0.4076341169621247
0.74,0.4043826980781016,0.1722349294503666,0.4233823724715319
0.76,0.4089819646335651,0.15188740738549586,0.4391306279809391
0.78,0.4135812311890287,0.13153988532062513,0.45487888349034633
0.8,0.4181804977444922,0.11119236325575438,0.4706271389997535
0.8200000000000001,0.42277976429995573,0.09084484119088365,0.48637539450916073
0.84,0.42737903085541923,0.07049731912601293,0.502123650018568
0.86,0.42737903085541923,0.07049731912601293,0.502123650018568
0.88,0.42737903085541923,0.07049731912601293,0.502123650018568
0.9,0.42737903085541923,0.07049731912601293,0.502123650018568
0.92,0.42737903085541923,0.07049731912601293,0.502123650018568
0.9400000000000001,0.42737903085541923,0.07049731912601293,0.502123650018568
0.96,0.42737903085541923,0.07049731912601293,0.502123650018568
0.98,0.42737903085541923,0.07049731912601293,0.502123650018568
1.0,0.42737903085541923,0.07049731912601293,0.502123650018568
