fraction_of_volc,OH,H2O2,TMI
0.0,0.2102169691963199,0.42067065971587375,0.36911237108780626
0.02,0.2102169691963199,0.42067065971587375,0.36911237108780626
0.04,0.2102169691963199,0.42067065971587375,0.36911237108780626
0.06,0.2102169691963199,0.42067065971587375,0.36911237108780626
0.08,0.2102169691963199,0.42067065971587375,0.36911237108780626
0.1,0.2102169691963199,0.42067065971587375,0.36911237108780626
0.12,0.2102169691963199,0.42067065971587375,0.36911237108780626
0.14,0.2102169691963199,0.42067065971587375,0.36911237108780626
0.16,0.2102169691963199,0.42067065971587375,0.36911237108780626
0.18,0.2102169691963199,0.42067065971587375,0.36911237108780626
0.2,0.2102169691963199,0.42067065971587375,0.36911237108780626
0.22,0.2102169691963199,0.42067065971587375,0.36911237108780626
0.24,0.2102169691963199,0.42067065971587375,0.36911237108780626
0.26,0.2102169691963199,0.42067065971587375,0.36911237108780626
0.28,0.2102169691963199,0.42067065971587375,0.36911237108780626
0.3,0.2102169691963199,0.42067065971587375,0.36911237108780626
0.32,0.2102169691963199,0.42067065971587375,0.36911237108780626
0.34,0.2102169691963199,0.42067065971587375,0.36911237108780626
0.36,0.2102169691963199,0.42067065971587375,0.36911237108780626
0.38,0.2102169691963199,0.42067065971587375,0.36911237108780626
0.4,0.2102169691963199,0.42067065971587375,0.36911237108780626
0.42,0.2102169691963199,0.42067065971587375,0.36911237108780626
0.44,0.2102169691963199,0.42067065971587375,0.36911237108780626
0.46,0.2102169691963199,0.42067065971587375,0.36911237108780626
0.48,0.2102169691963199,0.42067065971587375,0.36911237108780626
0.5,0.2102169691963199,0.42067065971587375,0.36911237108780626
0.52,0.2102169691963199,0.42067065971587375,0.36911237108780626
0.54,0.2102169691963199,0.42067065971587375,0.36911237108780626
0.56,0.2102169691963199,0.42067065971587375,0.36911237108780626
0.58,0.2102169691963199,0.42067065971587375,0.36911237108780626
0.6,0.18692257468006168,0.4571290034164273,0.35594842190351095
0.62,0.16362818016380348,0.4935873471169809,0.3427844727192156
0.64,0.14033378564754526,0.5300456908175344,0.3296205235349203
0.66,0.11703939113128703,0.566504034518088,0.3164565743506249
0.68,0.0937449966150288,0.6029623782186415,0.3032926251663296
0.7000000000000001,0.0704506020987706,0.6394207219191951,0.2901286759820343
0.72,0.04715620758251238,0.6758790656197486,0.2769647267977389
0.74,0.02386181306625415,0.7123374093203022,0.26380077761344356
0.76,0.0005674185499959329,0.7487957530208558,0.25063682842914825
0.78,0.0005674185499959329,0.7487957530208558,0.25063682842914825
0.8,0.0005674185499959329,0.7487957530208558,0.25063682842914825
0.8200000000000001,0.0005674185499959329,0.7487957530208558,0.25063682842914825
0.84,0.0005674185499959329,0.7487957530208558,0.25063682842914825
0.86,0.0005674185499959329,0.7487957530208558,0.25063682842914825
0.88,0.0005674185499959329,0.7487957530208558,0.25063682842914825
0.9,0.0005674185499959329,0.7487957530208558,0.25063682842914825
0.92,0.0005674185499959329,0.7487957530208558,0.25063682842914825
0.9400000000000001,0.0005674185499959329,0.7487957530208558,0.25063682842914825
0.96,0.0005674185499959329,0.7487957530208558,0.25063682842914825
0.98,0.0005674185499959329,0.7487957530208558,0.25063682842914825
1.0,0.0005674185499959329,0.7487957530208558,0.25063682842914825
