fraction_of_volc,OH,H2O2,TMI
0.0,0.555822542933342,0.3239269711613743,0.12025048590528367
0.02,0.555822542933342,0.3239269711613743,0.12025048590528367
0.04,0.555822542933342,0.3239269711613743,0.12025048590528367
0.06,0.555822542933342,0.3239269711613743,0.12025048590528367
0.08,0.555822542933342,0.3239269711613743,0.12025048590528367
0.1,0.555822542933342,0.3239269711613743,0.12025048590528367
0.12,0.555822542933342,0.3239269711613743,0.12025048590528367
0.14,0.555822542933342,0.3239269711613743,0.12025048590528367
0.16,0.555822542933342,0.3239269711613743,0.12025048590528367
0.18,0.555822542933342,0.3239269711613743,0.12025048590528367
0.2,0.555822542933342,0.3239269711613743,0.12025048590528367
0.22,0.555822542933342,0.3239269711613743,0.12025048590528367
0.24,0.555822542933342,0.3239269711613743,0.12025048590528367
0.26,0.555822542933342,0.3239269711613743,0.12025048590528367
0.28,0.555822542933342,0.3239269711613743,0.12025048590528367
0.3,0.555822542933342,0.3239269711613743,0.12025048590528367
0.32,0.5392650656024098,0.33464983068630405,0.1260851037112861
0.34,0.5227075882714777,0.34537269021123385,0.13191972151728848
0.36,0.5061501109405455,0.35609554973616364,0.1377543393232909
0.38,0.4895926336096133,0.3668184092610934,0.1435889571292933
0.4,0.4730351562786811,0.3775412687860231,0.1494235749352957
0.42,0.45647767894774893,0.3882641283109529,0.1552581927412981
0.44,0.4399202016168168,0.3989869878358827,0.1610928105473005
0.46,0.4233627242858846,0.40970984736081245,0.1669274283533029
0.48,0.4068052469549524,0.4204327068857422,0.17276204615930532
0.5,0.39024776962402025,0.431155566410672,0.1785966639653077
0.52,0.37369029229308803,0.4418784259356018,0.18443128177131013
0.54,0.3571328149621559,0.4526012854605315,0.19026589957731255
0.56,0.3405753376312237,0.46332414498546126,0.19610051738331494
0.58,0.32401786030029156,0.47404700451039106,0.20193513518931733
0.6,0.3074603829693594,0.48476986403532085,0.20776975299531975
0.62,0.2909029056384272,0.4954927235602506,0.21360437080132216
0.64,0.27434542830749503,0.5062155830851803,0.21943898860732455
0.66,0.2577879509765628,0.5169384426101101,0.22527360641332694
0.68,0.24123047364563066,0.5276613021350399,0.23110822421932936
0.7000000000000001,0.2246729963146985,0.5383841616599696,0.23694284202533178
0.72,0.2081155189837663,0.5491070211848994,0.24277745983133417
0.74,0.19155804165283413,0.5598298807098292,0.2486120776373366
0.76,0.17500056432190197,0.570552740234759,0.254446695443339
0.78,0.15844308699096976,0.5812755997596888,0.2602813132493414
0.8,0.1418856096600376,0.5919984592846186,0.2661159310553438
0.8200000000000001,0.12532813232910545,0.6027213188095483,0.2719505488613462
0.84,0.10877065499817329,0.613444178334478,0.2777851666673486
0.86,0.09221317766724108,0.6241670378594077,0.283619784473351
0.88,0.07565570033630892,0.6348898973843375,0.2894544022793534
0.9,0.05909822300537676,0.6456127569092673,0.29528902008535585
0.92,0.04254074567444455,0.6563356164341971,0.3011236378913582
0.9400000000000001,0.02598326834351239,0.6670584759591269,0.3069582556973606
0.96,0.009425791012580268,0.6777813354840566,0.31279287350336304
0.98,0.009425791012580268,0.6777813354840566,0.31279287350336304
1.0,0.009425791012580268,0.6777813354840566,0.31279287350336304
