fraction_of_volc,OH,H2O2,TMI
0.0,0.22556587985437807,0.18090461572139463,0.5935295044242272
0.02,0.22556587985437807,0.18090461572139463,0.5935295044242272
0.04,0.22556587985437807,0.18090461572139463,0.5935295044242272
0.06,0.22556587985437807,0.18090461572139463,0.5935295044242272
0.08,0.22556587985437807,0.18090461572139463,0.5935295044242272
0.1,0.22556587985437807,0.18090461572139463,0.5935295044242272
0.12,0.22556587985437807,0.18090461572139463,0.5935295044242272
0.14,0.22556587985437807,0.18090461572139463,0.5935295044242272
0.16,0.22556587985437807,0.18090461572139463,0.5935295044242272
0.18,0.22556587985437807,0.18090461572139463,0.5935295044242272
0.2,0.22556587985437807,0.18090461572139463,0.5935295044242272
0.22,0.22556587985437807,0.18090461572139463,0.5935295044242272
0.24,0.22556587985437807,0.18090461572139463,0.5935295044242272
0.26,0.22556587985437807,0.18090461572139463,0.5935295044242272
0.28,0.22556587985437807,0.18090461572139463,0.5935295044242272
0.3,0.22556587985437807,0.18090461572139463,0.5935295044242272
0.32,0.22556587985437807,0.18090461572139463,0.5935295044242272
0.34,0.22556587985437807,0.18090461572139463,0.5935295044242272
0.36,0.22556587985437807,0.18090461572139463,0.5935295044242272
0.38,0.22556587985437807,0.18090461572139463,0.5935295044242272
0.4,0.22556587985437807,0.18090461572139463,0.5935295044242272
0.42,0.22556587985437807,0.18090461572139463,0.5935295044242272
0.44,0.22730715456204226,0.1821858900011546,0.5905069554368031
0.46,0.22904842926970645,0.18346716428091459,0.5874844064493789
0.48,0.23078970397737064,0.18474843856067455,0.5844618574619548
0.5,0.23253097868503483,0.1860297128404345,0.5814393084745306
0.52,0.23427225339269903,0.1873109871201945,0.5784167594871065
0.54,0.2360135281003632,0.18859226139995447,0.5753942104996823
0.56,0.23775480280802738,0.18987353567971446,0.5723716615122582
0.58,0.23949607751569157,0.19115480995947443,0.569349112524834
0.6,0.24123735222335577,0.1924360842392344,0.5663265635374098
0.62,0.24297862693101996,0.19371735851899438,0.5633040145499857
0.64,0.24471990163868415,0.19499863279875435,0.5602814655625614
0.66,0.24646117634634834,0.1962799070785143,0.5572589165751373
0.68,0.24820245105401254,0.1975611813582743,0.5542363675877131
0.7000000000000001,0.24994372576167673,0.19884245563803427,0.551213818600289
0.72,0.2516850004693409,0.20012372991779426,0.5481912696128648
0.74,0.2534262751770051,0.20140500419755422,0.5451687206254406
0.76,0.2551675498846693,0.20268627847731419,0.5421461716380165
0.78,0.2569088245923335,0.20396755275707418,0.5391236226505923
0.8,0.25865009929999766,0.20524882703683414,0.5361010736631682
0.8200000000000001,0.25865009929999766,0.20524882703683414,0.5361010736631682
0.84,0.25865009929999766,0.20524882703683414,0.5361010736631682
0.86,0.25865009929999766,0.20524882703683414,0.5361010736631682
0.88,0.25865009929999766,0.20524882703683414,0.5361010736631682
0.9,0.25865009929999766,0.20524882703683414,0.5361010736631682
0.92,0.25865009929999766,0.20524882703683414,0.5361010736631682
0.9400000000000001,0.25865009929999766,0.20524882703683414,0.5361010736631682
0.96,0.25865009929999766,0.20524882703683414,0.5361010736631682
0.98,0.25865009929999766,0.20524882703683414,0.5361010736631682
1.0,0.25865009929999766,0.20524882703683414,0.5361010736631682
