fraction_of_volc,OH,H2O2,TMI
0.0,0.11962352125702888,0.10130929513072941,0.7790671836122416
0.02,0.11962352125702888,0.10130929513072941,0.7790671836122416
0.04,0.11962352125702888,0.10130929513072941,0.7790671836122416
0.06,0.11962352125702888,0.10130929513072941,0.7790671836122416
0.08,0.11962352125702888,0.10130929513072941,0.7790671836122416
0.1,0.11962352125702888,0.10130929513072941,0.7790671836122416
0.12,0.11962352125702888,0.10130929513072941,0.7790671836122416
0.14,0.11962352125702888,0.10130929513072941,0.7790671836122416
0.16,0.11962352125702888,0.10130929513072941,0.7790671836122416
0.18,0.11962352125702888,0.10130929513072941,0.7790671836122416
0.2,0.11962352125702888,0.10130929513072941,0.7790671836122416
0.22,0.11962352125702888,0.10130929513072941,0.7790671836122416
0.24,0.11962352125702888,0.10130929513072941,0.7790671836122416
0.26,0.11962352125702888,0.10130929513072941,0.7790671836122416
0.28,0.11962352125702888,0.10130929513072941,0.7790671836122416
0.3,0.11962352125702888,0.10130929513072941,0.7790671836122416
0.32,0.11962352125702888,0.10130929513072941,0.7790671836122416
0.34,0.11962352125702888,0.10130929513072941,0.7790671836122416
0.36,0.1329875219728685,0.09964792444920438,0.767364553577927
0.38,0.14635152268870813,0.09798655376767935,0.7556619235436124
0.4,0.15971552340454775,0.09632518308615434,0.7439592935092978
0.42,0.17307952412038735,0.09466381240462932,0.7322566634749832
0.44,0.18644352483622698,0.09300244172310429,0.7205540334406686
0.46,0.1998075255520666,0.09134107104157926,0.708851403406354
0.48,0.2131715262679062,0.08967970036005424,0.6971487733720394
0.5,0.22653552698374585,0.08801832967852923,0.6854461433377248
0.52,0.23989952769958545,0.0863569589970042,0.6737435133034102
0.54,0.2532635284154251,0.08469558831547917,0.6620408832690956
0.56,0.2666275291312647,0.08303421763395416,0.650338253234781
0.58,0.2799915298471043,0.08137284695242913,0.6386356232004664
0.6,0.29335553056294394,0.07971147627090411,0.6269329931661518
0.62,0.30671953127878354,0.07805010558937908,0.6152303631318372
0.64,0.32008353199462314,0.07638873490785406,0.6035277330975226
0.66,0.3334475327104628,0.07472736422632903,0.591825103063208
0.68,0.34681153342630244,0.07306599354480402,0.5801224730288934
0.7000000000000001,0.36017553414214204,0.07140462286327899,0.5684198429945788
0.72,0.37353953485798164,0.06974325218175396,0.5567172129602642
0.74,0.3869035355738213,0.06808188150022895,0.5450145829259496
0.76,0.40026753628966094,0.06642051081870393,0.5333119528916351
0.78,0.4136315370055005,0.0647591401371789,0.5216093228573204
0.8,0.42699553772134013,0.06309776945565387,0.5099066928230058
0.8200000000000001,0.4403595384371798,0.06143639877412885,0.49820406278869134
0.84,0.45372353915301933,0.05977502809260383,0.48650143275437674
0.86,0.467087539868859,0.0581136574110788,0.47479880272006214
0.88,0.48045154058469863,0.05645228672955378,0.46309617268574754
0.9,0.48045154058469863,0.05645228672955378,0.46309617268574754
0.92,0.48045154058469863,0.05645228672955378,0.46309617268574754
0.9400000000000001,0.48045154058469863,0.05645228672955378,0.46309617268574754
0.96,0.48045154058469863,0.05645228672955378,0.46309617268574754
0.98,0.48045154058469863,0.05645228672955378,0.46309617268574754
1.0,0.48045154058469863,0.05645228672955378,0.46309617268574754
