fraction_of_volc,OH,H2O2,TMI
0.0,0.2566203484945035,0.3656227737256702,0.37775687777982636
0.02,0.2566203484945035,0.3656227737256702,0.37775687777982636
0.04,0.2566203484945035,0.3656227737256702,0.37775687777982636
0.06,0.2566203484945035,0.3656227737256702,0.37775687777982636
0.08,0.2566203484945035,0.3656227737256702,0.37775687777982636
0.1,0.2566203484945035,0.3656227737256702,0.37775687777982636
0.12,0.2566203484945035,0.3656227737256702,0.37775687777982636
0.14,0.2566203484945035,0.3656227737256702,0.37775687777982636
0.16,0.2566203484945035,0.3656227737256702,0.37775687777982636
0.18,0.2566203484945035,0.3656227737256702,0.37775687777982636
0.2,0.2566203484945035,0.3656227737256702,0.37775687777982636
0.22,0.2566203484945035,0.3656227737256702,0.37775687777982636
0.24,0.2566203484945035,0.3656227737256702,0.37775687777982636
0.26,0.2566203484945035,0.3656227737256702,0.37775687777982636
0.28,0.2566203484945035,0.3656227737256702,0.37775687777982636
0.3,0.2566203484945035,0.3656227737256702,0.37775687777982636
0.32,0.2566203484945035,0.3656227737256702,0.37775687777982636
0.34,0.2566203484945035,0.3656227737256702,0.37775687777982636
0.36,0.2566203484945035,0.3656227737256702,0.37775687777982636
0.38,0.2570277404693368,0.36178632938309313,0.38118593014757013
0.4,0.2574351324441701,0.35794988504051606,0.3846149825153139
0.42,0.2578425244190034,0.354113440697939,0.38804403488305766
0.44,0.2582499163938367,0.3502769963553619,0.39147308725080143
0.46,0.25865730836867,0.3464405520127848,0.3949021396185452
0.48,0.2590647003435033,0.3426041076702077,0.39833119198628897
0.5,0.2594720923183366,0.33876766332763064,0.40176024435403274
0.52,0.25987948429316987,0.33493121898505357,0.4051892967217765
0.54,0.2602868762680032,0.3310947746424765,0.40861834908952027
0.56,0.2606942682428365,0.3272583302998994,0.41204740145726404
0.58,0.2611016602176698,0.32342188595732235,0.4154764538250078
0.6,0.2615090521925031,0.3195854416147453,0.4189055061927516
0.62,0.2619164441673364,0.3157489972721682,0.42233455856049534
0.64,0.2623238361421697,0.31191255292959114,0.4257636109282391
0.66,0.262731228117003,0.30807610858701406,0.42919266329598293
0.68,0.2631386200918363,0.30423966424443694,0.43262171566372665
0.7000000000000001,0.2635460120666696,0.30040321990185986,0.43605076803147047
0.72,0.2639534040415029,0.2965667755592828,0.4394798203992142
0.74,0.2643607960163362,0.2927303312167057,0.442908872766958
0.76,0.2647681879911695,0.28889388687412865,0.4463379251347017
0.78,0.26517557996600283,0.2850574425315516,0.44976697750244554
0.8,0.2655829719408361,0.2812209981889745,0.4531960298701893
0.8200000000000001,0.2659903639156694,0.27738455384639743,0.4566250822379331
0.84,0.2663977558905027,0.27354810950382036,0.46005413460567685
0.86,0.266805147865336,0.26971166516124323,0.4634831869734206
0.88,0.2672125398401693,0.26587522081866616,0.4669122393411644
0.9,0.2676199318150026,0.2620387764760891,0.47034129170890815
0.92,0.2680273237898359,0.258202332133512,0.4737703440766519
0.9400000000000001,0.2684347157646692,0.25436588779093494,0.4771993964443957
0.96,0.2684347157646692,0.25436588779093494,0.4771993964443957
0.98,0.2684347157646692,0.25436588779093494,0.4771993964443957
1.0,0.2684347157646692,0.25436588779093494,0.4771993964443957
