fraction_of_volc,OH,H2O2,TMI
0.0,0.32666437452148545,0.5115307929353454,0.16180483254316907
0.02,0.32666437452148545,0.5115307929353454,0.16180483254316907
0.04,0.32666437452148545,0.5115307929353454,0.16180483254316907
0.06,0.32666437452148545,0.5115307929353454,0.16180483254316907
0.08,0.32666437452148545,0.5115307929353454,0.16180483254316907
0.1,0.32666437452148545,0.5115307929353454,0.16180483254316907
0.12,0.32666437452148545,0.5115307929353454,0.16180483254316907
0.14,0.32666437452148545,0.5115307929353454,0.16180483254316907
0.16,0.32666437452148545,0.5115307929353454,0.16180483254316907
0.18,0.32666437452148545,0.5115307929353454,0.16180483254316907
0.2,0.32666437452148545,0.5115307929353454,0.16180483254316907
0.22,0.32666437452148545,0.5115307929353454,0.16180483254316907
0.24,0.32666437452148545,0.5115307929353454,0.16180483254316907
0.26,0.32666437452148545,0.5115307929353454,0.16180483254316907
0.28,0.32666437452148545,0.5115307929353454,0.16180483254316907
0.3,0.32666437452148545,0.5115307929353454,0.16180483254316907
0.32,0.32666437452148545,0.5115307929353454,0.16180483254316907
0.34,0.32666437452148545,0.5115307929353454,0.16180483254316907
0.36,0.32666437452148545,0.5115307929353454,0.16180483254316907
0.38,0.32666437452148545,0.5115307929353454,0.16180483254316907
0.4,0.32666437452148545,0.5115307929353454,0.16180483254316907
0.42,0.32666437452148545,0.5115307929353454,0.16180483254316907
0.44,0.32666437452148545,0.5115307929353454,0.16180483254316907
0.46,0.32666437452148545,0.5115307929353454,0.16180483254316907
0.48,0.32666437452148545,0.5115307929353454,0.16180483254316907
0.5,0.32666437452148545,0.5115307929353454,0.16180483254316907
0.52,0.32666437452148545,0.5115307929353454,0.16180483254316907
0.54,0.32666437452148545,0.5115307929353454,0.16180483254316907
0.56,0.33643211011584917,0.49495876255789534,0.16860912732625546
0.58,0.3461998457102129,0.4783867321804452,0.17541342210934185
0.6,0.3559675813045766,0.4618147018029951,0.18221771689242827
0.62,0.36573531689894034,0.44524267142554497,0.18902201167551466
0.64,0.375503052493304,0.4286706410480949,0.19582630645860105
0.66,0.38527078808766774,0.4120986106706448,0.20263060124168744
0.68,0.39503852368203146,0.39552658029319465,0.20943489602477383
0.7000000000000001,0.4048062592763952,0.3789545499157445,0.21623919080786025
0.72,0.4145739948707589,0.3623825195382944,0.22304348559094664
0.74,0.42434173046512264,0.34581048916084434,0.22984778037403303
0.76,0.4341094660594863,0.3292384587833942,0.23665207515711942
0.78,0.44387720165385003,0.3126664284059441,0.2434563699402058
0.8,0.45364493724821375,0.296094398028494,0.2502606647232922
0.8200000000000001,0.4634126728425775,0.2795223676510439,0.2570649595063786
0.84,0.4731804084369412,0.26295033727359374,0.263869254289465
0.86,0.4829481440313049,0.24637830689614365,0.27067354907255137
0.88,0.49271587962566865,0.2298062765186936,0.2774778438556378
0.9,0.49271587962566865,0.2298062765186936,0.2774778438556378
0.92,0.49271587962566865,0.2298062765186936,0.2774778438556378
0.9400000000000001,0.49271587962566865,0.2298062765186936,0.2774778438556378
0.96,0.49271587962566865,0.2298062765186936,0.2774778438556378
0.98,0.49271587962566865,0.2298062765186936,0.2774778438556378
1.0,0.49271587962566865,0.2298062765186936,0.2774778438556378
