fraction_of_volc,OH,H2O2,TMI
0.0,0.46973642648875247,0.029185954934829804,0.5010776185764179
0.02,0.46973642648875247,0.029185954934829804,0.5010776185764179
0.04,0.46973642648875247,0.029185954934829804,0.5010776185764179
0.06,0.46973642648875247,0.029185954934829804,0.5010776185764179
0.08,0.46973642648875247,0.029185954934829804,0.5010776185764179
0.1,0.46973642648875247,0.029185954934829804,0.5010776185764179
0.12,0.46973642648875247,0.029185954934829804,0.5010776185764179
0.14,0.46973642648875247,0.029185954934829804,0.5010776185764179
0.16,0.46973642648875247,0.029185954934829804,0.5010776185764179
0.18,0.46973642648875247,0.029185954934829804,0.5010776185764179
0.2,0.46973642648875247,0.029185954934829804,0.5010776185764179
0.22,0.46973642648875247,0.029185954934829804,0.5010776185764179
0.24,0.46973642648875247,0.029185954934829804,0.5010776185764179
0.26,0.46973642648875247,0.029185954934829804,0.5010776185764179
0.28,0.46973642648875247,0.029185954934829804,0.5010776185764179
0.3,0.46973642648875247,0.029185954934829804,0.5010776185764179
0.32,0.46973642648875247,0.029185954934829804,0.5010776185764179
0.34,0.46973642648875247,0.029185954934829804,0.5010776185764179
0.36,0.46973642648875247,0.029185954934829804,0.5010776185764179
0.38,0.46973642648875247,0.029185954934829804,0.5010776185764179
0.4,0.46973642648875247,0.029185954934829804,0.5010776185764179
0.42,0.46973642648875247,0.029185954934829804,0.5010776185764179
0.44,0.46973642648875247,0.029185954934829804,0.5010776185764179
0.46,0.46973642648875247,0.029185954934829804,0.5010776185764179
0.48,0.46973642648875247,0.029185954934829804,0.5010776185764179
0.5,0.46186986411197983,0.04548316850621703,0.49264696738180325
0.52,0.4540033017352072,0.06178038207760426,0.48421631618718863
0.54,0.44613673935843456,0.07807759564899149,0.475785664992574
0.56,0.43827017698166193,0.09437480922037872,0.4673550137979594
0.58,0.4304036146048893,0.11067202279176594,0.4589243626033448
0.6,0.42253705222811666,0.12696923636315316,0.4504937114087302
0.62,0.4146704898513441,0.1432664499345404,0.4420630602141156
0.64,0.40680392747457145,0.15956366350592763,0.433632409019501
0.66,0.3989373650977988,0.17586087707731485,0.4252017578248864
0.68,0.3910708027210262,0.19215809064870207,0.4167711066302718
0.7000000000000001,0.38320424034425354,0.20845530422008932,0.40834045543565717
0.72,0.3753376779674809,0.22475251779147654,0.39990980424104255
0.74,0.3674711155907083,0.24104973136286376,0.39147915304642794
0.76,0.35960455321393564,0.257346944934251,0.38304850185181333
0.78,0.35173799083716306,0.2736441585056382,0.37461785065719877
0.8,0.3438714284603904,0.2899413720770254,0.36618719946258416
0.8200000000000001,0.3360048660836178,0.30623858564841266,0.35775654826796954
0.84,0.32813830370684516,0.32253579921979986,0.34932589707335493
0.86,0.3202717413300725,0.3388330127911871,0.3408952458787403
0.88,0.3124051789532999,0.35513022636257435,0.3324645946841257
0.9,0.3124051789532999,0.35513022636257435,0.3324645946841257
0.92,0.3124051789532999,0.35513022636257435,0.3324645946841257
0.9400000000000001,0.3124051789532999,0.35513022636257435,0.3324645946841257
0.96,0.3124051789532999,0.35513022636257435,0.3324645946841257
0.98,0.3124051789532999,0.35513022636257435,0.3324645946841257
1.0,0.3124051789532999,0.35513022636257435,0.3324645946841257
