fraction_of_volc,OH,H2O2,TMI
0.0,0.22202544351294276,0.695510040049425,0.08246451643763233
0.02,0.22202544351294276,0.695510040049425,0.08246451643763233
0.04,0.22202544351294276,0.695510040049425,0.08246451643763233
0.06,0.22202544351294276,0.695510040049425,0.08246451643763233
0.08,0.22202544351294276,0.695510040049425,0.08246451643763233
0.1,0.22202544351294276,0.695510040049425,0.08246451643763233
0.12,0.22202544351294276,0.695510040049425,0.08246451643763233
0.14,0.22202544351294276,0.695510040049425,0.08246451643763233
0.16,0.22202544351294276,0.695510040049425,0.08246451643763233
0.18,0.22202544351294276,0.695510040049425,0.08246451643763233
0.2,0.22202544351294276,0.695510040049425,0.08246451643763233
0.22,0.22202544351294276,0.695510040049425,0.08246451643763233
0.24,0.22202544351294276,0.695510040049425,0.08246451643763233
0.26,0.22202544351294276,0.695510040049425,0.08246451643763233
0.28,0.22202544351294276,0.695510040049425,0.08246451643763233
0.3,0.22202544351294276,0.695510040049425,0.08246451643763233
0.32,0.22202544351294276,0.695510040049425,0.08246451643763233
0.34,0.22202544351294276,0.695510040049425,0.08246451643763233
0.36,0.22202544351294276,0.695510040049425,0.08246451643763233
0.38,0.22202544351294276,0.695510040049425,0.08246451643763233
0.4,0.22202544351294276,0.695510040049425,0.08246451643763233
0.42,0.22202544351294276,0.695510040049425,0.08246451643763233
0.44,0.20406335110774304,0.6843647629256364,0.11157188596662061
0.46,0.18610125870254332,0.6732194858018478,0.1406792554956089
0.48,0.1681391662973436,0.6620742086780592,0.16978662502459718
0.5,0.15017707389214385,0.6509289315542707,0.19889399455358547
0.52,0.13221498148694416,0.6397836544304821,0.22800136408257374
0.54,0.11425288908174441,0.6286383773066935,0.25710873361156206
0.56,0.0962907966765447,0.6174931001829049,0.2862161031405503
0.58,0.0962907966765447,0.6174931001829049,0.2862161031405503
0.6,0.0962907966765447,0.6174931001829049,0.2862161031405503
0.62,0.0962907966765447,0.6174931001829049,0.2862161031405503
0.64,0.0962907966765447,0.6174931001829049,0.2862161031405503
0.66,0.0962907966765447,0.6174931001829049,0.2862161031405503
0.68,0.0962907966765447,0.6174931001829049,0.2862161031405503
0.7000000000000001,0.0962907966765447,0.6174931001829049,0.2862161031405503
0.72,0.0962907966765447,0.6174931001829049,0.2862161031405503
0.74,0.0962907966765447,0.6174931001829049,0.2862161031405503
0.76,0.0962907966765447,0.6174931001829049,0.2862161031405503
0.78,0.0962907966765447,0.6174931001829049,0.2862161031405503
0.8,0.0962907966765447,0.6174931001829049,0.2862161031405503
0.8200000000000001,0.0962907966765447,0.6174931001829049,0.2862161031405503
0.84,0.0962907966765447,0.6174931001829049,0.2862161031405503
0.86,0.0962907966765447,0.6174931001829049,0.2862161031405503
0.88,0.0962907966765447,0.6174931001829049,0.2862161031405503
0.9,0.0962907966765447,0.6174931001829049,0.2862161031405503
0.92,0.0962907966765447,0.6174931001829049,0.2862161031405503
0.9400000000000001,0.0962907966765447,0.6174931001829049,0.2862161031405503
0.96,0.0962907966765447,0.6174931001829049,0.2862161031405503
0.98,0.0962907966765447,0.6174931001829049,0.2862161031405503
1.0,0.0962907966765447,0.6174931001829049,0.2862161031405503
