fraction_of_volc,OH,H2O2,TMI
0.0,0.09912785433827698,0.16091344058345466,0.7399587050782683
0.02,0.09912785433827698,0.16091344058345466,0.7399587050782683
0.04,0.09912785433827698,0.16091344058345466,0.7399587050782683
0.06,0.09912785433827698,0.16091344058345466,0.7399587050782683
0.08,0.09912785433827698,0.16091344058345466,0.7399587050782683
0.1,0.10838187083791631,0.16349153179840484,0.7281265973636788
0.12,0.11763588733755566,0.16606962301335504,0.7162944896490893
0.14,0.126889903837195,0.1686477142283052,0.7044623819344997
0.16,0.13614392033683434,0.17122580544325539,0.6926302742199103
0.18,0.14539793683647367,0.17380389665820556,0.6807981665053208
0.2,0.15465195333611303,0.17638198787315576,0.6689660587907312
0.22,0.16390596983575237,0.17896007908810593,0.6571339510761417
0.24,0.1731599863353917,0.1815381703030561,0.6453018433615522
0.26,0.18241400283503104,0.18411626151800628,0.6334697356469626
0.28,0.19166801933467037,0.18669435273295648,0.6216376279323731
0.3,0.20092203583430973,0.18927244394790665,0.6098055202177837
0.32,0.21017605233394906,0.19185053516285683,0.5979734125031941
0.34,0.2194300688335884,0.194428626377807,0.5861413047886046
0.36,0.22868408533322776,0.1970067175927572,0.5743091970740151
0.38,0.2379381018328671,0.19958480880770738,0.5624770893594255
0.4,0.24719211833250643,0.20216290002265755,0.550644981644836
0.42,0.25644613483214573,0.20474099123760775,0.5388128739302465
0.44,0.2657001513317851,0.20731908245255792,0.5269807662156569
0.46,0.27495416783142446,0.2098971736675081,0.5151486585010675
0.48,0.28420818433106376,0.21247526488245827,0.503316550786478
0.5,0.2934622008307031,0.21505335609740844,0.49148444307188843
0.52,0.3027162173303425,0.21763144731235864,0.4796523353572989
0.54,0.3119702338299818,0.22020953852730882,0.46782022764270936
0.56,0.32122425032962115,0.22278762974225902,0.4559881199281199
0.58,0.3304782668292605,0.2253657209572092,0.44415601221353035
0.6,0.3397322833288998,0.22794381217215937,0.4323239044989408
0.62,0.3489862998285392,0.23052190338710954,0.42049179678435133
0.64,0.35824031632817854,0.2330999946020597,0.4086596890697618
0.66,0.36749433282781785,0.23567808581700989,0.39682758135517227
0.68,0.3767483493274572,0.2382561770319601,0.38499547364058273
0.7000000000000001,0.3860023658270965,0.24083426824691026,0.37316336592599325
0.72,0.3860023658270965,0.24083426824691026,0.37316336592599325
0.74,0.3860023658270965,0.24083426824691026,0.37316336592599325
0.76,0.3860023658270965,0.24083426824691026,0.37316336592599325
0.78,0.3860023658270965,0.24083426824691026,0.37316336592599325
0.8,0.3860023658270965,0.24083426824691026,0.37316336592599325
0.8200000000000001,0.3860023658270965,0.24083426824691026,0.37316336592599325
0.84,0.3860023658270965,0.24083426824691026,0.37316336592599325
0.86,0.3860023658270965,0.24083426824691026,0.37316336592599325
0.88,0.3860023658270965,0.24083426824691026,0.37316336592599325
0.9,0.3860023658270965,0.24083426824691026,0.37316336592599325
0.92,0.3860023658270965,0.24083426824691026,0.37316336592599325
0.9400000000000001,0.3860023658270965,0.24083426824691026,0.37316336592599325
0.96,0.3860023658270965,0.24083426824691026,0.37316336592599325
0.98,0.3860023658270965,0.24083426824691026,0.37316336592599325
1.0,0.3860023658270965,0.24083426824691026,0.37316336592599325
