fraction_of_volc,OH,H2O2,TMI
0.0,0.8430523435915815,0.014029798241836845,0.1429178581665816
0.02,0.8430523435915815,0.014029798241836845,0.1429178581665816
0.04,0.8430523435915815,0.014029798241836845,0.1429178581665816
0.06,0.8430523435915815,0.014029798241836845,0.1429178581665816
0.08,0.8430523435915815,0.014029798241836845,0.1429178581665816
0.1,0.8430523435915815,0.014029798241836845,0.1429178581665816
0.12,0.8430523435915815,0.014029798241836845,0.1429178581665816
0.14,0.8430523435915815,0.014029798241836845,0.1429178581665816
0.16,0.8430523435915815,0.014029798241836845,0.1429178581665816
0.18,0.8430523435915815,0.014029798241836845,0.1429178581665816
0.2,0.8430523435915815,0.014029798241836845,0.1429178581665816
0.22,0.8430523435915815,0.014029798241836845,0.1429178581665816
0.24,0.8430523435915815,0.014029798241836845,0.1429178581665816
0.26,0.8430523435915815,0.014029798241836845,0.1429178581665816
0.28,0.8430523435915815,0.014029798241836845,0.1429178581665816
0.3,0.8430523435915815,0.014029798241836845,0.1429178581665816
0.32,0.8430523435915815,0.014029798241836845,0.1429178581665816
0.34,0.8430523435915815,0.014029798241836845,0.1429178581665816
0.36,0.8430523435915815,0.014029798241836845,0.1429178581665816
0.38,0.8430523435915815,0.014029798241836845,0.1429178581665816
0.4,0.8430523435915815,0.014029798241836845,0.1429178581665816
0.42,0.8430523435915815,0.014029798241836845,0.1429178581665816
0.44,0.7858982891609178,0.0619279530583157,0.15217375778076653
0.46,0.728744234730254,0.10982610787479455,0.1614296573949515
0.48,0.6715901802995902,0.1577242626912734,0.17068555700913643
0.5,0.6144361258689264,0.20562241750775226,0.17994145662332137
0.52,0.5572820714382626,0.25352057232423114,0.18919735623750633
0.54,0.5001280170075988,0.30141872714071,0.19845325585169127
0.56,0.442973962576935,0.34931688195718885,0.2077091554658762
0.58,0.3858199081462712,0.3972150367736677,0.21696505508006114
0.6,0.3286658537156074,0.44511319159014656,0.2262209546942461
0.62,0.2715117992849436,0.4930113464066254,0.23547685430843104
0.64,0.21435774485427983,0.5409095012231042,0.244732753922616
0.66,0.15720369042361607,0.5888076560395831,0.25398865353680095
0.68,0.15720369042361607,0.5888076560395831,0.25398865353680095
0.7000000000000001,0.15720369042361607,0.5888076560395831,0.25398865353680095
0.72,0.15720369042361607,0.5888076560395831,0.25398865353680095
0.74,0.15720369042361607,0.5888076560395831,0.25398865353680095
0.76,0.15720369042361607,0.5888076560395831,0.25398865353680095
0.78,0.15720369042361607,0.5888076560395831,0.25398865353680095
0.8,0.15720369042361607,0.5888076560395831,0.25398865353680095
0.8200000000000001,0.15720369042361607,0.5888076560395831,0.25398865353680095
0.84,0.15720369042361607,0.5888076560395831,0.25398865353680095
0.86,0.15720369042361607,0.5888076560395831,0.25398865353680095
0.88,0.15720369042361607,0.5888076560395831,0.25398865353680095
0.9,0.15720369042361607,0.5888076560395831,0.25398865353680095
0.92,0.15720369042361607,0.5888076560395831,0.25398865353680095
0.9400000000000001,0.15720369042361607,0.5888076560395831,0.25398865353680095
0.96,0.15720369042361607,0.5888076560395831,0.25398865353680095
0.98,0.15720369042361607,0.5888076560395831,0.25398865353680095
1.0,0.15720369042361607,0.5888076560395831,0.25398865353680095
