fraction_of_volc,OH,H2O2,TMI
0.0,0.3561075782396167,0.5009764123070852,0.1429160094532982
0.02,0.3561075782396167,0.5009764123070852,0.1429160094532982
0.04,0.3561075782396167,0.5009764123070852,0.1429160094532982
0.06,0.3561075782396167,0.5009764123070852,0.1429160094532982
0.08,0.3561075782396167,0.5009764123070852,0.1429160094532982
0.1,0.3561075782396167,0.5009764123070852,0.1429160094532982
0.12,0.3561075782396167,0.5009764123070852,0.1429160094532982
0.14,0.3561075782396167,0.5009764123070852,0.1429160094532982
0.16,0.3630008546687151,0.49525177434460177,0.14174737098668322
0.18,0.3698941310978135,0.4895271363821183,0.14057873252006825
0.2,0.3767874075269119,0.48380249841963485,0.1394100940534533
0.22,0.38368068395601035,0.47807786045715145,0.13824145558683834
0.24,0.3905739603851088,0.472353222494668,0.13707281712022337
0.26,0.39746723681420715,0.46662858453218453,0.1359041786536084
0.28,0.4043605132433056,0.4609039465697011,0.13473554018699344
0.3,0.411253789672404,0.4551793086072176,0.13356690172037847
0.32,0.41814706610150243,0.44945467064473416,0.13239826325376353
0.34,0.4250403425306008,0.44373003268225075,0.13122962478714856
0.36,0.43193361895969923,0.4380053947197673,0.1300609863205336
0.38,0.43882689538879766,0.43228075675728383,0.12889234785391862
0.4,0.445720171817896,0.4265561187948004,0.12772370938730365
0.42,0.45261344824699445,0.4208314808323169,0.12655507092068868
0.44,0.4595067246760929,0.41510684286983346,0.12538643245407374
0.46,0.4664000011051913,0.40938220490735,0.12421779398745877
0.48,0.47329327753428974,0.4036575669448666,0.1230491555208438
0.5,0.4801865539633881,0.39793292898238314,0.12188051705422884
0.52,0.48707983039248653,0.3922082910198997,0.12071187858761388
0.54,0.4939731068215849,0.3864836530574162,0.11954324012099891
0.56,0.5008663832506833,0.38075901509493276,0.11837460165438396
0.58,0.5077596596797818,0.37503437713244936,0.11720596318776899
0.6,0.5146529361088802,0.3693097391699659,0.11603732472115402
0.62,0.5215462125379786,0.36358510120748244,0.11486868625453905
0.64,0.528439488967077,0.357860463244999,0.1137000477879241
0.66,0.5353327653961755,0.3521358252825155,0.11253140932130913
0.68,0.5422260418252738,0.34641118732003207,0.11136277085469418
0.7000000000000001,0.5491193182543722,0.3406865493575486,0.11019413238807921
0.72,0.5560125946834706,0.33496191139506515,0.10902549392146424
0.74,0.5629058711125691,0.3292372734325817,0.10785685545484928
0.76,0.5697991475416675,0.3235126354700983,0.10668821698823432
0.78,0.5697991475416675,0.3235126354700983,0.10668821698823432
0.8,0.5697991475416675,0.3235126354700983,0.10668821698823432
0.8200000000000001,0.5697991475416675,0.3235126354700983,0.10668821698823432
0.84,0.5697991475416675,0.3235126354700983,0.10668821698823432
0.86,0.5697991475416675,0.3235126354700983,0.10668821698823432
0.88,0.5697991475416675,0.3235126354700983,0.10668821698823432
0.9,0.5697991475416675,0.3235126354700983,0.10668821698823432
0.92,0.5697991475416675,0.3235126354700983,0.10668821698823432
0.9400000000000001,0.5697991475416675,0.3235126354700983,0.10668821698823432
0.96,0.5697991475416675,0.3235126354700983,0.10668821698823432
0.98,0.5697991475416675,0.3235126354700983,0.10668821698823432
1.0,0.5697991475416675,0.3235126354700983,0.10668821698823432
