fraction_of_volc,OH,H2O2,TMI
0.0,0.17985410463950216,0.19884991863704124,0.6212959767234565
0.02,0.17985410463950216,0.19884991863704124,0.6212959767234565
0.04,0.17985410463950216,0.19884991863704124,0.6212959767234565
0.06,0.17985410463950216,0.19884991863704124,0.6212959767234565
0.08,0.17985410463950216,0.19884991863704124,0.6212959767234565
0.1,0.17985410463950216,0.19884991863704124,0.6212959767234565
0.12,0.17985410463950216,0.19884991863704124,0.6212959767234565
0.14,0.17985410463950216,0.19884991863704124,0.6212959767234565
0.16,0.17985410463950216,0.19884991863704124,0.6212959767234565
0.18,0.17985410463950216,0.19884991863704124,0.6212959767234565
0.2,0.17985410463950216,0.19884991863704124,0.6212959767234565
0.22,0.17985410463950216,0.19884991863704124,0.6212959767234565
0.24,0.19511716401242732,0.19226589502512614,0.6126169409624465
0.26,0.2103802233853525,0.18568187141321102,0.6039379052014364
0.28,0.22564328275827766,0.17909784780129592,0.5952588694404264
0.3,0.24090634213120285,0.1725138241893808,0.5865798336794164
0.32,0.25616940150412804,0.1659298005774657,0.5779007979184062
0.34,0.2714324608770532,0.15934577696555058,0.5692217621573962
0.36,0.28669552024997835,0.15276175335363548,0.5605427263963861
0.38,0.3019585796229035,0.14617772974172036,0.5518636906353761
0.4,0.31722163899582867,0.13959370612980526,0.5431846548743661
0.42,0.33248469836875383,0.13300968251789014,0.534505619113356
0.44,0.34774775774167904,0.12642565890597504,0.525826583352346
0.46,0.3630108171146042,0.11984163529405993,0.5171475475913359
0.48,0.3782738764875294,0.11325761168214482,0.5084685118303258
0.5,0.3935369358604546,0.10667358807022971,0.4997894760693158
0.52,0.40879999523337973,0.1000895644583146,0.49111044030830575
0.54,0.4240630546063049,0.09350554084639949,0.4824314045472957
0.56,0.43932611397923005,0.08692151723448438,0.4737523687862857
0.58,0.4545891733521552,0.08033749362256927,0.46507333302527565
0.6,0.4698522327250804,0.07375347001065416,0.45639429726426556
0.62,0.4698522327250804,0.07375347001065416,0.45639429726426556
0.64,0.4698522327250804,0.07375347001065416,0.45639429726426556
0.66,0.4698522327250804,0.07375347001065416,0.45639429726426556
0.68,0.4698522327250804,0.07375347001065416,0.45639429726426556
0.7000000000000001,0.4698522327250804,0.07375347001065416,0.45639429726426556
0.72,0.4698522327250804,0.07375347001065416,0.45639429726426556
0.74,0.4698522327250804,0.07375347001065416,0.45639429726426556
0.76,0.4698522327250804,0.07375347001065416,0.45639429726426556
0.78,0.4698522327250804,0.07375347001065416,0.45639429726426556
0.8,0.4698522327250804,0.07375347001065416,0.45639429726426556
0.8200000000000001,0.4698522327250804,0.07375347001065416,0.45639429726426556
0.84,0.4698522327250804,0.07375347001065416,0.45639429726426556
0.86,0.4698522327250804,0.07375347001065416,0.45639429726426556
0.88,0.4698522327250804,0.07375347001065416,0.45639429726426556
0.9,0.4698522327250804,0.07375347001065416,0.45639429726426556
0.92,0.4698522327250804,0.07375347001065416,0.45639429726426556
0.9400000000000001,0.4698522327250804,0.07375347001065416,0.45639429726426556
0.96,0.4698522327250804,0.07375347001065416,0.45639429726426556
0.98,0.4698522327250804,0.07375347001065416,0.45639429726426556
1.0,0.4698522327250804,0.07375347001065416,0.45639429726426556
