fraction_of_volc,OH,H2O2,TMI
0.0,0.09679235948933756,0.27324081165090197,0.6299668288597604
0.02,0.09679235948933756,0.27324081165090197,0.6299668288597604
0.04,0.09679235948933756,0.27324081165090197,0.6299668288597604
0.06,0.09679235948933756,0.27324081165090197,0.6299668288597604
0.08,0.09679235948933756,0.27324081165090197,0.6299668288597604
0.1,0.09679235948933756,0.27324081165090197,0.6299668288597604
0.12,0.09679235948933756,0.27324081165090197,0.6299668288597604
0.14,0.09679235948933756,0.27324081165090197,0.6299668288597604
0.16,0.09679235948933756,0.27324081165090197,0.6299668288597604
0.18,0.09679235948933756,0.27324081165090197,0.6299668288597604
0.2,0.09679235948933756,0.27324081165090197,0.6299668288597604
0.22,0.09679235948933756,0.27324081165090197,0.6299668288597604
0.24,0.09679235948933756,0.27324081165090197,0.6299668288597604
0.26,0.09679235948933756,0.27324081165090197,0.6299668288597604
0.28,0.12203747503002016,0.2616569115375652,0.6163056134324145
0.3,0.14728259057070275,0.25007301142422844,0.6026443980050687
0.32,0.17252770611138535,0.23848911131089168,0.5889831825777229
0.34,0.19777282165206794,0.22690521119755494,0.5753219671503771
0.36,0.22301793719275056,0.21532131108421818,0.5616607517230312
0.38,0.24826305273343316,0.2037374109708814,0.5479995362956854
0.4,0.2735081682741157,0.19215351085754467,0.5343383208683395
0.42,0.2987532838147984,0.1805696107442079,0.5206771054409938
0.44,0.3239983993554809,0.16898571063087114,0.5070158900136479
0.46,0.34924351489616356,0.15740181051753438,0.4933546745863021
0.48,0.37448863043684616,0.14581791040419761,0.4796934591589562
0.5,0.39973374597752875,0.13423401029086085,0.4660322437316104
0.52,0.42497886151821135,0.12265011017752409,0.45237102830426457
0.54,0.45022397705889394,0.11106621006418735,0.43870981287691874
0.56,0.45022397705889394,0.11106621006418735,0.43870981287691874
0.58,0.45022397705889394,0.11106621006418735,0.43870981287691874
0.6,0.45022397705889394,0.11106621006418735,0.43870981287691874
0.62,0.45022397705889394,0.11106621006418735,0.43870981287691874
0.64,0.45022397705889394,0.11106621006418735,0.43870981287691874
0.66,0.45022397705889394,0.11106621006418735,0.43870981287691874
0.68,0.45022397705889394,0.11106621006418735,0.43870981287691874
0.7000000000000001,0.45022397705889394,0.11106621006418735,0.43870981287691874
0.72,0.45022397705889394,0.11106621006418735,0.43870981287691874
0.74,0.45022397705889394,0.11106621006418735,0.43870981287691874
0.76,0.45022397705889394,0.11106621006418735,0.43870981287691874
0.78,0.45022397705889394,0.11106621006418735,0.43870981287691874
0.8,0.45022397705889394,0.11106621006418735,0.43870981287691874
0.8200000000000001,0.45022397705889394,0.11106621006418735,0.43870981287691874
0.84,0.45022397705889394,0.11106621006418735,0.43870981287691874
0.86,0.45022397705889394,0.11106621006418735,0.43870981287691874
0.88,0.45022397705889394,0.11106621006418735,0.43870981287691874
0.9,0.45022397705889394,0.11106621006418735,0.43870981287691874
0.92,0.45022397705889394,0.11106621006418735,0.43870981287691874
0.9400000000000001,0.45022397705889394,0.11106621006418735,0.43870981287691874
0.96,0.45022397705889394,0.11106621006418735,0.43870981287691874
0.98,0.45022397705889394,0.11106621006418735,0.43870981287691874
1.0,0.45022397705889394,0.11106621006418735,0.43870981287691874
