fraction_of_volc,OH,H2O2,TMI
0.0,0.41183077858971745,0.4414075301375324,0.14676169127275016
0.02,0.41183077858971745,0.4414075301375324,0.14676169127275016
0.04,0.41183077858971745,0.4414075301375324,0.14676169127275016
0.06,0.41183077858971745,0.4414075301375324,0.14676169127275016
0.08,0.41183077858971745,0.4414075301375324,0.14676169127275016
0.1,0.41183077858971745,0.4414075301375324,0.14676169127275016
0.12,0.41183077858971745,0.4414075301375324,0.14676169127275016
0.14,0.41183077858971745,0.4414075301375324,0.14676169127275016
0.16,0.41183077858971745,0.4414075301375324,0.14676169127275016
0.18,0.41183077858971745,0.4414075301375324,0.14676169127275016
0.2,0.38507515802194053,0.4360842974995369,0.1788405444785226
0.22,0.35831953745416356,0.4307610648615414,0.21091939768429502
0.24,0.33156391688638664,0.425437832223546,0.24299825089006744
0.26,0.30480829631860973,0.4201145995855505,0.27507710409583985
0.28,0.2780526757508328,0.414791366947555,0.30715595730161227
0.3,0.25129705518305584,0.4094681343095595,0.33923481050738474
0.32,0.22454143461527892,0.40414490167156397,0.3713136637131572
0.34,0.19778581404750198,0.3988216690335685,0.40339251691892963
0.36,0.17103019347972503,0.393498436395573,0.43547137012470205
0.38,0.14427457291194812,0.3881752037575775,0.46755022333047447
0.4,0.1175189523441712,0.382851971119582,0.4996290765362469
0.42,0.09076333177639423,0.3775287384815865,0.5317079297420193
0.44,0.06400771120861731,0.3722055058435911,0.5637867829477917
0.46,0.037252090640840396,0.3668822732055956,0.5958656361535642
0.48,0.0104964700730634,0.3615590405676001,0.6279444893593367
0.5,0.0104964700730634,0.3615590405676001,0.6279444893593367
0.52,0.0104964700730634,0.3615590405676001,0.6279444893593367
0.54,0.0104964700730634,0.3615590405676001,0.6279444893593367
0.56,0.0104964700730634,0.3615590405676001,0.6279444893593367
0.58,0.0104964700730634,0.3615590405676001,0.6279444893593367
0.6,0.0104964700730634,0.3615590405676001,0.6279444893593367
0.62,0.0104964700730634,0.3615590405676001,0.6279444893593367
0.64,0.0104964700730634,0.3615590405676001,0.6279444893593367
0.66,0.0104964700730634,0.3615590405676001,0.6279444893593367
0.68,0.0104964700730634,0.3615590405676001,0.6279444893593367
0.7000000000000001,0.0104964700730634,0.3615590405676001,0.6279444893593367
0.72,0.0104964700730634,0.3615590405676001,0.6279444893593367
0.74,0.0104964700730634,0.3615590405676001,0.6279444893593367
0.76,0.0104964700730634,0.3615590405676001,0.6279444893593367
0.78,0.0104964700730634,0.3615590405676001,0.6279444893593367
0.8,0.0104964700730634,0.3615590405676001,0.6279444893593367
0.8200000000000001,0.0104964700730634,0.3615590405676001,0.6279444893593367
0.84,0.0104964700730634,0.3615590405676001,0.6279444893593367
0.86,0.0104964700730634,0.3615590405676001,0.6279444893593367
0.88,0.0104964700730634,0.3615590405676001,0.6279444893593367
0.9,0.0104964700730634,0.3615590405676001,0.6279444893593367
0.92,0.0104964700730634,0.3615590405676001,0.6279444893593367
0.9400000000000001,0.0104964700730634,0.3615590405676001,0.6279444893593367
0.96,0.0104964700730634,0.3615590405676001,0.6279444893593367
0.98,0.0104964700730634,0.3615590405676001,0.6279444893593367
1.0,0.0104964700730634,0.3615590405676001,0.6279444893593367
