fraction_of_volc,OH,H2O2,TMI
0.0,0.5964758220646089,0.10625033481720478,0.2972738431181864
0.02,0.5964758220646089,0.10625033481720478,0.2972738431181864
0.04,0.5964758220646089,0.10625033481720478,0.2972738431181864
0.06,0.5915081003193956,0.10630632710033329,0.3021855725802711
0.08,0.5865403785741824,0.10636231938346179,0.3070973020423559
0.1,0.5815726568289692,0.1064183116665903,0.31200903150444065
0.12,0.5766049350837559,0.10647430394971881,0.3169207609665254
0.14,0.5716372133385426,0.10653029623284732,0.3218324904286102
0.16,0.5666694915933294,0.10658628851597582,0.3267442198906949
0.18,0.5617017698481162,0.10664228079910433,0.33165594935277964
0.2,0.5567340481029028,0.10669827308223284,0.3365676788148644
0.22,0.5517663263576895,0.10675426536536135,0.34147940827694917
0.24,0.5467986046124763,0.10681025764848985,0.3463911377390339
0.26,0.5418308828672631,0.10686624993161836,0.3513028672011187
0.28,0.5368631611220498,0.10692224221474687,0.35621459666320343
0.3,0.5318954393768365,0.10697823449787537,0.36112632612528817
0.32,0.5269277176316233,0.10703422678100388,0.3660380555873729
0.34,0.5219599958864101,0.1070902190641324,0.3709497850494577
0.36,0.5169922741411968,0.1071462113472609,0.3758615145115424
0.38,0.5120245523959834,0.1072022036303894,0.38077324397362716
0.4,0.5070568306507702,0.10725819591351791,0.38568497343571195
0.42,0.502089108905557,0.10731418819664643,0.3905967028977967
0.44,0.4971213871603437,0.10737018047977494,0.3955084323598814
0.46,0.49215366541513045,0.10742617276290344,0.40042016182196616
0.48,0.4871859436699172,0.10748216504603195,0.40533189128405095
0.5,0.4822182219247039,0.10753815732916046,0.4102436207461357
0.52,0.47725050017949067,0.10759414961228896,0.4151553502082205
0.54,0.4722827784342774,0.10765014189541747,0.4200670796703052
0.56,0.46731505668906415,0.10770613417854598,0.42497880913238995
0.58,0.4623473349438509,0.10776212646167449,0.4298905385944747
0.6,0.4573796131986376,0.10781811874480299,0.43480226805655947
0.62,0.45241189145342436,0.1078741110279315,0.4397139975186442
0.64,0.4474441697082111,0.10793010331106001,0.444625726980729
0.66,0.44247644796299784,0.10798609559418852,0.44953745644281373
0.68,0.4375087262177846,0.10804208787731702,0.45444918590489847
0.7000000000000001,0.4325410044725713,0.10809808016044553,0.4593609153669832
0.72,0.42757328272735806,0.10815407244357404,0.46427264482906794
0.74,0.4226055609821448,0.10821006472670254,0.46918437429115273
0.76,0.41763783923693154,0.10826605700983105,0.47409610375323746
0.78,0.4126701174917183,0.10832204929295956,0.47900783321532225
0.8,0.407702395746505,0.10837804157608807,0.483919562677407
0.8200000000000001,0.40273467400129176,0.10843403385921657,0.4888312921394917
0.84,0.3977669522560785,0.10849002614234508,0.49374302160157646
0.86,0.39279923051086524,0.1085460184254736,0.49865475106366125
0.88,0.387831508765652,0.1086020107086021,0.503566480525746
0.9,0.3828637870204387,0.1086580029917306,0.5084782099878308
0.92,0.37789606527522546,0.10871399527485912,0.5133899394499155
0.9400000000000001,0.37789606527522546,0.10871399527485912,0.5133899394499155
0.96,0.37789606527522546,0.10871399527485912,0.5133899394499155
0.98,0.37789606527522546,0.10871399527485912,0.5133899394499155
1.0,0.37789606527522546,0.10871399527485912,0.5133899394499155
