fraction_of_volc,OH,H2O2,TMI
0.0,0.06192950686306111,0.8740103472872504,0.06406014584968867
0.02,0.06192950686306111,0.8740103472872504,0.06406014584968867
0.04,0.06192950686306111,0.8740103472872504,0.06406014584968867
0.06,0.06192950686306111,0.8740103472872504,0.06406014584968867
0.08,0.06192950686306111,0.8740103472872504,0.06406014584968867
0.1,0.06192950686306111,0.8740103472872504,0.06406014584968867
0.12,0.06192950686306111,0.8740103472872504,0.06406014584968867
0.14,0.06192950686306111,0.8740103472872504,0.06406014584968867
0.16,0.06192950686306111,0.8740103472872504,0.06406014584968867
0.18,0.06192950686306111,0.8740103472872504,0.06406014584968867
0.2,0.06192950686306111,0.8740103472872504,0.06406014584968867
0.22,0.06192950686306111,0.8740103472872504,0.06406014584968867
0.24,0.06192950686306111,0.8740103472872504,0.06406014584968867
0.26,0.06192950686306111,0.8740103472872504,0.06406014584968867
0.28,0.06192950686306111,0.8740103472872504,0.06406014584968867
0.3,0.06192950686306111,0.8740103472872504,0.06406014584968867
0.32,0.06192950686306111,0.8740103472872504,0.06406014584968867
0.34,0.06192950686306111,0.8740103472872504,0.06406014584968867
0.36,0.06192950686306111,0.8740103472872504,0.06406014584968867
0.38,0.06192950686306111,0.8740103472872504,0.06406014584968867
0.4,0.09686771659684057,0.8401405704035998,0.06299171299955979
0.42,0.13180592633062002,0.8062707935199492,0.0619232801494309
0.44,0.16674413606439947,0.7724010166362987,0.06085484729930202
0.46,0.20168234579817892,0.738531239752648,0.05978641444917313
0.48,0.23662055553195838,0.7046614628689976,0.05871798159904425
0.5,0.2715587652657378,0.6707916859853469,0.05764954874891537
0.52,0.3064969749995173,0.6369219091016963,0.056581115898786484
0.54,0.3414351847332967,0.6030521322180458,0.0555126830486576
0.56,0.3763733944670762,0.5691823553343952,0.05444425019852872
0.58,0.4113116042008556,0.5353125784507446,0.053375817348399836
0.6,0.44624981393463503,0.501442801567094,0.05230738449827095
0.62,0.4811880236684145,0.46757302468344347,0.05123895164814207
0.64,0.516126233402194,0.4337032477997929,0.05017051879801319
0.66,0.5510644431359735,0.3998334709161423,0.0491020859478843
0.68,0.5860026528697528,0.36596369403249174,0.048033653097755424
0.7000000000000001,0.6209408626035323,0.3320939171488411,0.04696522024762654
0.72,0.6209408626035323,0.3320939171488411,0.04696522024762654
0.74,0.6209408626035323,0.3320939171488411,0.04696522024762654
0.76,0.6209408626035323,0.3320939171488411,0.04696522024762654
0.78,0.6209408626035323,0.3320939171488411,0.04696522024762654
0.8,0.6209408626035323,0.3320939171488411,0.04696522024762654
0.8200000000000001,0.6209408626035323,0.3320939171488411,0.04696522024762654
0.84,0.6209408626035323,0.3320939171488411,0.04696522024762654
0.86,0.6209408626035323,0.3320939171488411,0.04696522024762654
0.88,0.6209408626035323,0.3320939171488411,0.04696522024762654
0.9,0.6209408626035323,0.3320939171488411,0.04696522024762654
0.92,0.6209408626035323,0.3320939171488411,0.04696522024762654
0.9400000000000001,0.6209408626035323,0.3320939171488411,0.04696522024762654
0.96,0.6209408626035323,0.3320939171488411,0.04696522024762654
0.98,0.6209408626035323,0.3320939171488411,0.04696522024762654
1.0,0.6209408626035323,0.3320939171488411,0.04696522024762654
