fraction_of_volc,OH,H2O2,TMI
0.0,0.011097060866550403,0.35850034525153257,0.6304025938819172
0.02,0.011097060866550403,0.35850034525153257,0.6304025938819172
0.04,0.011097060866550403,0.35850034525153257,0.6304025938819172
0.06,0.011097060866550403,0.35850034525153257,0.6304025938819172
0.08,0.011097060866550403,0.35850034525153257,0.6304025938819172
0.1,0.011097060866550403,0.35850034525153257,0.6304025938819172
0.12,0.011097060866550403,0.35850034525153257,0.6304025938819172
0.14,0.011097060866550403,0.35850034525153257,0.6304025938819172
0.16,0.011097060866550403,0.35850034525153257,0.6304025938819172
0.18,0.011097060866550403,0.35850034525153257,0.6304025938819172
0.2,0.011097060866550403,0.35850034525153257,0.6304025938819172
0.22,0.011097060866550403,0.35850034525153257,0.6304025938819172
0.24,0.011097060866550403,0.35850034525153257,0.6304025938819172
0.26,0.011097060866550403,0.35850034525153257,0.6304025938819172
0.28,0.011097060866550403,0.35850034525153257,0.6304025938819172
0.3,0.011097060866550403,0.35850034525153257,0.6304025938819172
0.32,0.011097060866550403,0.35850034525153257,0.6304025938819172
0.34,0.011097060866550403,0.35850034525153257,0.6304025938819172
0.36,0.011097060866550403,0.35850034525153257,0.6304025938819172
0.38,0.011097060866550403,0.35850034525153257,0.6304025938819172
0.4,0.011097060866550403,0.35850034525153257,0.6304025938819172
0.42,0.011097060866550403,0.35850034525153257,0.6304025938819172
0.44,0.011097060866550403,0.35850034525153257,0.6304025938819172
0.46,0.011097060866550403,0.35850034525153257,0.6304025938819172
0.48,0.011097060866550403,0.35850034525153257,0.6304025938819172
0.5,0.011097060866550403,0.35850034525153257,0.6304025938819172
0.52,0.011097060866550403,0.35850034525153257,0.6304025938819172
0.54,0.011097060866550403,0.35850034525153257,0.6304025938819172
0.56,0.011097060866550403,0.35850034525153257,0.6304025938819172
0.58,0.011097060866550403,0.35850034525153257,0.6304025938819172
0.6,0.011097060866550403,0.35850034525153257,0.6304025938819172
0.62,0.011097060866550403,0.35850034525153257,0.6304025938819172
0.64,0.011097060866550403,0.35850034525153257,0.6304025938819172
0.66,0.011097060866550403,0.35850034525153257,0.6304025938819172
0.68,0.011097060866550403,0.35850034525153257,0.6304025938819172
0.7000000000000001,0.011097060866550403,0.35850034525153257,0.6304025938819172
0.72,0.011097060866550403,0.35850034525153257,0.6304025938819172
0.74,0.011097060866550403,0.35850034525153257,0.6304025938819172
0.76,0.011097060866550403,0.35850034525153257,0.6304025938819172
0.78,0.09346698486308543,0.34030349299564655,0.5662295221412682
0.8,0.17583690885962044,0.3221066407397606,0.5020564504006191
0.8200000000000001,0.2582068328561554,0.30390978848387457,0.43788337865997007
0.84,0.34057675685269045,0.28571293622798855,0.373710306919321
0.86,0.4229466808492255,0.2675160839721026,0.30953723517867193
0.88,0.5053166048457605,0.24931923171621656,0.24536416343802292
0.9,0.5876865288422956,0.23112237946033057,0.18119109169737377
0.92,0.5876865288422956,0.23112237946033057,0.18119109169737377
0.9400000000000001,0.5876865288422956,0.23112237946033057,0.18119109169737377
0.96,0.5876865288422956,0.23112237946033057,0.18119109169737377
0.98,0.5876865288422956,0.23112237946033057,0.18119109169737377
1.0,0.5876865288422956,0.23112237946033057,0.18119109169737377
