fraction_of_volc,OH,H2O2,TMI
0.0,0.0630502815902359,0.291023568960727,0.645926149449037
0.02,0.0630502815902359,0.291023568960727,0.645926149449037
0.04,0.0630502815902359,0.291023568960727,0.645926149449037
0.06,0.0630502815902359,0.291023568960727,0.645926149449037
0.08,0.0630502815902359,0.291023568960727,0.645926149449037
0.1,0.0630502815902359,0.291023568960727,0.645926149449037
0.12,0.0630502815902359,0.291023568960727,0.645926149449037
0.14,0.0630502815902359,0.291023568960727,0.645926149449037
0.16,0.0630502815902359,0.291023568960727,0.645926149449037
0.18,0.0630502815902359,0.291023568960727,0.645926149449037
0.2,0.08002008430284488,0.2854756547188414,0.6345042609783137
0.22,0.09698988701545386,0.2799277404769558,0.6230823725075904
0.24,0.11395968972806282,0.2743798262350702,0.6116604840368669
0.26,0.1309294924406718,0.26883191199318457,0.6002385955661436
0.28,0.14789929515328076,0.26328399775129896,0.5888167070954202
0.3,0.16486909786588974,0.25773608350941335,0.5773948186246969
0.32,0.18183890057849872,0.25218816926752774,0.5659729301539734
0.34,0.1988087032911077,0.24664025502564216,0.5545510416832501
0.36,0.21577850600371667,0.24109234078375655,0.5431291532125267
0.38,0.23274830871632565,0.23554442654187094,0.5317072647418034
0.4,0.24971811142893463,0.22999651229998536,0.52028537627108
0.42,0.2666879141415436,0.22444859805809975,0.5088634878003566
0.44,0.28365771685415253,0.21890068381621414,0.4974415993296333
0.46,0.30062751956676154,0.21335276957432853,0.48601971085890994
0.48,0.31759732227937054,0.20780485533244292,0.47459782238818654
0.5,0.3345671249919795,0.2022569410905573,0.46317593391746315
0.52,0.35153692770458844,0.1967090268486717,0.4517540454467398
0.54,0.36850673041719745,0.1911611126067861,0.44033215697601646
0.56,0.3854765331298064,0.18561319836490048,0.42891026850529307
0.58,0.4024463358424154,0.18006528412301487,0.4174883800345697
0.6,0.41941613855502435,0.17451736988112926,0.40606649156384633
0.62,0.43638594126763336,0.16896945563924368,0.394644603093123
0.64,0.4533557439802423,0.16342154139735807,0.3832227146223996
0.66,0.47032554669285126,0.15787362715547246,0.37180082615167626
0.68,0.48729534940546027,0.15232571291358685,0.36037893768095286
0.7000000000000001,0.5042651521180692,0.14677779867170124,0.3489570492102295
0.72,0.5212349548306783,0.14122988442981563,0.3375351607395061
0.74,0.5382047575432871,0.13568197018793005,0.3261132722687828
0.76,0.5551745602558962,0.13013405594604444,0.3146913837980594
0.78,0.5721443629685052,0.12458614170415883,0.30326949532733605
0.8,0.5891141656811141,0.11903822746227322,0.29184760685661265
0.8200000000000001,0.6060839683937231,0.1134903132203876,0.2804257183858893
0.84,0.623053771106332,0.107942398978502,0.26900382991516597
0.86,0.640023573818941,0.10239448473661639,0.2575819414444426
0.88,0.6569933765315501,0.09684657049473078,0.24616005297371923
0.9,0.6739631792441589,0.09129865625284518,0.23473816450299584
0.92,0.6739631792441589,0.09129865625284518,0.23473816450299584
0.9400000000000001,0.6739631792441589,0.09129865625284518,0.23473816450299584
0.96,0.6739631792441589,0.09129865625284518,0.23473816450299584
0.98,0.6739631792441589,0.09129865625284518,0.23473816450299584
1.0,0.6739631792441589,0.09129865625284518,0.23473816450299584
