fraction_of_volc,OH,H2O2,TMI
0.0,0.43800154439784705,0.2833885196782452,0.27860993592390776
0.02,0.43800154439784705,0.2833885196782452,0.27860993592390776
0.04,0.43800154439784705,0.2833885196782452,0.27860993592390776
0.06,0.43800154439784705,0.2833885196782452,0.27860993592390776
0.08,0.436399484167378,0.2833601318742942,0.2802403839583278
0.1,0.43479742393690896,0.2833317440703432,0.2818708319927478
0.12,0.4331953637064399,0.2833033562663922,0.2835012800271679
0.14,0.43159330347597086,0.2832749684624412,0.28513172806158793
0.16,0.4299912432455018,0.28324658065849023,0.28676217609600796
0.18,0.42838918301503276,0.28321819285453925,0.288392624130428
0.2,0.4267871227845637,0.2831898050505883,0.290023072164848
0.22,0.42518506255409466,0.28316141724663724,0.29165352019926805
0.24,0.4235830023236256,0.28313302944268626,0.2932839682336881
0.26,0.42198094209315656,0.2831046416387353,0.29491441626810816
0.28,0.4203788818626875,0.2830762538347843,0.2965448643025282
0.3,0.41877682163221847,0.2830478660308333,0.2981753123369482
0.32,0.4171747614017494,0.28301947822688234,0.29980576037136825
0.34,0.41557270117128037,0.2829910904229313,0.3014362084057883
0.36,0.4139706409408113,0.2829627026189803,0.30306665644020836
0.38,0.41236858071034227,0.28293431481502934,0.3046971044746284
0.4,0.4107665204798732,0.28290592701107836,0.3063275525090484
0.42,0.40916446024940417,0.2828775392071274,0.30795800054346845
0.44,0.4075624000189351,0.28284915140317635,0.3095884485778885
0.46,0.40596033978846613,0.28282076359922537,0.3112188966123085
0.48,0.4043582795579971,0.2827923757952744,0.31284934464672853
0.5,0.40275621932752803,0.2827639879913234,0.3144797926811486
0.52,0.401154159097059,0.2827356001873724,0.31611024071556865
0.54,0.39955209886658993,0.2827072123834214,0.3177406887499887
0.56,0.3979500386361209,0.2826788245794704,0.3193711367844087
0.58,0.39634797840565184,0.28265043677551943,0.32100158481882873
0.6,0.3947459181751828,0.28262204897156845,0.3226320328532488
0.62,0.39314385794471374,0.28259366116761747,0.32426248088766885
0.64,0.3915417977142447,0.28256527336366644,0.3258929289220889
0.66,0.38993973748377564,0.28253688555971546,0.3275233769565089
0.68,0.3883376772533066,0.2825084977557645,0.32915382499092893
0.7000000000000001,0.38673561702283754,0.2824801099518135,0.33078427302534896
0.72,0.3851335567923685,0.2824517221478625,0.332414721059769
0.74,0.38353149656189944,0.28242333434391154,0.3340451690941891
0.76,0.3819294363314304,0.2823949465399605,0.3356756171286091
0.78,0.38032737610096135,0.2823665587360095,0.33730606516302913
0.8,0.3787253158704923,0.28233817093205854,0.33893651319744916
0.8200000000000001,0.37712325564002325,0.28230978312810756,0.3405669612318692
0.84,0.3755211954095542,0.2822813953241566,0.3421974092662893
0.86,0.37391913517908515,0.28225300752020555,0.3438278573007093
0.88,0.3723170749486161,0.28222461971625457,0.34545830533512933
0.9,0.37071501471814705,0.2821962319123036,0.34708875336954936
0.92,0.37071501471814705,0.2821962319123036,0.34708875336954936
0.9400000000000001,0.37071501471814705,0.2821962319123036,0.34708875336954936
0.96,0.37071501471814705,0.2821962319123036,0.34708875336954936
0.98,0.37071501471814705,0.2821962319123036,0.34708875336954936
1.0,0.37071501471814705,0.2821962319123036,0.34708875336954936
