fraction_of_volc,OH,H2O2,TMI
0.0,0.76481621219341,0.1931222263881129,0.042061561418476966
0.02,0.76481621219341,0.1931222263881129,0.042061561418476966
0.04,0.76481621219341,0.1931222263881129,0.042061561418476966
0.06,0.76481621219341,0.1931222263881129,0.042061561418476966
0.08,0.76481621219341,0.1931222263881129,0.042061561418476966
0.1,0.76481621219341,0.1931222263881129,0.042061561418476966
0.12,0.76481621219341,0.1931222263881129,0.042061561418476966
0.14,0.76481621219341,0.1931222263881129,0.042061561418476966
0.16,0.76481621219341,0.1931222263881129,0.042061561418476966
0.18,0.76481621219341,0.1931222263881129,0.042061561418476966
0.2,0.76481621219341,0.1931222263881129,0.042061561418476966
0.22,0.76481621219341,0.1931222263881129,0.042061561418476966
0.24,0.76481621219341,0.1931222263881129,0.042061561418476966
0.26,0.76481621219341,0.1931222263881129,0.042061561418476966
0.28,0.76481621219341,0.1931222263881129,0.042061561418476966
0.3,0.76481621219341,0.1931222263881129,0.042061561418476966
0.32,0.76481621219341,0.1931222263881129,0.042061561418476966
0.34,0.76481621219341,0.1931222263881129,0.042061561418476966
0.36,0.76481621219341,0.1931222263881129,0.042061561418476966
0.38,0.76481621219341,0.1931222263881129,0.042061561418476966
0.4,0.76481621219341,0.1931222263881129,0.042061561418476966
0.42,0.76481621219341,0.1931222263881129,0.042061561418476966
0.44,0.76481621219341,0.1931222263881129,0.042061561418476966
0.46,0.76481621219341,0.1931222263881129,0.042061561418476966
0.48,0.76481621219341,0.1931222263881129,0.042061561418476966
0.5,0.76481621219341,0.1931222263881129,0.042061561418476966
0.52,0.76481621219341,0.1931222263881129,0.042061561418476966
0.54,0.76481621219341,0.1931222263881129,0.042061561418476966
0.56,0.76481621219341,0.1931222263881129,0.042061561418476966
0.58,0.76481621219341,0.1931222263881129,0.042061561418476966
0.6,0.76481621219341,0.1931222263881129,0.042061561418476966
0.62,0.76481621219341,0.1931222263881129,0.042061561418476966
0.64,0.76481621219341,0.1931222263881129,0.042061561418476966
0.66,0.76481621219341,0.1931222263881129,0.042061561418476966
0.68,0.76481621219341,0.1931222263881129,0.042061561418476966
0.7000000000000001,0.76481621219341,0.1931222263881129,0.042061561418476966
0.72,0.76481621219341,0.1931222263881129,0.042061561418476966
0.74,0.76481621219341,0.1931222263881129,0.042061561418476966
0.76,0.76481621219341,0.1931222263881129,0.042061561418476966
0.78,0.76481621219341,0.1931222263881129,0.042061561418476966
0.8,0.76481621219341,0.1931222263881129,0.042061561418476966
0.8200000000000001,0.7005075768683662,0.25142220036688534,0.0480702227647483
0.84,0.6361989415433225,0.3097221743456578,0.05407888411101963
0.86,0.5718903062182787,0.36802214832443025,0.06008754545729097
0.88,0.5075816708932349,0.4263221223032027,0.0660962068035623
0.9,0.44327303556819114,0.48462209628197517,0.07210486814983363
0.92,0.37896440024314737,0.5429220702607476,0.07811352949610498
0.9400000000000001,0.3146557649181036,0.6012220442395201,0.08412219084237631
0.96,0.2503471295930598,0.6595220182182925,0.09013085218864764
0.98,0.18603849426801605,0.717821992197065,0.09613951353491898
1.0,0.18603849426801605,0.717821992197065,0.09613951353491898
