fraction_of_volc,OH,H2O2,TMI
0.0,0.16991325983968467,0.461794194339987,0.3682925458203284
0.02,0.16991325983968467,0.461794194339987,0.3682925458203284
0.04,0.16991325983968467,0.461794194339987,0.3682925458203284
0.06,0.16991325983968467,0.461794194339987,0.3682925458203284
0.08,0.16991325983968467,0.461794194339987,0.3682925458203284
0.1,0.16991325983968467,0.461794194339987,0.3682925458203284
0.12,0.16991325983968467,0.461794194339987,0.3682925458203284
0.14,0.16991325983968467,0.461794194339987,0.3682925458203284
0.16,0.16991325983968467,0.461794194339987,0.3682925458203284
0.18,0.16991325983968467,0.461794194339987,0.3682925458203284
0.2,0.16991325983968467,0.461794194339987,0.3682925458203284
0.22,0.16991325983968467,0.461794194339987,0.3682925458203284
0.24,0.16991325983968467,0.461794194339987,0.3682925458203284
0.26,0.19388241052423974,0.4225862000175961,0.3835313894581642
0.28,0.21785156120879481,0.3833782056952052,0.398770233096
0.3,0.24182071189334986,0.34417021137281434,0.4140090767338358
0.32,0.26578986257790493,0.3049622170504235,0.4292479203716716
0.34,0.28975901326246,0.2657542227280326,0.4444867640095074
0.36,0.3137281639470151,0.22654622840564173,0.4597256076473432
0.38,0.33769731463157016,0.18733823408325084,0.474964451285179
0.4,0.36166646531612523,0.14813023976085998,0.49020329492301484
0.42,0.3856356160006803,0.10892224543846912,0.5054421385608506
0.44,0.4096047666852354,0.06971425111607824,0.5206809821986864
0.46,0.4096047666852354,0.06971425111607824,0.5206809821986864
0.48,0.4096047666852354,0.06971425111607824,0.5206809821986864
0.5,0.4096047666852354,0.06971425111607824,0.5206809821986864
0.52,0.4096047666852354,0.06971425111607824,0.5206809821986864
0.54,0.4096047666852354,0.06971425111607824,0.5206809821986864
0.56,0.4096047666852354,0.06971425111607824,0.5206809821986864
0.58,0.4096047666852354,0.06971425111607824,0.5206809821986864
0.6,0.4096047666852354,0.06971425111607824,0.5206809821986864
0.62,0.4096047666852354,0.06971425111607824,0.5206809821986864
0.64,0.4096047666852354,0.06971425111607824,0.5206809821986864
0.66,0.4096047666852354,0.06971425111607824,0.5206809821986864
0.68,0.4096047666852354,0.06971425111607824,0.5206809821986864
0.7000000000000001,0.4096047666852354,0.06971425111607824,0.5206809821986864
0.72,0.4096047666852354,0.06971425111607824,0.5206809821986864
0.74,0.4096047666852354,0.06971425111607824,0.5206809821986864
0.76,0.4096047666852354,0.06971425111607824,0.5206809821986864
0.78,0.4096047666852354,0.06971425111607824,0.5206809821986864
0.8,0.4096047666852354,0.06971425111607824,0.5206809821986864
0.8200000000000001,0.4096047666852354,0.06971425111607824,0.5206809821986864
0.84,0.4096047666852354,0.06971425111607824,0.5206809821986864
0.86,0.4096047666852354,0.06971425111607824,0.5206809821986864
0.88,0.4096047666852354,0.06971425111607824,0.5206809821986864
0.9,0.4096047666852354,0.06971425111607824,0.5206809821986864
0.92,0.4096047666852354,0.06971425111607824,0.5206809821986864
0.9400000000000001,0.4096047666852354,0.06971425111607824,0.5206809821986864
0.96,0.4096047666852354,0.06971425111607824,0.5206809821986864
0.98,0.4096047666852354,0.06971425111607824,0.5206809821986864
1.0,0.4096047666852354,0.06971425111607824,0.5206809821986864
