fraction_of_volc,OH,H2O2,TMI
0.0,0.030010256445650262,0.11218572800821287,0.857804015546137
0.02,0.030010256445650262,0.11218572800821287,0.857804015546137
0.04,0.030010256445650262,0.11218572800821287,0.857804015546137
0.06,0.030010256445650262,0.11218572800821287,0.857804015546137
0.08,0.030010256445650262,0.11218572800821287,0.857804015546137
0.1,0.030010256445650262,0.11218572800821287,0.857804015546137
0.12,0.030010256445650262,0.11218572800821287,0.857804015546137
0.14,0.030010256445650262,0.11218572800821287,0.857804015546137
0.16,0.030010256445650262,0.11218572800821287,0.857804015546137
0.18,0.030010256445650262,0.11218572800821287,0.857804015546137
0.2,0.030010256445650262,0.11218572800821287,0.857804015546137
0.22,0.030010256445650262,0.11218572800821287,0.857804015546137
0.24,0.030010256445650262,0.11218572800821287,0.857804015546137
0.26,0.030010256445650262,0.11218572800821287,0.857804015546137
0.28,0.030010256445650262,0.11218572800821287,0.857804015546137
0.3,0.030010256445650262,0.11218572800821287,0.857804015546137
0.32,0.030010256445650262,0.11218572800821287,0.857804015546137
0.34,0.030010256445650262,0.11218572800821287,0.857804015546137
0.36,0.030010256445650262,0.11218572800821287,0.857804015546137
0.38,0.030010256445650262,0.11218572800821287,0.857804015546137
0.4,0.030010256445650262,0.11218572800821287,0.857804015546137
0.42,0.04093275676365929,0.12840038481916122,0.8306668584171797
0.44,0.05185525708166831,0.14461504163010958,0.8035297012882223
0.46,0.06277775739967734,0.16082969844105793,0.776392544159265
0.48,0.07370025771768636,0.17704435525200626,0.7492553870303076
0.5,0.08462275803569538,0.1932590120629546,0.7221182299013502
0.52,0.09554525835370442,0.20947366887390295,0.6949810727723927
0.54,0.10646775867171344,0.2256883256848513,0.6678439156434354
0.56,0.11739025898972247,0.24190298249579967,0.640706758514478
0.58,0.12831275930773148,0.258117639306748,0.6135696013855206
0.6,0.13923525962574052,0.27433229611769633,0.5864324442565633
0.62,0.15015775994374952,0.2905469529286447,0.5592952871276058
0.64,0.16108026026175856,0.30676160973959304,0.5321581299986484
0.66,0.17200276057976757,0.3229762665505414,0.505020972869691
0.68,0.1829252608977766,0.33919092336148976,0.4778838157407337
0.7000000000000001,0.19384776121578562,0.35540558017243806,0.4507466586117763
0.72,0.20477026153379466,0.3716202369833864,0.42360950148281895
0.74,0.2156927618518037,0.3878348937943348,0.3964723443538616
0.76,0.2156927618518037,0.3878348937943348,0.3964723443538616
0.78,0.2156927618518037,0.3878348937943348,0.3964723443538616
0.8,0.2156927618518037,0.3878348937943348,0.3964723443538616
0.8200000000000001,0.2156927618518037,0.3878348937943348,0.3964723443538616
0.84,0.2156927618518037,0.3878348937943348,0.3964723443538616
0.86,0.2156927618518037,0.3878348937943348,0.3964723443538616
0.88,0.2156927618518037,0.3878348937943348,0.3964723443538616
0.9,0.2156927618518037,0.3878348937943348,0.3964723443538616
0.92,0.2156927618518037,0.3878348937943348,0.3964723443538616
0.9400000000000001,0.2156927618518037,0.3878348937943348,0.3964723443538616
0.96,0.2156927618518037,0.3878348937943348,0.3964723443538616
0.98,0.2156927618518037,0.3878348937943348,0.3964723443538616
1.0,0.2156927618518037,0.3878348937943348,0.3964723443538616
