fraction_of_volc,OH,H2O2,TMI
0.0,0.261507213783542,0.17849566450155818,0.5599971217148998
0.02,0.261507213783542,0.17849566450155818,0.5599971217148998
0.04,0.261507213783542,0.17849566450155818,0.5599971217148998
0.06,0.261507213783542,0.17849566450155818,0.5599971217148998
0.08,0.261507213783542,0.17849566450155818,0.5599971217148998
0.1,0.261507213783542,0.17849566450155818,0.5599971217148998
0.12,0.261507213783542,0.17849566450155818,0.5599971217148998
0.14,0.261507213783542,0.17849566450155818,0.5599971217148998
0.16,0.261507213783542,0.17849566450155818,0.5599971217148998
0.18,0.261507213783542,0.17849566450155818,0.5599971217148998
0.2,0.261507213783542,0.17849566450155818,0.5599971217148998
0.22,0.261507213783542,0.17849566450155818,0.5599971217148998
0.24,0.261507213783542,0.17849566450155818,0.5599971217148998
0.26,0.261507213783542,0.17849566450155818,0.5599971217148998
0.28,0.261507213783542,0.17849566450155818,0.5599971217148998
0.3,0.261507213783542,0.17849566450155818,0.5599971217148998
0.32,0.261507213783542,0.17849566450155818,0.5599971217148998
0.34,0.261507213783542,0.17849566450155818,0.5599971217148998
0.36,0.261507213783542,0.17849566450155818,0.5599971217148998
0.38,0.261507213783542,0.17849566450155818,0.5599971217148998
0.4,0.261507213783542,0.17849566450155818,0.5599971217148998
0.42,0.261507213783542,0.17849566450155818,0.5599971217148998
0.44,0.261507213783542,0.17849566450155818,0.5599971217148998
0.46,0.2544818591157894,0.21655375345181022,0.5289643874324004
0.48,0.24745650444803674,0.25461184240206225,0.49793165314990095
0.5,0.2404311497802841,0.29266993135231434,0.46689891886740154
0.52,0.23340579511253146,0.3307280203025664,0.43586618458490217
0.54,0.22638044044477884,0.3687861092528184,0.40483345030240275
0.56,0.21935508577702617,0.4068441982030705,0.37380071601990333
0.58,0.21232973110927356,0.44490228715332253,0.34276798173740397
0.6,0.2053043764415209,0.48296037610357456,0.31173524745490455
0.62,0.19827902177376827,0.5210184650538265,0.28070251317240513
0.64,0.19125366710601563,0.5590765540040786,0.2496697788899057
0.66,0.184228312438263,0.5971346429543307,0.21863704460740632
0.68,0.184228312438263,0.5971346429543307,0.21863704460740632
0.7000000000000001,0.184228312438263,0.5971346429543307,0.21863704460740632
0.72,0.184228312438263,0.5971346429543307,0.21863704460740632
0.74,0.184228312438263,0.5971346429543307,0.21863704460740632
0.76,0.184228312438263,0.5971346429543307,0.21863704460740632
0.78,0.184228312438263,0.5971346429543307,0.21863704460740632
0.8,0.184228312438263,0.5971346429543307,0.21863704460740632
0.8200000000000001,0.184228312438263,0.5971346429543307,0.21863704460740632
0.84,0.184228312438263,0.5971346429543307,0.21863704460740632
0.86,0.184228312438263,0.5971346429543307,0.21863704460740632
0.88,0.184228312438263,0.5971346429543307,0.21863704460740632
0.9,0.184228312438263,0.5971346429543307,0.21863704460740632
0.92,0.184228312438263,0.5971346429543307,0.21863704460740632
0.9400000000000001,0.184228312438263,0.5971346429543307,0.21863704460740632
0.96,0.184228312438263,0.5971346429543307,0.21863704460740632
0.98,0.184228312438263,0.5971346429543307,0.21863704460740632
1.0,0.184228312438263,0.5971346429543307,0.21863704460740632
