fraction_of_volc,OH,H2O2,TMI
0.0,0.15611242355921695,0.004545273751431306,0.8393423026893518
0.02,0.15611242355921695,0.004545273751431306,0.8393423026893518
0.04,0.15611242355921695,0.004545273751431306,0.8393423026893518
0.06,0.15611242355921695,0.004545273751431306,0.8393423026893518
0.08,0.15611242355921695,0.004545273751431306,0.8393423026893518
0.1,0.15611242355921695,0.004545273751431306,0.8393423026893518
0.12,0.15611242355921695,0.004545273751431306,0.8393423026893518
0.14,0.15611242355921695,0.004545273751431306,0.8393423026893518
0.16,0.15611242355921695,0.004545273751431306,0.8393423026893518
0.18,0.15611242355921695,0.004545273751431306,0.8393423026893518
0.2,0.15611242355921695,0.004545273751431306,0.8393423026893518
0.22,0.15611242355921695,0.004545273751431306,0.8393423026893518
0.24,0.15611242355921695,0.004545273751431306,0.8393423026893518
0.26,0.15611242355921695,0.004545273751431306,0.8393423026893518
0.28,0.15611242355921695,0.004545273751431306,0.8393423026893518
0.3,0.15611242355921695,0.004545273751431306,0.8393423026893518
0.32,0.15611242355921695,0.004545273751431306,0.8393423026893518
0.34,0.15611242355921695,0.004545273751431306,0.8393423026893518
0.36,0.15611242355921695,0.004545273751431306,0.8393423026893518
0.38,0.15611242355921695,0.004545273751431306,0.8393423026893518
0.4,0.15611242355921695,0.004545273751431306,0.8393423026893518
0.42,0.15611242355921695,0.004545273751431306,0.8393423026893518
0.44,0.15611242355921695,0.004545273751431306,0.8393423026893518
0.46,0.15611242355921695,0.004545273751431306,0.8393423026893518
0.48,0.15611242355921695,0.004545273751431306,0.8393423026893518
0.5,0.15611242355921695,0.004545273751431306,0.8393423026893518
0.52,0.15611242355921695,0.004545273751431306,0.8393423026893518
0.54,0.15611242355921695,0.004545273751431306,0.8393423026893518
0.56,0.15611242355921695,0.004545273751431306,0.8393423026893518
0.58,0.15611242355921695,0.004545273751431306,0.8393423026893518
0.6,0.15423064223583943,0.041750790480075496,0.8040185672840852
0.62,0.1523488609124619,0.07895630720871968,0.7686948318788185
0.64,0.15046707958908437,0.11616182393736386,0.7333710964735518
0.66,0.14858529826570682,0.15336734066600805,0.6980473610682851
0.68,0.1467035169423293,0.19057285739465224,0.6627236256630185
0.7000000000000001,0.14482173561895176,0.2277783741232964,0.6273998902577518
0.72,0.14293995429557424,0.26498389085194063,0.5920761548524851
0.74,0.1410581729721967,0.3021894075805848,0.5567524194472184
0.76,0.13917639164881918,0.339394924309229,0.5214286840419518
0.78,0.13729461032544163,0.3766004410378732,0.48610494863668513
0.8,0.1354128290020641,0.4138059577665174,0.45078121323141845
0.8200000000000001,0.13353104767868657,0.45101147449516155,0.41545747782615183
0.84,0.13164926635530905,0.48821699122380574,0.38013374242088516
0.86,0.12976748503193153,0.5254225079524499,0.3448100070156185
0.88,0.12788570370855398,0.5626280246810942,0.3094862716103518
0.9,0.12600392238517644,0.5998335414097383,0.27416253620508513
0.92,0.12412214106179892,0.6370390581383825,0.23883880079981845
0.9400000000000001,0.12412214106179892,0.6370390581383825,0.23883880079981845
0.96,0.12412214106179892,0.6370390581383825,0.23883880079981845
0.98,0.12412214106179892,0.6370390581383825,0.23883880079981845
1.0,0.12412214106179892,0.6370390581383825,0.23883880079981845
