fraction_of_volc,OH,H2O2,TMI
0.0,0.10986611453459919,0.509284435554396,0.38084944991100494
0.02,0.10986611453459919,0.509284435554396,0.38084944991100494
0.04,0.10986611453459919,0.509284435554396,0.38084944991100494
0.06,0.10986611453459919,0.509284435554396,0.38084944991100494
0.08,0.10986611453459919,0.509284435554396,0.38084944991100494
0.1,0.10986611453459919,0.509284435554396,0.38084944991100494
0.12,0.10986611453459919,0.509284435554396,0.38084944991100494
0.14,0.10986611453459919,0.509284435554396,0.38084944991100494
0.16,0.10986611453459919,0.509284435554396,0.38084944991100494
0.18,0.10986611453459919,0.509284435554396,0.38084944991100494
0.2,0.10986611453459919,0.509284435554396,0.38084944991100494
0.22,0.10986611453459919,0.509284435554396,0.38084944991100494
0.24,0.10986611453459919,0.509284435554396,0.38084944991100494
0.26,0.10986611453459919,0.509284435554396,0.38084944991100494
0.28,0.10986611453459919,0.509284435554396,0.38084944991100494
0.3,0.10986611453459919,0.509284435554396,0.38084944991100494
0.32,0.10986611453459919,0.509284435554396,0.38084944991100494
0.34,0.10986611453459919,0.509284435554396,0.38084944991100494
0.36,0.10986611453459919,0.509284435554396,0.38084944991100494
0.38,0.10986611453459919,0.509284435554396,0.38084944991100494
0.4,0.10986611453459919,0.509284435554396,0.38084944991100494
0.42,0.10986611453459919,0.509284435554396,0.38084944991100494
0.44,0.11388981426333966,0.511225826563089,0.3748843591735714
0.46,0.11791351399208012,0.5131672175717821,0.36891926843613787
0.48,0.1219372137208206,0.5151086085804751,0.3629541776987043
0.5,0.12596091344956106,0.5170499995891682,0.35698908696127074
0.52,0.12998461317830154,0.5189913905978614,0.35102399622383723
0.54,0.13400831290704202,0.5209327816065544,0.34505890548640367
0.56,0.1380320126357825,0.5228741726152475,0.33909381474897016
0.58,0.14205571236452297,0.5248155636239406,0.3331287240115366
0.6,0.14607941209326342,0.5267569546326336,0.327163633274103
0.62,0.1501031118220039,0.5286983456413267,0.3211985425366695
0.64,0.15412681155074437,0.5306397366500197,0.31523345179923595
0.66,0.15815051127948485,0.5325811276587129,0.30926836106180244
0.68,0.16217421100822532,0.534522518667406,0.3033032703243689
0.7000000000000001,0.16619791073696577,0.536463909676099,0.2973381795869353
0.72,0.17022161046570625,0.5384053006847921,0.29137308884950175
0.74,0.17424531019444672,0.5403466916934851,0.28540799811206824
0.76,0.17424531019444672,0.5403466916934851,0.28540799811206824
0.78,0.17424531019444672,0.5403466916934851,0.28540799811206824
0.8,0.17424531019444672,0.5403466916934851,0.28540799811206824
0.8200000000000001,0.17424531019444672,0.5403466916934851,0.28540799811206824
0.84,0.17424531019444672,0.5403466916934851,0.28540799811206824
0.86,0.17424531019444672,0.5403466916934851,0.28540799811206824
0.88,0.17424531019444672,0.5403466916934851,0.28540799811206824
0.9,0.17424531019444672,0.5403466916934851,0.28540799811206824
0.92,0.17424531019444672,0.5403466916934851,0.28540799811206824
0.9400000000000001,0.17424531019444672,0.5403466916934851,0.28540799811206824
0.96,0.17424531019444672,0.5403466916934851,0.28540799811206824
0.98,0.17424531019444672,0.5403466916934851,0.28540799811206824
1.0,0.17424531019444672,0.5403466916934851,0.28540799811206824
