fraction_of_volc,OH,H2O2,TMI
0.0,0.37976649007816254,0.3830098529314312,0.23722365699040632
0.02,0.37976649007816254,0.3830098529314312,0.23722365699040632
0.04,0.37976649007816254,0.3830098529314312,0.23722365699040632
0.06,0.37976649007816254,0.3830098529314312,0.23722365699040632
0.08,0.37976649007816254,0.3830098529314312,0.23722365699040632
0.1,0.37976649007816254,0.3830098529314312,0.23722365699040632
0.12,0.37976649007816254,0.3830098529314312,0.23722365699040632
0.14,0.37976649007816254,0.3830098529314312,0.23722365699040632
0.16,0.37976649007816254,0.3830098529314312,0.23722365699040632
0.18,0.37976649007816254,0.3830098529314312,0.23722365699040632
0.2,0.37976649007816254,0.3830098529314312,0.23722365699040632
0.22,0.37976649007816254,0.3830098529314312,0.23722365699040632
0.24,0.37976649007816254,0.3830098529314312,0.23722365699040632
0.26,0.37976649007816254,0.3830098529314312,0.23722365699040632
0.28,0.37976649007816254,0.3830098529314312,0.23722365699040632
0.3,0.37976649007816254,0.3830098529314312,0.23722365699040632
0.32,0.37976649007816254,0.3830098529314312,0.23722365699040632
0.34,0.37976649007816254,0.3830098529314312,0.23722365699040632
0.36,0.37976649007816254,0.3830098529314312,0.23722365699040632
0.38,0.37976649007816254,0.3830098529314312,0.23722365699040632
0.4,0.37976649007816254,0.3830098529314312,0.23722365699040632
0.42,0.37976649007816254,0.3830098529314312,0.23722365699040632
0.44,0.37976649007816254,0.3830098529314312,0.23722365699040632
0.46,0.37976649007816254,0.3830098529314312,0.23722365699040632
0.48,0.37976649007816254,0.3830098529314312,0.23722365699040632
0.5,0.37976649007816254,0.3830098529314312,0.23722365699040632
0.52,0.38537548261498555,0.3765710727736611,0.23805344461135342
0.54,0.3909844751518085,0.370132292615891,0.23888323223230054
0.56,0.39659346768863146,0.36369351245812087,0.23971301985324767
0.58,0.4022024602254545,0.35725473230035076,0.24054280747419476
0.6,0.4078114527622775,0.35081595214258066,0.24137259509514186
0.62,0.41342044529910044,0.34437717198481055,0.242202382716089
0.64,0.4190294378359234,0.33793839182704044,0.2430321703370361
0.66,0.4246384303727464,0.3314996116692704,0.2438619579579832
0.68,0.4302474229095694,0.3250608315115003,0.2446917455789303
0.7000000000000001,0.43585641544639236,0.3186220513537302,0.24552153319987743
0.72,0.4414654079832153,0.31218327119596007,0.24635132082082456
0.74,0.44707440052003833,0.30574449103818996,0.24718110844177166
0.76,0.45268339305686134,0.29930571088041985,0.24801089606271876
0.78,0.4582923855936843,0.29286693072264974,0.24884068368366588
0.8,0.4582923855936843,0.29286693072264974,0.24884068368366588
0.8200000000000001,0.4582923855936843,0.29286693072264974,0.24884068368366588
0.84,0.4582923855936843,0.29286693072264974,0.24884068368366588
0.86,0.4582923855936843,0.29286693072264974,0.24884068368366588
0.88,0.4582923855936843,0.29286693072264974,0.24884068368366588
0.9,0.4582923855936843,0.29286693072264974,0.24884068368366588
0.92,0.4582923855936843,0.29286693072264974,0.24884068368366588
0.9400000000000001,0.4582923855936843,0.29286693072264974,0.24884068368366588
0.96,0.4582923855936843,0.29286693072264974,0.24884068368366588
0.98,0.4582923855936843,0.29286693072264974,0.24884068368366588
1.0,0.4582923855936843,0.29286693072264974,0.24884068368366588
