fraction_of_volc,OH,H2O2,TMI
0.0,0.5469611586192882,0.11598755024501797,0.3370512911356937
0.02,0.5469611586192882,0.11598755024501797,0.3370512911356937
0.04,0.5469611586192882,0.11598755024501797,0.3370512911356937
0.06,0.5469611586192882,0.11598755024501797,0.3370512911356937
0.08,0.5469611586192882,0.11598755024501797,0.3370512911356937
0.1,0.5469611586192882,0.11598755024501797,0.3370512911356937
0.12,0.5469611586192882,0.11598755024501797,0.3370512911356937
0.14,0.5469611586192882,0.11598755024501797,0.3370512911356937
0.16,0.5469611586192882,0.11598755024501797,0.3370512911356937
0.18,0.5469611586192882,0.11598755024501797,0.3370512911356937
0.2,0.5469611586192882,0.11598755024501797,0.3370512911356937
0.22,0.5469611586192882,0.11598755024501797,0.3370512911356937
0.24,0.5469611586192882,0.11598755024501797,0.3370512911356937
0.26,0.5469611586192882,0.11598755024501797,0.3370512911356937
0.28,0.5469611586192882,0.11598755024501797,0.3370512911356937
0.3,0.5469611586192882,0.11598755024501797,0.3370512911356937
0.32,0.5469611586192882,0.11598755024501797,0.3370512911356937
0.34,0.5469611586192882,0.11598755024501797,0.3370512911356937
0.36,0.5469611586192882,0.11598755024501797,0.3370512911356937
0.38,0.5469611586192882,0.11598755024501797,0.3370512911356937
0.4,0.5586216901219384,0.11211820686982926,0.3292601030082322
0.42,0.5702822216245886,0.10824886349464055,0.32146891488077073
0.44,0.5819427531272388,0.10437952011945185,0.31367772675330924
0.46,0.593603284629889,0.10051017674426314,0.30588653862584775
0.48,0.6052638161325392,0.09664083336907443,0.29809535049838626
0.5,0.6169243476351894,0.09277148999388572,0.29030416237092477
0.52,0.6285848791378397,0.08890214661869703,0.2825129742434633
0.54,0.6402454106404898,0.08503280324350831,0.2747217861160018
0.56,0.65190594214314,0.0811634598683196,0.26693059798854035
0.58,0.6635664736457902,0.0772941164931309,0.25913940986107886
0.6,0.6752270051484405,0.07342477311794218,0.25134822173361737
0.62,0.6868875366510907,0.06955542974275347,0.24355703360615585
0.64,0.6985480681537408,0.06568608636756477,0.23576584547869436
0.66,0.710208599656391,0.061816742992376064,0.2279746573512329
0.68,0.7218691311590413,0.05794739961718736,0.2201834692237714
0.7000000000000001,0.7335296626616915,0.05407805624199865,0.21239228109630992
0.72,0.7451901941643417,0.050208712866809946,0.20460109296884843
0.74,0.7568507256669919,0.046339369491621235,0.19680990484138694
0.76,0.7685112571696421,0.042470026116432524,0.18901871671392545
0.78,0.7801717886722923,0.038600682741243814,0.18122752858646396
0.8,0.7918323201749425,0.03473133936605512,0.17343634045900247
0.8200000000000001,0.8034928516775928,0.030861995990866406,0.16564515233154098
0.84,0.8151533831802429,0.026992652615677695,0.1578539642040795
0.86,0.8268139146828931,0.023123309240488985,0.150062776076618
0.88,0.8384744461855433,0.019253965865300274,0.1422715879491565
0.9,0.8501349776881935,0.015384622490111577,0.13448039982169502
0.92,0.8617955091908438,0.011515279114922866,0.12668921169423356
0.9400000000000001,0.8734560406934939,0.007645935739734155,0.11889802356677207
0.96,0.8851165721961441,0.0037765923645454494,0.11110683543931058
0.98,0.8851165721961441,0.0037765923645454494,0.11110683543931058
1.0,0.8851165721961441,0.0037765923645454494,0.11110683543931058
