fraction_of_volc,OH,H2O2,TMI
0.0,0.27802375498228,0.4668988930821146,0.25507735193560543
0.02,0.27802375498228,0.4668988930821146,0.25507735193560543
0.04,0.27429975494026554,0.46597163796694774,0.2597286070927867
0.06,0.27057575489825103,0.46504438285178096,0.264379862249968
0.08,0.2668517548562366,0.4641171277366141,0.2690311174071493
0.1,0.2631277548142221,0.4631898726214473,0.2736823725643306
0.12,0.2594037547722076,0.46226261750628045,0.27833362772151193
0.14,0.25567975473019317,0.46133536239111367,0.2829848828786932
0.16,0.2519557546881787,0.46040810727594683,0.2876361380358745
0.18,0.24823175464616423,0.45948085216078,0.2922873931930558
0.2,0.24450775460414975,0.45855359704561316,0.2969386483502371
0.22,0.2407837545621353,0.4576263419304464,0.3015899035074184
0.24,0.23705975452012082,0.45669908681527954,0.30624115866459967
0.26,0.23333575447810634,0.4557718317001127,0.31089241382178096
0.28,0.22961175443609189,0.4548445765849459,0.31554366897896224
0.3,0.2258877543940774,0.4539173214697791,0.32019492413614353
0.32,0.22216375435206293,0.45299006635461225,0.3248461792933248
0.34,0.21843975431004847,0.4520628112394454,0.32949743445050617
0.36,0.214715754268034,0.45113555612427864,0.3341486896076874
0.38,0.2109917542260195,0.4502083010091118,0.33879994476486874
0.4,0.20726775418400506,0.44928104589394496,0.34345119992205003
0.42,0.20354375414199058,0.4483537907787782,0.3481024550792313
0.44,0.1998197540999761,0.44742653566361135,0.3527537102364126
0.46,0.19609575405796165,0.4464992805484445,0.3574049653935939
0.48,0.19237175401594717,0.4455720254332777,0.3620562205507752
0.5,0.18864775397393269,0.4446447703181109,0.3667074757079565
0.52,0.18492375393191823,0.44371751520294406,0.37135873086513776
0.54,0.18119975388990375,0.4427902600877772,0.37600998602231905
0.56,0.17747575384788927,0.44186300497261044,0.3806612411795004
0.58,0.17375175380587482,0.4409357498574436,0.38531249633668163
0.6,0.17002775376386034,0.44000849474227677,0.389963751493863
0.62,0.16630375372184586,0.43908123962710993,0.39461500665104426
0.64,0.1625797536798314,0.43815398451194315,0.39926626180822555
0.66,0.15885575363781693,0.4372267293967763,0.40391751696540684
0.68,0.15513175359580245,0.4362994742816095,0.40856877212258813
0.7000000000000001,0.151407753553788,0.43537221916644264,0.4132200272797694
0.72,0.1476837535117735,0.43444496405127586,0.4178712824369507
0.74,0.14395975346975903,0.433517708936109,0.42252253759413205
0.76,0.14023575342774458,0.4325904538209422,0.4271737927513133
0.78,0.1365117533857301,0.4316631987057754,0.43182504790849463
0.8,0.13278775334371562,0.43073594359060857,0.43647630306567586
0.8200000000000001,0.12906375330170117,0.42980868847544174,0.4411275582228572
0.84,0.1253397532596867,0.42888143336027496,0.4457788133800385
0.86,0.1216157532176722,0.4279541782451081,0.4504300685372198
0.88,0.11789175317565775,0.4270269231299413,0.4550813236944011
0.9,0.11789175317565775,0.4270269231299413,0.4550813236944011
0.92,0.11789175317565775,0.4270269231299413,0.4550813236944011
0.9400000000000001,0.11789175317565775,0.4270269231299413,0.4550813236944011
0.96,0.11789175317565775,0.4270269231299413,0.4550813236944011
0.98,0.11789175317565775,0.4270269231299413,0.4550813236944011
1.0,0.11789175317565775,0.4270269231299413,0.4550813236944011
