fraction_of_volc,OH,H2O2,TMI
0.0,0.03913241591096094,0.2633442148949009,0.6975233691941382
0.02,0.03913241591096094,0.2633442148949009,0.6975233691941382
0.04,0.03913241591096094,0.2633442148949009,0.6975233691941382
0.06,0.03913241591096094,0.2633442148949009,0.6975233691941382
0.08,0.03913241591096094,0.2633442148949009,0.6975233691941382
0.1,0.03913241591096094,0.2633442148949009,0.6975233691941382
0.12,0.05822171698855573,0.2615286903021959,0.6802495927092483
0.14,0.07731101806615051,0.2597131657094909,0.6629758162243585
0.16,0.0964003191437453,0.2578976411167859,0.6457020397394688
0.18,0.1154896202213401,0.2560821165240809,0.628428263254579
0.2,0.1345789212989349,0.2542665919313759,0.6111544867696892
0.22,0.15366822237652966,0.2524510673386709,0.5938807102847994
0.24,0.17275752345412446,0.25063554274596594,0.5766069337999096
0.26,0.19184682453171925,0.24882001815326094,0.5593331573150198
0.28,0.21093612560931405,0.24700449356055593,0.54205938083013
0.3,0.23002542668690884,0.24518896896785092,0.5247856043452402
0.32,0.2491147277645036,0.24337344437514594,0.5075118278603504
0.34,0.2682040288420984,0.24155791978244096,0.4902380513754606
0.36,0.2872933299196932,0.23974239518973595,0.47296427489057086
0.38,0.30638263099728796,0.23792687059703094,0.45569049840568104
0.4,0.3254719320748828,0.23611134600432596,0.4384167219207913
0.42,0.34456123315247755,0.23429582141162095,0.4211429454359015
0.44,0.3636505342300723,0.23248029681891597,0.40386916895101166
0.46,0.38273983530766714,0.23066477222621096,0.3865953924661219
0.48,0.4018291363852619,0.22884924763350595,0.3693216159812321
0.5,0.42091843746285673,0.22703372304080097,0.35204783949634233
0.52,0.4400077385404515,0.22521819844809599,0.3347740630114525
0.54,0.45909703961804627,0.22340267385539098,0.3175002865265627
0.56,0.4781863406956411,0.22158714926268597,0.30022651004167294
0.58,0.49727564177323585,0.21977162466998099,0.28295273355678313
0.6,0.5163649428508306,0.21795610007727598,0.2656789570718933
0.62,0.5354542439284254,0.216140575484571,0.24840518058700356
0.64,0.5545435450060202,0.214325050891866,0.23113140410211375
0.66,0.573632846083615,0.212509526299161,0.21385762761722393
0.68,0.5927221471612097,0.210694001706456,0.19658385113233412
0.7000000000000001,0.6118114482388046,0.20887847711375102,0.17931007464744442
0.72,0.6309007493163994,0.207062952521046,0.1620362981625546
0.74,0.6499900503939942,0.205247427928341,0.1447625216776648
0.76,0.6690793514715889,0.20343190333563602,0.12748874519277498
0.78,0.6881686525491837,0.20161637874293104,0.11021496870788516
0.8,0.7072579536267786,0.19980085415022603,0.09294119222299546
0.8200000000000001,0.7263472547043733,0.19798532955752102,0.07566741573810565
0.84,0.7454365557819681,0.19616980496481604,0.058393639253215834
0.86,0.7645258568595629,0.19435428037211103,0.04111986276832602
0.88,0.7836151579371576,0.19253875577940605,0.023846086283436208
0.9,0.8027044590147525,0.19072323118670104,0.006572309798546478
0.92,0.8027044590147525,0.19072323118670104,0.006572309798546478
0.9400000000000001,0.8027044590147525,0.19072323118670104,0.006572309798546478
0.96,0.8027044590147525,0.19072323118670104,0.006572309798546478
0.98,0.8027044590147525,0.19072323118670104,0.006572309798546478
1.0,0.8027044590147525,0.19072323118670104,0.006572309798546478
