fraction_of_volc,OH,H2O2,TMI
0.0,0.28246906281380374,0.28882530751992846,0.42870562966626774
0.02,0.28246906281380374,0.28882530751992846,0.42870562966626774
0.04,0.28246906281380374,0.28882530751992846,0.42870562966626774
0.06,0.28246906281380374,0.28882530751992846,0.42870562966626774
0.08,0.28246906281380374,0.28882530751992846,0.42870562966626774
0.1,0.28246906281380374,0.28882530751992846,0.42870562966626774
0.12,0.28246906281380374,0.28882530751992846,0.42870562966626774
0.14,0.28246906281380374,0.28882530751992846,0.42870562966626774
0.16,0.28246906281380374,0.28882530751992846,0.42870562966626774
0.18,0.28246906281380374,0.28882530751992846,0.42870562966626774
0.2,0.2815038775117317,0.2926180917528753,0.4258780307353929
0.22,0.28053869220965977,0.2964108759858221,0.42305043180451807
0.24,0.27957350690758775,0.300203660218769,0.4202228328736432
0.26,0.2786083216055158,0.3039964444517158,0.41739523394276834
0.28,0.2776431363034438,0.30778922868466263,0.41456763501189353
0.3,0.2766779510013718,0.31158201291760945,0.41174003608101867
0.32,0.2757127656992998,0.3153747971505563,0.4089124371501438
0.34,0.27474758039722785,0.31916758138350315,0.40608483821926894
0.36,0.27378239509515584,0.32296036561645,0.40325723928839413
0.38,0.2728172097930839,0.3267531498493968,0.40042964035751927
0.4,0.27185202449101187,0.3305459340823436,0.3976020414266444
0.42,0.2708868391889399,0.3343387183152905,0.39477444249576954
0.44,0.2699216538868679,0.3381315025482373,0.39194684356489473
0.46,0.26895646858479594,0.34192428678118414,0.38911924463401987
0.48,0.2679912832827239,0.34571707101413096,0.386291645703145
0.5,0.26702609798065197,0.3495098552470778,0.3834640467722702
0.52,0.26606091267857995,0.3533026394800246,0.38063644784139533
0.54,0.265095727376508,0.3570954237129715,0.37780884891052047
0.56,0.264130542074436,0.3608882079459183,0.37498124997964566
0.58,0.26316535677236397,0.3646809921788651,0.3721536510487708
0.6,0.262200171470292,0.36847377641181195,0.36932605211789593
0.62,0.26123498616822,0.3722665606447588,0.3664984531870211
0.64,0.26026980086614804,0.37605934487770565,0.36367085425614626
0.66,0.259304615564076,0.37985212911065247,0.3608432553252714
0.68,0.25833943026200407,0.3836449133435993,0.3580156563943966
0.7000000000000001,0.25737424495993205,0.3874376975765461,0.3551880574635217
0.72,0.2564090596578601,0.39123048180949294,0.35236045853264686
0.74,0.2554438743557881,0.3950232660424398,0.349532859601772
0.76,0.2544786890537161,0.39881605027538664,0.34670526067089713
0.78,0.2535135037516441,0.40260883450833346,0.3438776617400223
0.8,0.25254831844957215,0.4064016187412803,0.34105006280914746
0.8200000000000001,0.25158313314750014,0.41019440297422716,0.3382224638782726
0.84,0.2506179478454281,0.413987187207174,0.3353948649473978
0.86,0.24965276254335617,0.4177799714401208,0.3325672660165229
0.88,0.24965276254335617,0.4177799714401208,0.3325672660165229
0.9,0.24965276254335617,0.4177799714401208,0.3325672660165229
0.92,0.24965276254335617,0.4177799714401208,0.3325672660165229
0.9400000000000001,0.24965276254335617,0.4177799714401208,0.3325672660165229
0.96,0.24965276254335617,0.4177799714401208,0.3325672660165229
0.98,0.24965276254335617,0.4177799714401208,0.3325672660165229
1.0,0.24965276254335617,0.4177799714401208,0.3325672660165229
