fraction_of_volc,OH,H2O2,TMI
0.0,0.749280809123065,0.07754442321180767,0.17317476766512727
0.02,0.749280809123065,0.07754442321180767,0.17317476766512727
0.04,0.749280809123065,0.07754442321180767,0.17317476766512727
0.06,0.749280809123065,0.07754442321180767,0.17317476766512727
0.08,0.749280809123065,0.07754442321180767,0.17317476766512727
0.1,0.749280809123065,0.07754442321180767,0.17317476766512727
0.12,0.749280809123065,0.07754442321180767,0.17317476766512727
0.14,0.749280809123065,0.07754442321180767,0.17317476766512727
0.16,0.749280809123065,0.07754442321180767,0.17317476766512727
0.18,0.749280809123065,0.07754442321180767,0.17317476766512727
0.2,0.749280809123065,0.07754442321180767,0.17317476766512727
0.22,0.749280809123065,0.07754442321180767,0.17317476766512727
0.24,0.749280809123065,0.07754442321180767,0.17317476766512727
0.26,0.749280809123065,0.07754442321180767,0.17317476766512727
0.28,0.749280809123065,0.07754442321180767,0.17317476766512727
0.3,0.749280809123065,0.07754442321180767,0.17317476766512727
0.32,0.749280809123065,0.07754442321180767,0.17317476766512727
0.34,0.749280809123065,0.07754442321180767,0.17317476766512727
0.36,0.749280809123065,0.07754442321180767,0.17317476766512727
0.38,0.749280809123065,0.07754442321180767,0.17317476766512727
0.4,0.749280809123065,0.07754442321180767,0.17317476766512727
0.42,0.749280809123065,0.07754442321180767,0.17317476766512727
0.44,0.749280809123065,0.07754442321180767,0.17317476766512727
0.46,0.749280809123065,0.07754442321180767,0.17317476766512727
0.48,0.749280809123065,0.07754442321180767,0.17317476766512727
0.5,0.749280809123065,0.07754442321180767,0.17317476766512727
0.52,0.749280809123065,0.07754442321180767,0.17317476766512727
0.54,0.749280809123065,0.07754442321180767,0.17317476766512727
0.56,0.749280809123065,0.07754442321180767,0.17317476766512727
0.58,0.749280809123065,0.07754442321180767,0.17317476766512727
0.6,0.749280809123065,0.07754442321180767,0.17317476766512727
0.62,0.749280809123065,0.07754442321180767,0.17317476766512727
0.64,0.749280809123065,0.07754442321180767,0.17317476766512727
0.66,0.7471509282107731,0.08858215237672201,0.16426691941250482
0.68,0.7450210472984813,0.09961988154163634,0.15535907115988234
0.7000000000000001,0.7428911663861895,0.11065761070655067,0.1464512229072599
0.72,0.7407612854738975,0.12169533987146501,0.13754337465463745
0.74,0.7386314045616056,0.13273306903637935,0.12863552640201498
0.76,0.7365015236493138,0.14377079820129368,0.11972767814939253
0.78,0.7343716427370219,0.15480852736620804,0.11081982989677008
0.8,0.73224176182473,0.16584625653112234,0.10191198164414762
0.8200000000000001,0.7301118809124381,0.1768839856960367,0.09300413339152516
0.84,0.7279820000001462,0.18792171486095102,0.08409628513890272
0.86,0.7258521190878544,0.19895944402586535,0.07518843688628025
0.88,0.7237222381755625,0.2099971731907797,0.0662805886336578
0.9,0.7215923572632705,0.221034902355694,0.05737274038103535
0.92,0.7194624763509787,0.23207263152060836,0.04846489212841289
0.9400000000000001,0.7173325954386869,0.24311036068552272,0.039557043875790426
0.96,0.715202714526395,0.254148089850437,0.030649195623167976
0.98,0.715202714526395,0.254148089850437,0.030649195623167976
1.0,0.715202714526395,0.254148089850437,0.030649195623167976
