fraction_of_volc,OH,H2O2,TMI
0.0,0.3769572921151043,0.18974375624107176,0.4332989516438239
0.02,0.3769572921151043,0.18974375624107176,0.4332989516438239
0.04,0.3769572921151043,0.18974375624107176,0.4332989516438239
0.06,0.3769572921151043,0.18974375624107176,0.4332989516438239
0.08,0.3769572921151043,0.18974375624107176,0.4332989516438239
0.1,0.3769572921151043,0.18974375624107176,0.4332989516438239
0.12,0.3769572921151043,0.18974375624107176,0.4332989516438239
0.14,0.3769572921151043,0.18974375624107176,0.4332989516438239
0.16,0.3769572921151043,0.18974375624107176,0.4332989516438239
0.18,0.3769572921151043,0.18974375624107176,0.4332989516438239
0.2,0.3769572921151043,0.18974375624107176,0.4332989516438239
0.22,0.3769572921151043,0.18974375624107176,0.4332989516438239
0.24,0.3769572921151043,0.18974375624107176,0.4332989516438239
0.26,0.3769572921151043,0.18974375624107176,0.4332989516438239
0.28,0.3769572921151043,0.18974375624107176,0.4332989516438239
0.3,0.3769572921151043,0.18974375624107176,0.4332989516438239
0.32,0.3769572921151043,0.18974375624107176,0.4332989516438239
0.34,0.3769572921151043,0.18974375624107176,0.4332989516438239
0.36,0.3769572921151043,0.18974375624107176,0.4332989516438239
0.38,0.3769572921151043,0.18974375624107176,0.4332989516438239
0.4,0.3769572921151043,0.18974375624107176,0.4332989516438239
0.42,0.3769572921151043,0.18974375624107176,0.4332989516438239
0.44,0.3769572921151043,0.18974375624107176,0.4332989516438239
0.46,0.3769572921151043,0.18974375624107176,0.4332989516438239
0.48,0.3769572921151043,0.18974375624107176,0.4332989516438239
0.5,0.3769572921151043,0.18974375624107176,0.4332989516438239
0.52,0.3769572921151043,0.18974375624107176,0.4332989516438239
0.54,0.3769572921151043,0.18974375624107176,0.4332989516438239
0.56,0.3769572921151043,0.18974375624107176,0.4332989516438239
0.58,0.3769572921151043,0.18974375624107176,0.4332989516438239
0.6,0.3769572921151043,0.18974375624107176,0.4332989516438239
0.62,0.3769572921151043,0.18974375624107176,0.4332989516438239
0.64,0.3769572921151043,0.18974375624107176,0.4332989516438239
0.66,0.3769572921151043,0.18974375624107176,0.4332989516438239
0.68,0.3769572921151043,0.18974375624107176,0.4332989516438239
0.7000000000000001,0.3769572921151043,0.18974375624107176,0.4332989516438239
0.72,0.3769572921151043,0.18974375624107176,0.4332989516438239
0.74,0.3769572921151043,0.18974375624107176,0.4332989516438239
0.76,0.3769572921151043,0.18974375624107176,0.4332989516438239
0.78,0.35241339946449013,0.2414338103390661,0.4061527901964438
0.8,0.3278695068138759,0.29312386443706046,0.37900662874906366
0.8200000000000001,0.3033256141632617,0.34481391853505483,0.35186046730168347
0.84,0.27878172151264746,0.39650397263304915,0.32471430585430333
0.86,0.2542378288620333,0.44819402673104347,0.2975681444069232
0.88,0.22969393621141906,0.49988408082903785,0.270421982959543
0.9,0.20515004356080485,0.5515741349270322,0.24327582151216287
0.92,0.18060615091019064,0.6032641890250265,0.21612966006478274
0.9400000000000001,0.15606225825957643,0.6549542431230209,0.18898349861740257
0.96,0.15606225825957643,0.6549542431230209,0.18898349861740257
0.98,0.15606225825957643,0.6549542431230209,0.18898349861740257
1.0,0.15606225825957643,0.6549542431230209,0.18898349861740257
