fraction_of_volc,OH,H2O2,TMI
0.0,0.3234748443819134,0.629951826191496,0.046573329426590634
0.02,0.3234748443819134,0.629951826191496,0.046573329426590634
0.04,0.3234748443819134,0.629951826191496,0.046573329426590634
0.06,0.3305233410095964,0.6197920365250316,0.04968462246537205
0.08,0.33757183763727944,0.6096322468585671,0.052795915504153475
0.1,0.34462033426496247,0.5994724571921026,0.05590720854293489
0.12,0.3516688308926455,0.5893126675256382,0.05901850158171631
0.14,0.35871732752032853,0.5791528778591738,0.062129794620497725
0.16,0.36576582414801156,0.5689930881927093,0.06524108765927915
0.18,0.3728143207756946,0.5588332985262449,0.06835238069806057
0.2,0.37986281740337763,0.5486735088597804,0.07146367373684198
0.22,0.38691131403106066,0.5385137191933159,0.0745749667756234
0.24,0.3939598106587437,0.5283539295268515,0.07768625981440483
0.26,0.4010083072864267,0.518194139860387,0.08079755285318624
0.28,0.4080568039141098,0.5080343501939226,0.08390884589196766
0.3,0.41510530054179284,0.4978745605274581,0.08702013893074909
0.32,0.4221537971694759,0.4877147708609937,0.0901314319695305
0.34,0.4292022937971589,0.4775549811945292,0.09324272500831192
0.36,0.43625079042484194,0.46739519152806475,0.09635401804709334
0.38,0.44329928705252497,0.4572354018616003,0.09946531108587475
0.4,0.450347783680208,0.4470756121951358,0.10257660412465618
0.42,0.45739628030789103,0.4369158225286714,0.1056878971634376
0.44,0.46444477693557407,0.4267560328622069,0.10879919020221901
0.46,0.4714932735632571,0.41659624319574245,0.11191048324100043
0.48,0.47854177019094013,0.40643645352927804,0.11502177627978184
0.5,0.48559026681862316,0.39627666386281357,0.11813306931856327
0.52,0.4926387634463062,0.3861168741963491,0.12124436235734469
0.54,0.4996872600739892,0.37595708452988463,0.1243556553961261
0.56,0.5067357567016723,0.36579729486342016,0.12746694843490752
0.58,0.5137842533293553,0.35563750519695575,0.13057824147368896
0.6,0.5208327499570383,0.3454777155304913,0.13368953451247034
0.62,0.5278812465847214,0.3353179258640268,0.13680082755125178
0.64,0.5349297432124044,0.3251581361975624,0.13991212059003322
0.66,0.5419782398400874,0.31499834653109793,0.1430234136288146
0.68,0.5490267364677704,0.30483855686463346,0.14613470666759604
0.7000000000000001,0.5560752330954535,0.294678767198169,0.14924599970637747
0.72,0.5631237297231365,0.2845189775317045,0.15235729274515886
0.74,0.5701722263508195,0.2743591878652401,0.1554685857839403
0.76,0.5772207229785026,0.26419939819877564,0.15857987882272173
0.78,0.5842692196061856,0.25403960853231117,0.1616911718615031
0.8,0.5913177162338686,0.24387981886584675,0.16480246490028455
0.8200000000000001,0.5913177162338686,0.24387981886584675,0.16480246490028455
0.84,0.5913177162338686,0.24387981886584675,0.16480246490028455
0.86,0.5913177162338686,0.24387981886584675,0.16480246490028455
0.88,0.5913177162338686,0.24387981886584675,0.16480246490028455
0.9,0.5913177162338686,0.24387981886584675,0.16480246490028455
0.92,0.5913177162338686,0.24387981886584675,0.16480246490028455
0.9400000000000001,0.5913177162338686,0.24387981886584675,0.16480246490028455
0.96,0.5913177162338686,0.24387981886584675,0.16480246490028455
0.98,0.5913177162338686,0.24387981886584675,0.16480246490028455
1.0,0.5913177162338686,0.24387981886584675,0.16480246490028455
