fraction_of_volc,OH,H2O2,TMI
0.0,0.11095957413110762,0.01325398016330474,0.8757864457055876
0.02,0.11095957413110762,0.01325398016330474,0.8757864457055876
0.04,0.11095957413110762,0.01325398016330474,0.8757864457055876
0.06,0.11095957413110762,0.01325398016330474,0.8757864457055876
0.08,0.11095957413110762,0.01325398016330474,0.8757864457055876
0.1,0.11095957413110762,0.01325398016330474,0.8757864457055876
0.12,0.11095957413110762,0.01325398016330474,0.8757864457055876
0.14,0.11846068011922764,0.03223457365306118,0.8493047462277111
0.16,0.12596178610734765,0.05121516714281761,0.8228230467498348
0.18,0.13346289209546766,0.07019576063257404,0.7963413472719583
0.2,0.14096399808358767,0.08917635412233048,0.7698596477940818
0.22,0.1484651040717077,0.10815694761208691,0.7433779483162054
0.24,0.15596621005982772,0.12713754110184333,0.7168962488383289
0.26,0.16346731604794773,0.14611813459159975,0.6904145493604525
0.28,0.17096842203606777,0.1650987280813562,0.6639328498825761
0.3,0.17846952802418775,0.18407932157111265,0.6374511504046996
0.32,0.1859706340123078,0.20305991506086907,0.6109694509268232
0.34,0.19347174000042783,0.2220405085506255,0.5844877514489467
0.36,0.2009728459885478,0.24102110204038193,0.5580060519710703
0.38,0.20847395197666785,0.2600016955301384,0.5315243524931939
0.4,0.21597505796478786,0.2789822890198948,0.5050426530153174
0.42,0.22347616395290787,0.29796288250965125,0.47856095353744094
0.44,0.2309772699410279,0.3169434759994077,0.4520792540595645
0.46,0.2384783759291479,0.33592406948916415,0.4255975545816881
0.48,0.24597948191726793,0.3549046629789206,0.39911585510381165
0.5,0.25348058790538797,0.373885256468677,0.37263415562593516
0.52,0.26098169389350795,0.39286584995843343,0.3461524561480588
0.54,0.268482799881628,0.4118464434481899,0.3196707566701823
0.56,0.275983905869748,0.4308270369379463,0.2931890571923058
0.58,0.283485011857868,0.4498076304277027,0.26670735771442944
0.6,0.29098611784598805,0.46878822391745917,0.24022565823655295
0.62,0.29848722383410803,0.4877688174072156,0.21374395875867647
0.64,0.30598832982222807,0.506749410896972,0.1872622592808001
0.66,0.3134894358103481,0.5257300043867285,0.16078055980292355
0.68,0.3134894358103481,0.5257300043867285,0.16078055980292355
0.7000000000000001,0.3134894358103481,0.5257300043867285,0.16078055980292355
0.72,0.3134894358103481,0.5257300043867285,0.16078055980292355
0.74,0.3134894358103481,0.5257300043867285,0.16078055980292355
0.76,0.3134894358103481,0.5257300043867285,0.16078055980292355
0.78,0.3134894358103481,0.5257300043867285,0.16078055980292355
0.8,0.3134894358103481,0.5257300043867285,0.16078055980292355
0.8200000000000001,0.3134894358103481,0.5257300043867285,0.16078055980292355
0.84,0.3134894358103481,0.5257300043867285,0.16078055980292355
0.86,0.3134894358103481,0.5257300043867285,0.16078055980292355
0.88,0.3134894358103481,0.5257300043867285,0.16078055980292355
0.9,0.3134894358103481,0.5257300043867285,0.16078055980292355
0.92,0.3134894358103481,0.5257300043867285,0.16078055980292355
0.9400000000000001,0.3134894358103481,0.5257300043867285,0.16078055980292355
0.96,0.3134894358103481,0.5257300043867285,0.16078055980292355
0.98,0.3134894358103481,0.5257300043867285,0.16078055980292355
1.0,0.3134894358103481,0.5257300043867285,0.16078055980292355
