fraction_of_volc,OH,H2O2,TMI
0.0,0.5826230458005199,0.11377339125091364,0.30360356294856644
0.02,0.5826230458005199,0.11377339125091364,0.30360356294856644
0.04,0.5826230458005199,0.11377339125091364,0.30360356294856644
0.06,0.5826230458005199,0.11377339125091364,0.30360356294856644
0.08,0.5826230458005199,0.11377339125091364,0.30360356294856644
0.1,0.5826230458005199,0.11377339125091364,0.30360356294856644
0.12,0.5826230458005199,0.11377339125091364,0.30360356294856644
0.14,0.5826230458005199,0.11377339125091364,0.30360356294856644
0.16,0.5826230458005199,0.11377339125091364,0.30360356294856644
0.18,0.5826230458005199,0.11377339125091364,0.30360356294856644
0.2,0.5826230458005199,0.11377339125091364,0.30360356294856644
0.22,0.5826230458005199,0.11377339125091364,0.30360356294856644
0.24,0.5826230458005199,0.11377339125091364,0.30360356294856644
0.26,0.5826230458005199,0.11377339125091364,0.30360356294856644
0.28,0.5826230458005199,0.11377339125091364,0.30360356294856644
0.3,0.5826230458005199,0.11377339125091364,0.30360356294856644
0.32,0.5826230458005199,0.11377339125091364,0.30360356294856644
0.34,0.5826230458005199,0.11377339125091364,0.30360356294856644
0.36,0.5826230458005199,0.11377339125091364,0.30360356294856644
0.38,0.5826230458005199,0.11377339125091364,0.30360356294856644
0.4,0.5826230458005199,0.11377339125091364,0.30360356294856644
0.42,0.5826230458005199,0.11377339125091364,0.30360356294856644
0.44,0.5826230458005199,0.11377339125091364,0.30360356294856644
0.46,0.5826230458005199,0.11377339125091364,0.30360356294856644
0.48,0.5826230458005199,0.11377339125091364,0.30360356294856644
0.5,0.5826230458005199,0.11377339125091364,0.30360356294856644
0.52,0.5826230458005199,0.11377339125091364,0.30360356294856644
0.54,0.5826230458005199,0.11377339125091364,0.30360356294856644
0.56,0.5643167596976497,0.12551974977759162,0.3101634905247587
0.58,0.5460104735947794,0.13726610830426958,0.316723418100951
0.6,0.5277041874919092,0.14901246683094754,0.3232833456771433
0.62,0.509397901389039,0.1607588253576255,0.32984327325333557
0.64,0.4910916152861687,0.17250518388430347,0.33640320082952785
0.66,0.4727853291832984,0.18425154241098146,0.34296312840572013
0.68,0.4544790430804282,0.1959979009376594,0.34952305598191247
0.7000000000000001,0.4361727569775579,0.2077442594643374,0.35608298355810475
0.72,0.41786647087468765,0.21949061799101532,0.36264291113429703
0.74,0.39956018477181743,0.23123697651769332,0.3692028387104893
0.76,0.38125389866894716,0.24298333504437125,0.3757627662866816
0.78,0.3629476125660769,0.25472969357104924,0.3823226938628739
0.8,0.34464132646320667,0.26647605209772723,0.38888262143906616
0.8200000000000001,0.3263350403603364,0.27822241062440517,0.39544254901525844
0.84,0.3080287542574662,0.28996876915108316,0.4020024765914507
0.86,0.2897224681545959,0.3017151276777611,0.408562404167643
0.88,0.2897224681545959,0.3017151276777611,0.408562404167643
0.9,0.2897224681545959,0.3017151276777611,0.408562404167643
0.92,0.2897224681545959,0.3017151276777611,0.408562404167643
0.9400000000000001,0.2897224681545959,0.3017151276777611,0.408562404167643
0.96,0.2897224681545959,0.3017151276777611,0.408562404167643
0.98,0.2897224681545959,0.3017151276777611,0.408562404167643
1.0,0.2897224681545959,0.3017151276777611,0.408562404167643
