fraction_of_volc,OH,H2O2,TMI
0.0,0.2813094136185634,0.030688460533818806,0.6880021258476179
0.02,0.2813094136185634,0.030688460533818806,0.6880021258476179
0.04,0.2813094136185634,0.030688460533818806,0.6880021258476179
0.06,0.2813094136185634,0.030688460533818806,0.6880021258476179
0.08,0.2813094136185634,0.030688460533818806,0.6880021258476179
0.1,0.2813094136185634,0.030688460533818806,0.6880021258476179
0.12,0.2813094136185634,0.030688460533818806,0.6880021258476179
0.14,0.2813094136185634,0.030688460533818806,0.6880021258476179
0.16,0.2813094136185634,0.030688460533818806,0.6880021258476179
0.18,0.2813094136185634,0.030688460533818806,0.6880021258476179
0.2,0.2813094136185634,0.030688460533818806,0.6880021258476179
0.22,0.2813094136185634,0.030688460533818806,0.6880021258476179
0.24,0.2813094136185634,0.030688460533818806,0.6880021258476179
0.26,0.2813094136185634,0.030688460533818806,0.6880021258476179
0.28,0.2813094136185634,0.030688460533818806,0.6880021258476179
0.3,0.2813094136185634,0.030688460533818806,0.6880021258476179
0.32,0.2813094136185634,0.030688460533818806,0.6880021258476179
0.34,0.2813094136185634,0.030688460533818806,0.6880021258476179
0.36,0.2813094136185634,0.030688460533818806,0.6880021258476179
0.38,0.2813094136185634,0.030688460533818806,0.6880021258476179
0.4,0.2813094136185634,0.030688460533818806,0.6880021258476179
0.42,0.2813094136185634,0.030688460533818806,0.6880021258476179
0.44,0.2813094136185634,0.030688460533818806,0.6880021258476179
0.46,0.2813094136185634,0.030688460533818806,0.6880021258476179
0.48,0.2813094136185634,0.030688460533818806,0.6880021258476179
0.5,0.2813094136185634,0.030688460533818806,0.6880021258476179
0.52,0.2813094136185634,0.030688460533818806,0.6880021258476179
0.54,0.2813094136185634,0.030688460533818806,0.6880021258476179
0.56,0.2813094136185634,0.030688460533818806,0.6880021258476179
0.58,0.2813094136185634,0.030688460533818806,0.6880021258476179
0.6,0.2813094136185634,0.030688460533818806,0.6880021258476179
0.62,0.2813094136185634,0.030688460533818806,0.6880021258476179
0.64,0.2813094136185634,0.030688460533818806,0.6880021258476179
0.66,0.2813094136185634,0.030688460533818806,0.6880021258476179
0.68,0.2813094136185634,0.030688460533818806,0.6880021258476179
0.7000000000000001,0.2813094136185634,0.030688460533818806,0.6880021258476179
0.72,0.2813094136185634,0.030688460533818806,0.6880021258476179
0.74,0.2813094136185634,0.030688460533818806,0.6880021258476179
0.76,0.2813094136185634,0.030688460533818806,0.6880021258476179
0.78,0.2779586757142705,0.037622686475836026,0.6844186378098935
0.8,0.27460793780997766,0.04455691241785324,0.6808351497721692
0.8200000000000001,0.2712571999056848,0.05149113835987046,0.6772516617344448
0.84,0.2679064620013919,0.058425364301887675,0.6736681736967205
0.86,0.26455572409709904,0.06535959024390489,0.6700846856589961
0.88,0.2612049861928062,0.07229381618592211,0.6665011976212718
0.9,0.25785424828851333,0.07922804212793932,0.6629177095835475
0.92,0.2545035103842205,0.08616226806995654,0.6593342215458231
0.9400000000000001,0.2511527724799276,0.09309649401197376,0.6557507335080988
0.96,0.24780203457563474,0.10003071995399097,0.6521672454703744
0.98,0.24780203457563474,0.10003071995399097,0.6521672454703744
1.0,0.24780203457563474,0.10003071995399097,0.6521672454703744
