fraction_of_volc,OH,H2O2,TMI
0.0,0.05588772670260372,0.9086164216210657,0.03549585167633063
0.02,0.05588772670260372,0.9086164216210657,0.03549585167633063
0.04,0.05588772670260372,0.9086164216210657,0.03549585167633063
0.06,0.05588772670260372,0.9086164216210657,0.03549585167633063
0.08,0.05588772670260372,0.9086164216210657,0.03549585167633063
0.1,0.05588772670260372,0.9086164216210657,0.03549585167633063
0.12,0.05588772670260372,0.9086164216210657,0.03549585167633063
0.14,0.05588772670260372,0.9086164216210657,0.03549585167633063
0.16,0.05588772670260372,0.9086164216210657,0.03549585167633063
0.18,0.05588772670260372,0.9086164216210657,0.03549585167633063
0.2,0.05588772670260372,0.9086164216210657,0.03549585167633063
0.22,0.05588772670260372,0.9086164216210657,0.03549585167633063
0.24,0.05588772670260372,0.9086164216210657,0.03549585167633063
0.26,0.05588772670260372,0.9086164216210657,0.03549585167633063
0.28,0.05588772670260372,0.9086164216210657,0.03549585167633063
0.3,0.05588772670260372,0.9086164216210657,0.03549585167633063
0.32,0.05588772670260372,0.9086164216210657,0.03549585167633063
0.34,0.05588772670260372,0.9086164216210657,0.03549585167633063
0.36,0.05588772670260372,0.9086164216210657,0.03549585167633063
0.38,0.05588772670260372,0.9086164216210657,0.03549585167633063
0.4,0.05588772670260372,0.9086164216210657,0.03549585167633063
0.42,0.05588772670260372,0.9086164216210657,0.03549585167633063
0.44,0.05588772670260372,0.9086164216210657,0.03549585167633063
0.46,0.05588772670260372,0.9086164216210657,0.03549585167633063
0.48,0.05588772670260372,0.9086164216210657,0.03549585167633063
0.5,0.05588772670260372,0.9086164216210657,0.03549585167633063
0.52,0.05588772670260372,0.9086164216210657,0.03549585167633063
0.54,0.05588772670260372,0.9086164216210657,0.03549585167633063
0.56,0.05588772670260372,0.9086164216210657,0.03549585167633063
0.58,0.05588772670260372,0.9086164216210657,0.03549585167633063
0.6,0.06182410179658616,0.9002122459234213,0.03796365227999262
0.62,0.06776047689056859,0.8918080702257768,0.0404314528836546
0.64,0.07369685198455103,0.8834038945281324,0.04289925348731659
0.66,0.07963322707853347,0.874999718830488,0.045367054090978576
0.68,0.08556960217251591,0.8665955431328436,0.04783485469464056
0.7000000000000001,0.09150597726649834,0.8581913674351991,0.05030265529830255
0.72,0.09744235236048078,0.8497871917375547,0.05277045590196453
0.74,0.10337872745446322,0.8413830160399103,0.05523825650562652
0.76,0.10931510254844566,0.8329788403422658,0.05770605710928851
0.78,0.1152514776424281,0.8245746646446214,0.06017385771295049
0.8,0.12118785273641053,0.816170488946977,0.06264165831661248
0.8200000000000001,0.12712422783039298,0.8077663132493325,0.06510945892027446
0.84,0.1330606029243754,0.7993621375516881,0.06757725952393645
0.86,0.13899697801835784,0.7909579618540437,0.07004506012759842
0.88,0.1449333531123403,0.7825537861563991,0.07251286073126043
0.9,0.15086972820632272,0.7741496104587547,0.0749806613349224
0.92,0.15680610330030517,0.7657454347611103,0.0774484619385844
0.9400000000000001,0.1627424783942876,0.7573412590634659,0.07991626254224637
0.96,0.16867885348827003,0.7489370833658214,0.08238406314590836
0.98,0.17461522858225248,0.740532907668177,0.08485186374957035
1.0,0.17461522858225248,0.740532907668177,0.08485186374957035
