fraction_of_volc,OH,H2O2,TMI
0.0,0.010329908580049502,0.9685585731759374,0.021111518244013163
0.02,0.010329908580049502,0.9685585731759374,0.021111518244013163
0.04,0.010329908580049502,0.9685585731759374,0.021111518244013163
0.06,0.010329908580049502,0.9685585731759374,0.021111518244013163
0.08,0.010329908580049502,0.9685585731759374,0.021111518244013163
0.1,0.010329908580049502,0.9685585731759374,0.021111518244013163
0.12,0.010329908580049502,0.9685585731759374,0.021111518244013163
0.14,0.010329908580049502,0.9685585731759374,0.021111518244013163
0.16,0.010329908580049502,0.9685585731759374,0.021111518244013163
0.18,0.010329908580049502,0.9685585731759374,0.021111518244013163
0.2,0.010329908580049502,0.9685585731759374,0.021111518244013163
0.22,0.010329908580049502,0.9685585731759374,0.021111518244013163
0.24,0.010329908580049502,0.9685585731759374,0.021111518244013163
0.26,0.010329908580049502,0.9685585731759374,0.021111518244013163
0.28,0.010329908580049502,0.9685585731759374,0.021111518244013163
0.3,0.010329908580049502,0.9685585731759374,0.021111518244013163
0.32,0.010329908580049502,0.9685585731759374,0.021111518244013163
0.34,0.010329908580049502,0.9685585731759374,0.021111518244013163
0.36,0.010329908580049502,0.9685585731759374,0.021111518244013163
0.38,0.010329908580049502,0.9685585731759374,0.021111518244013163
0.4,0.010329908580049502,0.9685585731759374,0.021111518244013163
0.42,0.010329908580049502,0.9685585731759374,0.021111518244013163
0.44,0.010329908580049502,0.9685585731759374,0.021111518244013163
0.46,0.010329908580049502,0.9685585731759374,0.021111518244013163
0.48,0.010329908580049502,0.9685585731759374,0.021111518244013163
0.5,0.010329908580049502,0.9685585731759374,0.021111518244013163
0.52,0.010329908580049502,0.9685585731759374,0.021111518244013163
0.54,0.010329908580049502,0.9685585731759374,0.021111518244013163
0.56,0.03747700779302296,0.9161437647302632,0.046379227476714
0.58,0.06462410700599641,0.8637289562845888,0.07164693670941484
0.6,0.09177120621896988,0.8113141478389145,0.09691464594211568
0.62,0.11891830543194333,0.7588993393932402,0.12218235517481651
0.64,0.1460654046449168,0.7064845309475659,0.14745006440751734
0.66,0.17321250385789025,0.6540697225018917,0.1727177736402182
0.68,0.2003596030708637,0.6016549140562173,0.19798548287291903
0.7000000000000001,0.22750670228383715,0.549240105610543,0.22325319210561986
0.72,0.2546538014968106,0.49682529716486873,0.2485209013383207
0.74,0.2818009007097841,0.4444104887191944,0.2737886105710215
0.76,0.3089479999227575,0.39199568027352016,0.2990563198037223
0.78,0.336095099135731,0.3395808718278459,0.3243240290364232
0.8,0.3632421983487044,0.28716606338217154,0.34959173826912404
0.8200000000000001,0.3903892975616779,0.2347512549364973,0.37485944750182487
0.84,0.4175363967746513,0.18233644649082292,0.4001271567345257
0.86,0.4446834959876248,0.12992163804514872,0.42539486596722653
0.88,0.4446834959876248,0.12992163804514872,0.42539486596722653
0.9,0.4446834959876248,0.12992163804514872,0.42539486596722653
0.92,0.4446834959876248,0.12992163804514872,0.42539486596722653
0.9400000000000001,0.4446834959876248,0.12992163804514872,0.42539486596722653
0.96,0.4446834959876248,0.12992163804514872,0.42539486596722653
0.98,0.4446834959876248,0.12992163804514872,0.42539486596722653
1.0,0.4446834959876248,0.12992163804514872,0.42539486596722653
