fraction_of_volc,OH,H2O2,TMI
0.0,0.6785602550276586,0.008709096548616556,0.3127306484237249
0.02,0.6785602550276586,0.008709096548616556,0.3127306484237249
0.04,0.6785602550276586,0.008709096548616556,0.3127306484237249
0.06,0.6785602550276586,0.008709096548616556,0.3127306484237249
0.08,0.6785602550276586,0.008709096548616556,0.3127306484237249
0.1,0.6785602550276586,0.008709096548616556,0.3127306484237249
0.12,0.6785602550276586,0.008709096548616556,0.3127306484237249
0.14,0.6785602550276586,0.008709096548616556,0.3127306484237249
0.16,0.6785602550276586,0.008709096548616556,0.3127306484237249
0.18,0.6785602550276586,0.008709096548616556,0.3127306484237249
0.2,0.6785602550276586,0.008709096548616556,0.3127306484237249
0.22,0.6785602550276586,0.008709096548616556,0.3127306484237249
0.24,0.6785602550276586,0.008709096548616556,0.3127306484237249
0.26,0.6785602550276586,0.008709096548616556,0.3127306484237249
0.28,0.6785602550276586,0.008709096548616556,0.3127306484237249
0.3,0.6785602550276586,0.008709096548616556,0.3127306484237249
0.32,0.6785602550276586,0.008709096548616556,0.3127306484237249
0.34,0.6785602550276586,0.008709096548616556,0.3127306484237249
0.36,0.6785602550276586,0.008709096548616556,0.3127306484237249
0.38,0.6785602550276586,0.008709096548616556,0.3127306484237249
0.4,0.6785602550276586,0.008709096548616556,0.3127306484237249
0.42,0.6785602550276586,0.008709096548616556,0.3127306484237249
0.44,0.6764398723041797,0.022531925348715946,0.3010282023471044
0.46,0.6743194895807008,0.03635475414881533,0.28932575627048396
0.48,0.6721991068572217,0.05017758294891472,0.27762331019386355
0.5,0.6700787241337428,0.06400041174901411,0.2659208641172431
0.52,0.6679583414102639,0.07782324054911349,0.2542184180406226
0.54,0.665837958686785,0.09164606934921289,0.24251597196400218
0.56,0.663717575963306,0.10546889814931228,0.23081352588738174
0.58,0.661597193239827,0.11929172694941166,0.21911107981076128
0.6,0.6594768105163481,0.13311455574951106,0.2074086337341408
0.62,0.6573564277928692,0.14693738454961044,0.19570618765752038
0.64,0.6552360450693903,0.16076021334970983,0.18400374158089994
0.66,0.6531156623459113,0.17458304214980924,0.17230129550427947
0.68,0.6509952796224324,0.18840587094990863,0.160598849427659
0.7000000000000001,0.6488748968989534,0.202228699750008,0.14889640335103857
0.72,0.6467545141754745,0.2160515285501074,0.13719395727441813
0.74,0.6446341314519956,0.22987435735020678,0.12549151119779767
0.76,0.6446341314519956,0.22987435735020678,0.12549151119779767
0.78,0.6446341314519956,0.22987435735020678,0.12549151119779767
0.8,0.6446341314519956,0.22987435735020678,0.12549151119779767
0.8200000000000001,0.6446341314519956,0.22987435735020678,0.12549151119779767
0.84,0.6446341314519956,0.22987435735020678,0.12549151119779767
0.86,0.6446341314519956,0.22987435735020678,0.12549151119779767
0.88,0.6446341314519956,0.22987435735020678,0.12549151119779767
0.9,0.6446341314519956,0.22987435735020678,0.12549151119779767
0.92,0.6446341314519956,0.22987435735020678,0.12549151119779767
0.9400000000000001,0.6446341314519956,0.22987435735020678,0.12549151119779767
0.96,0.6446341314519956,0.22987435735020678,0.12549151119779767
0.98,0.6446341314519956,0.22987435735020678,0.12549151119779767
1.0,0.6446341314519956,0.22987435735020678,0.12549151119779767
