fraction_of_volc,OH,H2O2,TMI
0.0,0.3649751543973869,0.3257827983345361,0.3092420472680769
0.02,0.3649751543973869,0.3257827983345361,0.3092420472680769
0.04,0.3649751543973869,0.3257827983345361,0.3092420472680769
0.06,0.3649751543973869,0.3257827983345361,0.3092420472680769
0.08,0.3649751543973869,0.3257827983345361,0.3092420472680769
0.1,0.3649751543973869,0.3257827983345361,0.3092420472680769
0.12,0.3649751543973869,0.3257827983345361,0.3092420472680769
0.14,0.3649751543973869,0.3257827983345361,0.3092420472680769
0.16,0.3649751543973869,0.3257827983345361,0.3092420472680769
0.18,0.3649751543973869,0.3257827983345361,0.3092420472680769
0.2,0.3649751543973869,0.3257827983345361,0.3092420472680769
0.22,0.3649751543973869,0.3257827983345361,0.3092420472680769
0.24,0.3649751543973869,0.3257827983345361,0.3092420472680769
0.26,0.3649751543973869,0.3257827983345361,0.3092420472680769
0.28,0.3649751543973869,0.3257827983345361,0.3092420472680769
0.3,0.3649751543973869,0.3257827983345361,0.3092420472680769
0.32,0.3649751543973869,0.3257827983345361,0.3092420472680769
0.34,0.3649751543973869,0.3257827983345361,0.3092420472680769
0.36,0.3649751543973869,0.3257827983345361,0.3092420472680769
0.38,0.3649751543973869,0.3257827983345361,0.3092420472680769
0.4,0.3649751543973869,0.3257827983345361,0.3092420472680769
0.42,0.3649751543973869,0.3257827983345361,0.3092420472680769
0.44,0.3649751543973869,0.3257827983345361,0.3092420472680769
0.46,0.3649751543973869,0.3257827983345361,0.3092420472680769
0.48,0.3649751543973869,0.3257827983345361,0.3092420472680769
0.5,0.3649751543973869,0.3257827983345361,0.3092420472680769
0.52,0.3649751543973869,0.3257827983345361,0.3092420472680769
0.54,0.3649751543973869,0.3257827983345361,0.3092420472680769
0.56,0.3649751543973869,0.3257827983345361,0.3092420472680769
0.58,0.3649751543973869,0.3257827983345361,0.3092420472680769
0.6,0.3716074544343432,0.30846154752931465,0.3199309980363421
0.62,0.3782397544712994,0.29114029672409314,0.3306199488046074
0.64,0.3848720545082557,0.2738190459188717,0.3413088995728726
0.66,0.39150435454521193,0.25649779511365023,0.35199785034113784
0.68,0.3981366545821682,0.23917654430842872,0.36268680110940305
0.7000000000000001,0.40476895461912443,0.22185529350320726,0.3733757518776683
0.72,0.4114012546560807,0.20453404269798578,0.3840647026459335
0.74,0.4180335546930369,0.1872127918927643,0.39475365341419877
0.76,0.42466585472999313,0.1698915410875428,0.405442604182464
0.78,0.4312981547669494,0.15257029028232133,0.41613155495072923
0.8,0.43793045480390563,0.13524903947709987,0.42682050571899444
0.8200000000000001,0.4445627548408619,0.11792778867187839,0.4375094564872597
0.84,0.45119505487781814,0.10060653786665691,0.4481984072555249
0.86,0.45119505487781814,0.10060653786665691,0.4481984072555249
0.88,0.45119505487781814,0.10060653786665691,0.4481984072555249
0.9,0.45119505487781814,0.10060653786665691,0.4481984072555249
0.92,0.45119505487781814,0.10060653786665691,0.4481984072555249
0.9400000000000001,0.45119505487781814,0.10060653786665691,0.4481984072555249
0.96,0.45119505487781814,0.10060653786665691,0.4481984072555249
0.98,0.45119505487781814,0.10060653786665691,0.4481984072555249
1.0,0.45119505487781814,0.10060653786665691,0.4481984072555249
