fraction_of_volc,OH,H2O2,TMI
0.0,0.32653354275876056,0.2384842572655172,0.43498219997572235
0.02,0.32653354275876056,0.2384842572655172,0.43498219997572235
0.04,0.32653354275876056,0.2384842572655172,0.43498219997572235
0.06,0.32653354275876056,0.2384842572655172,0.43498219997572235
0.08,0.32653354275876056,0.2384842572655172,0.43498219997572235
0.1,0.32653354275876056,0.2384842572655172,0.43498219997572235
0.12,0.32653354275876056,0.2384842572655172,0.43498219997572235
0.14,0.32653354275876056,0.2384842572655172,0.43498219997572235
0.16,0.32653354275876056,0.2384842572655172,0.43498219997572235
0.18,0.32653354275876056,0.2384842572655172,0.43498219997572235
0.2,0.32653354275876056,0.2384842572655172,0.43498219997572235
0.22,0.32653354275876056,0.2384842572655172,0.43498219997572235
0.24,0.32653354275876056,0.2384842572655172,0.43498219997572235
0.26,0.32653354275876056,0.2384842572655172,0.43498219997572235
0.28,0.32653354275876056,0.2384842572655172,0.43498219997572235
0.3,0.32653354275876056,0.2384842572655172,0.43498219997572235
0.32,0.32653354275876056,0.2384842572655172,0.43498219997572235
0.34,0.32653354275876056,0.2384842572655172,0.43498219997572235
0.36,0.32653354275876056,0.2384842572655172,0.43498219997572235
0.38,0.32653354275876056,0.2384842572655172,0.43498219997572235
0.4,0.34004561830827146,0.24075934852295186,0.41919503316877677
0.42,0.3535576938577824,0.24303443978038652,0.4034078663618312
0.44,0.3670697694072933,0.2453095310378212,0.3876206995548856
0.46,0.38058184495680425,0.24758462229525585,0.37183353274794
0.48,0.39409392050631514,0.24985971355269054,0.3560463659409944
0.5,0.40760599605582604,0.2521348048101252,0.3402591991340488
0.52,0.421118071605337,0.25440989606755987,0.3244720323271032
0.54,0.4346301471548479,0.2566849873249945,0.3086848655201576
0.56,0.44814222270435883,0.2589600785824292,0.29289769871321203
0.58,0.4616542982538697,0.2612351698398639,0.27711053190626644
0.6,0.47516637380338067,0.2635102610972985,0.26132336509932086
0.62,0.48867844935289156,0.2657853523547332,0.24553619829237527
0.64,0.5021905249024025,0.26806044361216785,0.2297490314854297
0.66,0.5157026004519134,0.27033553486960255,0.2139618646784841
0.68,0.5292146760014242,0.2726106261270372,0.19817469787153852
0.7000000000000001,0.5427267515509352,0.2748857173844719,0.18238753106459293
0.72,0.5562388271004461,0.2771608086419065,0.16660036425764735
0.74,0.5697509026499571,0.2794358998993412,0.15081319745070176
0.76,0.583262978199468,0.2817109911567759,0.13502603064375618
0.78,0.5967750537489789,0.28398608241421053,0.1192388638368106
0.8,0.6102871292984898,0.2862611736716452,0.10345169702986501
0.8200000000000001,0.6237992048480008,0.28853626492907986,0.08766453022291942
0.84,0.6373112803975116,0.29081135618651455,0.07187736341597384
0.86,0.6508233559470226,0.2930864474439492,0.0560901966090282
0.88,0.6643354314965335,0.2953615387013839,0.04030302980208261
0.9,0.6778475070460444,0.2976366299588185,0.024515862995137028
0.92,0.6913595825955553,0.2999117212162532,0.008728696188191436
0.9400000000000001,0.6913595825955553,0.2999117212162532,0.008728696188191436
0.96,0.6913595825955553,0.2999117212162532,0.008728696188191436
0.98,0.6913595825955553,0.2999117212162532,0.008728696188191436
1.0,0.6913595825955553,0.2999117212162532,0.008728696188191436
