fraction_of_volc,OH,H2O2,TMI
0.0,0.04835435505339625,0.7106504298200085,0.24099521512659516
0.02,0.04835435505339625,0.7106504298200085,0.24099521512659516
0.04,0.04835435505339625,0.7106504298200085,0.24099521512659516
0.06,0.04835435505339625,0.7106504298200085,0.24099521512659516
0.08,0.04835435505339625,0.7106504298200085,0.24099521512659516
0.1,0.04835435505339625,0.7106504298200085,0.24099521512659516
0.12,0.04835435505339625,0.7106504298200085,0.24099521512659516
0.14,0.04835435505339625,0.7106504298200085,0.24099521512659516
0.16,0.04835435505339625,0.7106504298200085,0.24099521512659516
0.18,0.04835435505339625,0.7106504298200085,0.24099521512659516
0.2,0.04835435505339625,0.7106504298200085,0.24099521512659516
0.22,0.04835435505339625,0.7106504298200085,0.24099521512659516
0.24,0.04835435505339625,0.7106504298200085,0.24099521512659516
0.26,0.04835435505339625,0.7106504298200085,0.24099521512659516
0.28,0.04835435505339625,0.7106504298200085,0.24099521512659516
0.3,0.04835435505339625,0.7106504298200085,0.24099521512659516
0.32,0.04835435505339625,0.7106504298200085,0.24099521512659516
0.34,0.04835435505339625,0.7106504298200085,0.24099521512659516
0.36,0.04835435505339625,0.7106504298200085,0.24099521512659516
0.38,0.04835435505339625,0.7106504298200085,0.24099521512659516
0.4,0.04835435505339625,0.7106504298200085,0.24099521512659516
0.42,0.04835435505339625,0.7106504298200085,0.24099521512659516
0.44,0.04835435505339625,0.7106504298200085,0.24099521512659516
0.46,0.04835435505339625,0.7106504298200085,0.24099521512659516
0.48,0.04835435505339625,0.7106504298200085,0.24099521512659516
0.5,0.04835435505339625,0.7106504298200085,0.24099521512659516
0.52,0.04835435505339625,0.7106504298200085,0.24099521512659516
0.54,0.07250640782769333,0.6179209048260097,0.30957268734629684
0.56,0.09665846060199039,0.5251913798320109,0.3781501595659985
0.58,0.12081051337628745,0.4324618548380122,0.44672763178570024
0.6,0.14496256615058453,0.3397323298440134,0.515305104005402
0.62,0.1691146189248816,0.24700280485001463,0.5838825762251036
0.64,0.19326667169917866,0.1542732798560159,0.6524600484448053
0.66,0.21741872447347574,0.0615437548620171,0.721037520664507
0.68,0.21741872447347574,0.0615437548620171,0.721037520664507
0.7000000000000001,0.21741872447347574,0.0615437548620171,0.721037520664507
0.72,0.21741872447347574,0.0615437548620171,0.721037520664507
0.74,0.21741872447347574,0.0615437548620171,0.721037520664507
0.76,0.21741872447347574,0.0615437548620171,0.721037520664507
0.78,0.21741872447347574,0.0615437548620171,0.721037520664507
0.8,0.21741872447347574,0.0615437548620171,0.721037520664507
0.8200000000000001,0.21741872447347574,0.0615437548620171,0.721037520664507
0.84,0.21741872447347574,0.0615437548620171,0.721037520664507
0.86,0.21741872447347574,0.0615437548620171,0.721037520664507
0.88,0.21741872447347574,0.0615437548620171,0.721037520664507
0.9,0.21741872447347574,0.0615437548620171,0.721037520664507
0.92,0.21741872447347574,0.0615437548620171,0.721037520664507
0.9400000000000001,0.21741872447347574,0.0615437548620171,0.721037520664507
0.96,0.21741872447347574,0.0615437548620171,0.721037520664507
0.98,0.21741872447347574,0.0615437548620171,0.721037520664507
1.0,0.21741872447347574,0.0615437548620171,0.721037520664507
