fraction_of_volc,OH,H2O2,TMI
0.0,0.4332122976240593,0.007551256192880303,0.5592364461830602
0.02,0.4332122976240593,0.007551256192880303,0.5592364461830602
0.04,0.4332122976240593,0.007551256192880303,0.5592364461830602
0.06,0.4332122976240593,0.007551256192880303,0.5592364461830602
0.08,0.4332122976240593,0.007551256192880303,0.5592364461830602
0.1,0.4332122976240593,0.007551256192880303,0.5592364461830602
0.12,0.4332122976240593,0.007551256192880303,0.5592364461830602
0.14,0.4332122976240593,0.007551256192880303,0.5592364461830602
0.16,0.4332122976240593,0.007551256192880303,0.5592364461830602
0.18,0.4332122976240593,0.007551256192880303,0.5592364461830602
0.2,0.4332122976240593,0.007551256192880303,0.5592364461830602
0.22,0.4332122976240593,0.007551256192880303,0.5592364461830602
0.24,0.4332122976240593,0.007551256192880303,0.5592364461830602
0.26,0.4332122976240593,0.007551256192880303,0.5592364461830602
0.28,0.4332122976240593,0.007551256192880303,0.5592364461830602
0.3,0.4332122976240593,0.007551256192880303,0.5592364461830602
0.32,0.4332122976240593,0.007551256192880303,0.5592364461830602
0.34,0.4332122976240593,0.007551256192880303,0.5592364461830602
0.36,0.4332122976240593,0.007551256192880303,0.5592364461830602
0.38,0.4332122976240593,0.007551256192880303,0.5592364461830602
0.4,0.4332122976240593,0.007551256192880303,0.5592364461830602
0.42,0.4332122976240593,0.007551256192880303,0.5592364461830602
0.44,0.4332122976240593,0.007551256192880303,0.5592364461830602
0.46,0.41871025535278283,0.010631242039325148,0.5706585026078919
0.48,0.40420821308150645,0.013711227885769992,0.5820805590327234
0.5,0.38970617081023,0.016791213732214837,0.593502615457555
0.52,0.3752041285389536,0.019871199578659682,0.6049246718823865
0.54,0.3607020862676772,0.022951185425104527,0.6163467283072182
0.56,0.34620004399640075,0.026031171271549372,0.6277687847320497
0.58,0.3316980017251243,0.029111157117994217,0.6391908411568813
0.6,0.31719595945384793,0.03219114296443906,0.6506128975817129
0.62,0.3026939171825715,0.03527112881088391,0.6620349540065444
0.64,0.28819187491129505,0.03835111465732875,0.6734570104313761
0.66,0.27368983264001867,0.04143110050377359,0.6848790668562076
0.68,0.25918779036874223,0.044511086350218436,0.6963011232810392
0.7000000000000001,0.2446857480974658,0.04759107219666328,0.7077231797058707
0.72,0.23018370582618938,0.050671058043108126,0.7191452361307024
0.74,0.21568166355491294,0.05375104388955297,0.730567292555534
0.76,0.20117962128363653,0.056831029735997816,0.7419893489803655
0.78,0.18667757901236012,0.05991101558244266,0.753411405405197
0.8,0.1721755367410837,0.06299100142888751,0.7648334618300286
0.8200000000000001,0.15767349446980727,0.06607098727533235,0.7762555182548603
0.84,0.14317145219853084,0.0691509731217772,0.7876775746796918
0.86,0.12866940992725445,0.07223095896822204,0.7990996311045234
0.88,0.11416736765597801,0.07531094481466688,0.810521687529355
0.9,0.09966532538470159,0.07839093066111173,0.8219437439541866
0.92,0.09966532538470159,0.07839093066111173,0.8219437439541866
0.9400000000000001,0.09966532538470159,0.07839093066111173,0.8219437439541866
0.96,0.09966532538470159,0.07839093066111173,0.8219437439541866
0.98,0.09966532538470159,0.07839093066111173,0.8219437439541866
1.0,0.09966532538470159,0.07839093066111173,0.8219437439541866
