fraction_of_volc,OH,H2O2,TMI
0.0,0.2922604966428791,0.27934363100284276,0.42839587235427806
0.02,0.2922604966428791,0.27934363100284276,0.42839587235427806
0.04,0.2922604966428791,0.27934363100284276,0.42839587235427806
0.06,0.2922604966428791,0.27934363100284276,0.42839587235427806
0.08,0.2922604966428791,0.27934363100284276,0.42839587235427806
0.1,0.2922604966428791,0.27934363100284276,0.42839587235427806
0.12,0.2922604966428791,0.27934363100284276,0.42839587235427806
0.14,0.2922604966428791,0.27934363100284276,0.42839587235427806
0.16,0.2922604966428791,0.27934363100284276,0.42839587235427806
0.18,0.2922604966428791,0.27934363100284276,0.42839587235427806
0.2,0.2922604966428791,0.27934363100284276,0.42839587235427806
0.22,0.2922604966428791,0.27934363100284276,0.42839587235427806
0.24,0.2922604966428791,0.27934363100284276,0.42839587235427806
0.26,0.2922604966428791,0.27934363100284276,0.42839587235427806
0.28,0.2922604966428791,0.27934363100284276,0.42839587235427806
0.3,0.2838357943567592,0.2936761722026311,0.42248803344060964
0.32,0.2754110920706393,0.30800871340241937,0.4165801945269412
0.34,0.26698638978451944,0.3223412546022077,0.41067235561327287
0.36,0.25856168749839953,0.33667379580199597,0.40476451669960445
0.38,0.2501369852122796,0.3510063370017843,0.39885667778593603
0.4,0.2417122829261597,0.3653388782015726,0.3929488388722676
0.42,0.23328758064003982,0.37967141940136095,0.3870409999585992
0.44,0.22486287835391994,0.39400396060114923,0.3811331610449308
0.46,0.21643817606780003,0.4083365018009375,0.37522532213126236
0.48,0.2080134737816801,0.42266904300072583,0.369317483217594
0.5,0.19958877149556023,0.43700158420051416,0.3634096443039256
0.52,0.19116406920944032,0.4513341254003025,0.35750180539025717
0.54,0.18273936692332043,0.46566666660009076,0.35159396647658875
0.56,0.17431466463720052,0.4799992077998791,0.3456861275629204
0.58,0.16588996235108064,0.49433174899966736,0.33977828864925197
0.6,0.15746526006496073,0.5086642901994557,0.33387044973558355
0.62,0.14904055777884082,0.522996831399244,0.32796261082191513
0.64,0.14061585549272093,0.5373293725990322,0.3220547719082467
0.66,0.13219115320660102,0.5516619137988206,0.3161469329945783
0.68,0.12376645092048114,0.5659944549986089,0.3102390940809099
0.7000000000000001,0.11534174863436122,0.5803269961983972,0.30433125516724147
0.72,0.10691704634824134,0.5946595373981856,0.2984234162535731
0.74,0.09849234406212143,0.6089920785979739,0.2925155773399047
0.76,0.09006764177600152,0.6233246197977622,0.28660773842623627
0.78,0.08164293948988163,0.6376571609975505,0.2806998995125679
0.8,0.07321823720376172,0.6519897021973388,0.2747920605988995
0.8200000000000001,0.06479353491764184,0.6663222433971271,0.2688842216852311
0.84,0.056368832631521926,0.6806547845969154,0.26297638277156266
0.86,0.04794413034540204,0.6949873257967036,0.25706854385789424
0.88,0.03951942805928216,0.709319866996492,0.2511607049442258
0.9,0.031094725773162246,0.7236524081962803,0.24525286603055743
0.92,0.022670023487042345,0.7379849493960686,0.23934502711688901
0.9400000000000001,0.022670023487042345,0.7379849493960686,0.23934502711688901
0.96,0.022670023487042345,0.7379849493960686,0.23934502711688901
0.98,0.022670023487042345,0.7379849493960686,0.23934502711688901
1.0,0.022670023487042345,0.7379849493960686,0.23934502711688901
