fraction_of_volc,OH,H2O2,TMI
0.0,0.6229706801376751,0.2926697087426441,0.08435961111968084
0.02,0.6229706801376751,0.2926697087426441,0.08435961111968084
0.04,0.6229706801376751,0.2926697087426441,0.08435961111968084
0.06,0.6229706801376751,0.2926697087426441,0.08435961111968084
0.08,0.6229706801376751,0.2926697087426441,0.08435961111968084
0.1,0.6229706801376751,0.2926697087426441,0.08435961111968084
0.12,0.6229706801376751,0.2926697087426441,0.08435961111968084
0.14,0.6229706801376751,0.2926697087426441,0.08435961111968084
0.16,0.6229706801376751,0.2926697087426441,0.08435961111968084
0.18,0.6229706801376751,0.2926697087426441,0.08435961111968084
0.2,0.6229706801376751,0.2926697087426441,0.08435961111968084
0.22,0.6229706801376751,0.2926697087426441,0.08435961111968084
0.24,0.6229706801376751,0.2926697087426441,0.08435961111968084
0.26,0.6229706801376751,0.2926697087426441,0.08435961111968084
0.28,0.6229706801376751,0.2926697087426441,0.08435961111968084
0.3,0.6112394547790636,0.29255123879471456,0.09620930642622187
0.32,0.599508229420452,0.2924327688467851,0.10805900173276291
0.34,0.5877770040618405,0.2923142988988556,0.11990869703930394
0.36,0.5760457787032289,0.2921958289509261,0.13175839234584497
0.38,0.5643145533446174,0.2920773590029966,0.14360808765238603
0.4,0.5525833279860058,0.2919588890550671,0.15545778295892704
0.42,0.5408521026273944,0.2918404191071376,0.1673074782654681
0.44,0.5291208772687828,0.2917219491592081,0.1791571735720091
0.46,0.5173896519101713,0.2916034792112786,0.19100686887855017
0.48,0.5056584265515598,0.29148500926334914,0.20285656418509118
0.5,0.4939272011929482,0.2913665393154196,0.21470625949163225
0.52,0.48219597583433665,0.29124806936749015,0.22655595479817325
0.54,0.4704647504757251,0.2911295994195606,0.23840565010471432
0.56,0.4587335251171136,0.29101112947163116,0.2502553454112553
0.58,0.44700229975850203,0.29089265952370164,0.2621050407177964
0.6,0.43527107439989055,0.2907741895757721,0.2739547360243374
0.62,0.42353984904127895,0.29065571962784265,0.28580443133087846
0.64,0.41180862368266746,0.2905372496799131,0.29765412663741947
0.66,0.4000773983240559,0.29041877973198366,0.30950382194396053
0.68,0.3883461729654444,0.29030030978405413,0.32135351725050154
0.7000000000000001,0.37661494760683284,0.29018183983612467,0.3332032125570426
0.72,0.3648837222482213,0.29006336988819514,0.3450529078635836
0.74,0.35315249688960976,0.2899448999402657,0.3569026031701247
0.76,0.3414212715309982,0.28982642999233615,0.3687522984766657
0.78,0.3296900461723867,0.2897079600444067,0.3806019937832067
0.8,0.31795882081377513,0.28958949009647716,0.39245168908974776
0.8200000000000001,0.30622759545516365,0.2894710201485477,0.4043013843962888
0.84,0.2944963700965521,0.2893525502006182,0.41615107970282983
0.86,0.28276514473794057,0.2892340802526887,0.42800077500937084
0.88,0.271033919379329,0.2891156103047592,0.4398504703159119
0.9,0.271033919379329,0.2891156103047592,0.4398504703159119
0.92,0.271033919379329,0.2891156103047592,0.4398504703159119
0.9400000000000001,0.271033919379329,0.2891156103047592,0.4398504703159119
0.96,0.271033919379329,0.2891156103047592,0.4398504703159119
0.98,0.271033919379329,0.2891156103047592,0.4398504703159119
1.0,0.271033919379329,0.2891156103047592,0.4398504703159119
