fraction_of_volc,OH,H2O2,TMI
0.0,0.8713718926080652,0.08774192988376796,0.04088617750816662
0.02,0.8713718926080652,0.08774192988376796,0.04088617750816662
0.04,0.8713718926080652,0.08774192988376796,0.04088617750816662
0.06,0.8713718926080652,0.08774192988376796,0.04088617750816662
0.08,0.8497863024004279,0.09248189625827422,0.05773180134129774
0.1,0.8282007121927906,0.09722186263278046,0.07457742517442886
0.12,0.8066151219851532,0.10196182900728672,0.09142304900755997
0.14,0.7850295317775158,0.10670179538179297,0.10826867284069108
0.16,0.7634439415698784,0.11144176175629922,0.1251142966738222
0.18,0.7418583513622411,0.11618172813080548,0.14195992050695333
0.2,0.7202727611546037,0.12092169450531173,0.15880554434008443
0.22,0.6986871709469664,0.12566166087981798,0.17565116817321555
0.24,0.677101580739329,0.13040162725432422,0.19249679200634667
0.26,0.6555159905316916,0.1351415936288305,0.2093424158394778
0.28,0.6339304003240542,0.13988156000333674,0.2261880396726089
0.3,0.612344810116417,0.14462152637784298,0.24303366350574002
0.32,0.5907592199087796,0.14936149275234922,0.25987928733887117
0.34,0.5691736297011423,0.1541014591268555,0.27672491117200226
0.36,0.5475880394935049,0.15884142550136174,0.2935705350051334
0.38,0.5260024492858675,0.163581391875868,0.3104161588382645
0.4,0.5044168590782301,0.16832135825037425,0.3272617826713956
0.42,0.48283126887059274,0.1730613246248805,0.34410740650452676
0.44,0.4612456786629554,0.17780129099938674,0.36095303033765785
0.46,0.439660088455318,0.18254125737389298,0.377798654170789
0.48,0.41807449824768067,0.18728122374839926,0.3946442780039201
0.5,0.39648890804004333,0.19202119012290553,0.4114899018370512
0.52,0.37490331783240594,0.19676115649741177,0.42833552567018235
0.54,0.35331772762476865,0.20150112287191801,0.44518114950331344
0.56,0.33173213741713126,0.20624108924642426,0.46202677333644454
0.58,0.31014654720949386,0.2109810556209305,0.4788723971695757
0.6,0.28856095700185647,0.21572102199543675,0.4957180210027068
0.62,0.2669753667942192,0.22046098836994305,0.5125636448358378
0.64,0.2453897765865818,0.2252009547444493,0.529409268668969
0.66,0.2238041863789444,0.22994092111895553,0.5462548925021001
0.68,0.2022185961713071,0.23468088749346178,0.5631005163352312
0.7000000000000001,0.1806330059636697,0.23942085386796802,0.5799461401683623
0.72,0.15904741575603232,0.24416082024247426,0.5967917640014935
0.74,0.13746182554839503,0.24890078661698056,0.6136373878346245
0.76,0.11587623534075764,0.2536407529914868,0.6304830116677557
0.78,0.09429064513312024,0.25838071936599305,0.6473286355008868
0.8,0.07270505492548296,0.2631206857404993,0.6641742593340179
0.8200000000000001,0.05111946471784551,0.26786065211500554,0.681019883167149
0.84,0.05111946471784551,0.26786065211500554,0.681019883167149
0.86,0.05111946471784551,0.26786065211500554,0.681019883167149
0.88,0.05111946471784551,0.26786065211500554,0.681019883167149
0.9,0.05111946471784551,0.26786065211500554,0.681019883167149
0.92,0.05111946471784551,0.26786065211500554,0.681019883167149
0.9400000000000001,0.05111946471784551,0.26786065211500554,0.681019883167149
0.96,0.05111946471784551,0.26786065211500554,0.681019883167149
0.98,0.05111946471784551,0.26786065211500554,0.681019883167149
1.0,0.05111946471784551,0.26786065211500554,0.681019883167149
