fraction_of_volc,OH,H2O2,TMI
0.0,0.04875609718023754,0.7598883841780466,0.19135551864171596
0.02,0.04875609718023754,0.7598883841780466,0.19135551864171596
0.04,0.04875609718023754,0.7598883841780466,0.19135551864171596
0.06,0.04875609718023754,0.7598883841780466,0.19135551864171596
0.08,0.04875609718023754,0.7598883841780466,0.19135551864171596
0.1,0.04875609718023754,0.7598883841780466,0.19135551864171596
0.12,0.04875609718023754,0.7598883841780466,0.19135551864171596
0.14,0.04875609718023754,0.7598883841780466,0.19135551864171596
0.16,0.04875609718023754,0.7598883841780466,0.19135551864171596
0.18,0.04875609718023754,0.7598883841780466,0.19135551864171596
0.2,0.04875609718023754,0.7598883841780466,0.19135551864171596
0.22,0.04875609718023754,0.7598883841780466,0.19135551864171596
0.24,0.04875609718023754,0.7598883841780466,0.19135551864171596
0.26,0.04875609718023754,0.7598883841780466,0.19135551864171596
0.28,0.04875609718023754,0.7598883841780466,0.19135551864171596
0.3,0.04875609718023754,0.7598883841780466,0.19135551864171596
0.32,0.04875609718023754,0.7598883841780466,0.19135551864171596
0.34,0.04875609718023754,0.7598883841780466,0.19135551864171596
0.36,0.04875609718023754,0.7598883841780466,0.19135551864171596
0.38,0.04875609718023754,0.7598883841780466,0.19135551864171596
0.4,0.04429352769559513,0.6873944194104846,0.2683120528939204
0.42,0.03983095821095271,0.6149004546429225,0.34526858714612485
0.44,0.035368388726310304,0.5424064898753604,0.4222251213983293
0.46,0.030905819241667895,0.46991252510779846,0.49918165565053374
0.48,0.026443249757025486,0.3974185603402364,0.5761381899027382
0.5,0.021980680272383073,0.3249245955726744,0.6530947241549426
0.52,0.01751811078774066,0.2524306308051123,0.730051258407147
0.54,0.013055541303098252,0.17993666603755032,0.8070077926593515
0.56,0.008592971818455843,0.10744270126998827,0.8839643269115559
0.58,0.008592971818455843,0.10744270126998827,0.8839643269115559
0.6,0.008592971818455843,0.10744270126998827,0.8839643269115559
0.62,0.008592971818455843,0.10744270126998827,0.8839643269115559
0.64,0.008592971818455843,0.10744270126998827,0.8839643269115559
0.66,0.008592971818455843,0.10744270126998827,0.8839643269115559
0.68,0.008592971818455843,0.10744270126998827,0.8839643269115559
0.7000000000000001,0.008592971818455843,0.10744270126998827,0.8839643269115559
0.72,0.008592971818455843,0.10744270126998827,0.8839643269115559
0.74,0.008592971818455843,0.10744270126998827,0.8839643269115559
0.76,0.008592971818455843,0.10744270126998827,0.8839643269115559
0.78,0.008592971818455843,0.10744270126998827,0.8839643269115559
0.8,0.008592971818455843,0.10744270126998827,0.8839643269115559
0.8200000000000001,0.008592971818455843,0.10744270126998827,0.8839643269115559
0.84,0.008592971818455843,0.10744270126998827,0.8839643269115559
0.86,0.008592971818455843,0.10744270126998827,0.8839643269115559
0.88,0.008592971818455843,0.10744270126998827,0.8839643269115559
0.9,0.008592971818455843,0.10744270126998827,0.8839643269115559
0.92,0.008592971818455843,0.10744270126998827,0.8839643269115559
0.9400000000000001,0.008592971818455843,0.10744270126998827,0.8839643269115559
0.96,0.008592971818455843,0.10744270126998827,0.8839643269115559
0.98,0.008592971818455843,0.10744270126998827,0.8839643269115559
1.0,0.008592971818455843,0.10744270126998827,0.8839643269115559
