fraction_of_volc,OH,H2O2,TMI
0.0,0.6151996696302963,0.34567020989461944,0.03913012047508449
0.02,0.6151996696302963,0.34567020989461944,0.03913012047508449
0.04,0.6151996696302963,0.34567020989461944,0.03913012047508449
0.06,0.6151996696302963,0.34567020989461944,0.03913012047508449
0.08,0.6151996696302963,0.34567020989461944,0.03913012047508449
0.1,0.6151996696302963,0.34567020989461944,0.03913012047508449
0.12,0.6151996696302963,0.34567020989461944,0.03913012047508449
0.14,0.6151996696302963,0.34567020989461944,0.03913012047508449
0.16,0.6151996696302963,0.34567020989461944,0.03913012047508449
0.18,0.6151996696302963,0.34567020989461944,0.03913012047508449
0.2,0.6151996696302963,0.34567020989461944,0.03913012047508449
0.22,0.6151996696302963,0.34567020989461944,0.03913012047508449
0.24,0.6151996696302963,0.34567020989461944,0.03913012047508449
0.26,0.5521413387388795,0.3227559680176397,0.12510269324348094
0.28,0.48908300784746267,0.29984172614066007,0.2110752660118774
0.3,0.42602467695604584,0.27692748426368036,0.29704783878027385
0.32,0.3629663460646291,0.2540132423867007,0.3830204115486703
0.34,0.2999080151732123,0.231099000509721,0.4689929843170667
0.36,0.23684968428179548,0.2081847586327413,0.5549655570854632
0.38,0.17379135339037866,0.18527051675576162,0.6409381298538597
0.4,0.17379135339037866,0.18527051675576162,0.6409381298538597
0.42,0.17379135339037866,0.18527051675576162,0.6409381298538597
0.44,0.17379135339037866,0.18527051675576162,0.6409381298538597
0.46,0.17379135339037866,0.18527051675576162,0.6409381298538597
0.48,0.17379135339037866,0.18527051675576162,0.6409381298538597
0.5,0.17379135339037866,0.18527051675576162,0.6409381298538597
0.52,0.17379135339037866,0.18527051675576162,0.6409381298538597
0.54,0.17379135339037866,0.18527051675576162,0.6409381298538597
0.56,0.17379135339037866,0.18527051675576162,0.6409381298538597
0.58,0.17379135339037866,0.18527051675576162,0.6409381298538597
0.6,0.17379135339037866,0.18527051675576162,0.6409381298538597
0.62,0.17379135339037866,0.18527051675576162,0.6409381298538597
0.64,0.17379135339037866,0.18527051675576162,0.6409381298538597
0.66,0.17379135339037866,0.18527051675576162,0.6409381298538597
0.68,0.17379135339037866,0.18527051675576162,0.6409381298538597
0.7000000000000001,0.17379135339037866,0.18527051675576162,0.6409381298538597
0.72,0.17379135339037866,0.18527051675576162,0.6409381298538597
0.74,0.17379135339037866,0.18527051675576162,0.6409381298538597
0.76,0.17379135339037866,0.18527051675576162,0.6409381298538597
0.78,0.17379135339037866,0.18527051675576162,0.6409381298538597
0.8,0.17379135339037866,0.18527051675576162,0.6409381298538597
0.8200000000000001,0.17379135339037866,0.18527051675576162,0.6409381298538597
0.84,0.17379135339037866,0.18527051675576162,0.6409381298538597
0.86,0.17379135339037866,0.18527051675576162,0.6409381298538597
0.88,0.17379135339037866,0.18527051675576162,0.6409381298538597
0.9,0.17379135339037866,0.18527051675576162,0.6409381298538597
0.92,0.17379135339037866,0.18527051675576162,0.6409381298538597
0.9400000000000001,0.17379135339037866,0.18527051675576162,0.6409381298538597
0.96,0.17379135339037866,0.18527051675576162,0.6409381298538597
0.98,0.17379135339037866,0.18527051675576162,0.6409381298538597
1.0,0.17379135339037866,0.18527051675576162,0.6409381298538597
