fraction_of_volc,OH,H2O2,TMI
0.0,0.6314884827865587,0.24736436455572858,0.12114715265771278
0.02,0.6314884827865587,0.24736436455572858,0.12114715265771278
0.04,0.6314884827865587,0.24736436455572858,0.12114715265771278
0.06,0.6314884827865587,0.24736436455572858,0.12114715265771278
0.08,0.6314884827865587,0.24736436455572858,0.12114715265771278
0.1,0.6314884827865587,0.24736436455572858,0.12114715265771278
0.12,0.6314884827865587,0.24736436455572858,0.12114715265771278
0.14,0.6314884827865587,0.24736436455572858,0.12114715265771278
0.16,0.6314884827865587,0.24736436455572858,0.12114715265771278
0.18,0.6314884827865587,0.24736436455572858,0.12114715265771278
0.2,0.6314884827865587,0.24736436455572858,0.12114715265771278
0.22,0.6314884827865587,0.24736436455572858,0.12114715265771278
0.24,0.6314884827865587,0.24736436455572858,0.12114715265771278
0.26,0.6314884827865587,0.24736436455572858,0.12114715265771278
0.28,0.6314884827865587,0.24736436455572858,0.12114715265771278
0.3,0.6314884827865587,0.24736436455572858,0.12114715265771278
0.32,0.6314884827865587,0.24736436455572858,0.12114715265771278
0.34,0.6314884827865587,0.24736436455572858,0.12114715265771278
0.36,0.6314884827865587,0.24736436455572858,0.12114715265771278
0.38,0.6314884827865587,0.24736436455572858,0.12114715265771278
0.4,0.6314884827865587,0.24736436455572858,0.12114715265771278
0.42,0.6314884827865587,0.24736436455572858,0.12114715265771278
0.44,0.6314884827865587,0.24736436455572858,0.12114715265771278
0.46,0.6314884827865587,0.24736436455572858,0.12114715265771278
0.48,0.6314884827865587,0.24736436455572858,0.12114715265771278
0.5,0.6329558590937319,0.22991430442015812,0.13712983648611007
0.52,0.634423235400905,0.21246424428458766,0.15311252031450737
0.54,0.6358906117080781,0.19501418414901722,0.1690952041429047
0.56,0.6373579880152513,0.17756412401344673,0.18507788797130198
0.58,0.6388253643224244,0.1601140638778763,0.20106057179969927
0.6,0.6402927406295976,0.14266400374230584,0.21704325562809657
0.62,0.6417601169367708,0.12521394360673538,0.23302593945649386
0.64,0.6432274932439439,0.10776388347116492,0.24900862328489115
0.66,0.6446948695511171,0.09031382333559446,0.26499130711328844
0.68,0.6461622458582903,0.072863763200024,0.28097399094168574
0.7000000000000001,0.6476296221654634,0.055413703064453534,0.29695667477008303
0.72,0.6490969984726366,0.0379636429288831,0.3129393585984803
0.74,0.6490969984726366,0.0379636429288831,0.3129393585984803
0.76,0.6490969984726366,0.0379636429288831,0.3129393585984803
0.78,0.6490969984726366,0.0379636429288831,0.3129393585984803
0.8,0.6490969984726366,0.0379636429288831,0.3129393585984803
0.8200000000000001,0.6490969984726366,0.0379636429288831,0.3129393585984803
0.84,0.6490969984726366,0.0379636429288831,0.3129393585984803
0.86,0.6490969984726366,0.0379636429288831,0.3129393585984803
0.88,0.6490969984726366,0.0379636429288831,0.3129393585984803
0.9,0.6490969984726366,0.0379636429288831,0.3129393585984803
0.92,0.6490969984726366,0.0379636429288831,0.3129393585984803
0.9400000000000001,0.6490969984726366,0.0379636429288831,0.3129393585984803
0.96,0.6490969984726366,0.0379636429288831,0.3129393585984803
0.98,0.6490969984726366,0.0379636429288831,0.3129393585984803
1.0,0.6490969984726366,0.0379636429288831,0.3129393585984803
