fraction_of_volc,OH,H2O2,TMI
0.0,0.43158041045508805,0.4942405334926642,0.0741790560522478
0.02,0.43158041045508805,0.4942405334926642,0.0741790560522478
0.04,0.43158041045508805,0.4942405334926642,0.0741790560522478
0.06,0.43158041045508805,0.4942405334926642,0.0741790560522478
0.08,0.43158041045508805,0.4942405334926642,0.0741790560522478
0.1,0.43158041045508805,0.4942405334926642,0.0741790560522478
0.12,0.43158041045508805,0.4942405334926642,0.0741790560522478
0.14,0.43158041045508805,0.4942405334926642,0.0741790560522478
0.16,0.43158041045508805,0.4942405334926642,0.0741790560522478
0.18,0.43158041045508805,0.4942405334926642,0.0741790560522478
0.2,0.43158041045508805,0.4942405334926642,0.0741790560522478
0.22,0.43158041045508805,0.4942405334926642,0.0741790560522478
0.24,0.43158041045508805,0.4942405334926642,0.0741790560522478
0.26,0.43158041045508805,0.4942405334926642,0.0741790560522478
0.28,0.43158041045508805,0.4942405334926642,0.0741790560522478
0.3,0.43158041045508805,0.4942405334926642,0.0741790560522478
0.32,0.43158041045508805,0.4942405334926642,0.0741790560522478
0.34,0.43158041045508805,0.4942405334926642,0.0741790560522478
0.36,0.43158041045508805,0.4942405334926642,0.0741790560522478
0.38,0.43158041045508805,0.4942405334926642,0.0741790560522478
0.4,0.43158041045508805,0.4942405334926642,0.0741790560522478
0.42,0.43158041045508805,0.4942405334926642,0.0741790560522478
0.44,0.43158041045508805,0.4942405334926642,0.0741790560522478
0.46,0.43158041045508805,0.4942405334926642,0.0741790560522478
0.48,0.42137990734049013,0.4817383337697875,0.09688175888972246
0.5,0.4111794042258922,0.4692361340469107,0.11958446172719711
0.52,0.4009789011112943,0.456733934324034,0.14228716456467178
0.54,0.3907783979966964,0.4442317346011572,0.16498986740214644
0.56,0.3805778948820985,0.4317295348782805,0.1876925702396211
0.58,0.37037739176750056,0.4192273351554037,0.21039527307709577
0.6,0.36017688865290265,0.406725135432527,0.23309797591457043
0.62,0.3499763855383048,0.3942229357096502,0.2558006787520451
0.64,0.3397758824237068,0.3817207359867735,0.27850338158951976
0.66,0.32957537930910896,0.3692185362638967,0.3012060844269944
0.68,0.31937487619451105,0.35671633654102,0.3239087872644691
0.7000000000000001,0.30917437307991313,0.3442141368181432,0.3466114901019437
0.72,0.2989738699653152,0.3317119370952665,0.36931419293941836
0.74,0.2887733668507173,0.3192097373723897,0.392016895776893
0.76,0.2785728637361194,0.306707537649513,0.4147195986143677
0.78,0.2683723606215215,0.2942053379266362,0.43742230145184235
0.8,0.25817185750692356,0.2817031382037595,0.460125004289317
0.8200000000000001,0.24797135439232565,0.2692009384808827,0.4828277071267917
0.84,0.23777085127772773,0.256698738758006,0.5055304099642663
0.86,0.22757034816312982,0.24419653903512922,0.528233112801741
0.88,0.21736984504853193,0.23169433931225247,0.5509358156392157
0.9,0.20716934193393402,0.21919213958937572,0.5736385184766903
0.92,0.20716934193393402,0.21919213958937572,0.5736385184766903
0.9400000000000001,0.20716934193393402,0.21919213958937572,0.5736385184766903
0.96,0.20716934193393402,0.21919213958937572,0.5736385184766903
0.98,0.20716934193393402,0.21919213958937572,0.5736385184766903
1.0,0.20716934193393402,0.21919213958937572,0.5736385184766903
