fraction_of_volc,OH,H2O2,TMI
0.0,0.24038712011825433,0.6623687622154709,0.09724411766627485
0.02,0.24038712011825433,0.6623687622154709,0.09724411766627485
0.04,0.24038712011825433,0.6623687622154709,0.09724411766627485
0.06,0.24038712011825433,0.6623687622154709,0.09724411766627485
0.08,0.2634924252667163,0.6305564086412557,0.10595116609202808
0.1,0.2865977304151782,0.5987440550670405,0.11465821451778131
0.12,0.30970303556364015,0.5669317014928253,0.12336526294353455
0.14,0.3328083407121021,0.5351193479186103,0.13207231136928776
0.16,0.35591364586056407,0.5033069943443951,0.14077935979504103
0.18,0.37901895100902594,0.4714946407701799,0.14948640822079423
0.2,0.4021242561574879,0.4396822871959647,0.1581934566465475
0.22,0.42522956130594985,0.4078699336217495,0.1669005050723007
0.24,0.4483348664544118,0.3760575800475343,0.17560755349805396
0.26,0.47144017160287377,0.3442452264733191,0.18431460192380716
0.28,0.49454547675133564,0.312432872899104,0.19302165034956043
0.3,0.5176507818997976,0.2806205193248888,0.20172869877531363
0.32,0.5407560870482595,0.2488081657506736,0.2104357472010669
0.34,0.5638613921967215,0.21699581217645847,0.2191427956268201
0.36,0.5869666973451835,0.18518345860224328,0.22784984405257336
0.38,0.6100720024936453,0.1533711050280281,0.23655689247832656
0.4,0.6331773076421073,0.1215587514538129,0.24526394090407982
0.42,0.6562826127905692,0.0897463978795977,0.25397098932983303
0.44,0.6793879179390312,0.057934044305382515,0.2626780377555863
0.46,0.7024932230874932,0.026121690731167352,0.2713850861813395
0.48,0.7024932230874932,0.026121690731167352,0.2713850861813395
0.5,0.7024932230874932,0.026121690731167352,0.2713850861813395
0.52,0.7024932230874932,0.026121690731167352,0.2713850861813395
0.54,0.7024932230874932,0.026121690731167352,0.2713850861813395
0.56,0.7024932230874932,0.026121690731167352,0.2713850861813395
0.58,0.7024932230874932,0.026121690731167352,0.2713850861813395
0.6,0.7024932230874932,0.026121690731167352,0.2713850861813395
0.62,0.7024932230874932,0.026121690731167352,0.2713850861813395
0.64,0.7024932230874932,0.026121690731167352,0.2713850861813395
0.66,0.7024932230874932,0.026121690731167352,0.2713850861813395
0.68,0.7024932230874932,0.026121690731167352,0.2713850861813395
0.7000000000000001,0.7024932230874932,0.026121690731167352,0.2713850861813395
0.72,0.7024932230874932,0.026121690731167352,0.2713850861813395
0.74,0.7024932230874932,0.026121690731167352,0.2713850861813395
0.76,0.7024932230874932,0.026121690731167352,0.2713850861813395
0.78,0.7024932230874932,0.026121690731167352,0.2713850861813395
0.8,0.7024932230874932,0.026121690731167352,0.2713850861813395
0.8200000000000001,0.7024932230874932,0.026121690731167352,0.2713850861813395
0.84,0.7024932230874932,0.026121690731167352,0.2713850861813395
0.86,0.7024932230874932,0.026121690731167352,0.2713850861813395
0.88,0.7024932230874932,0.026121690731167352,0.2713850861813395
0.9,0.7024932230874932,0.026121690731167352,0.2713850861813395
0.92,0.7024932230874932,0.026121690731167352,0.2713850861813395
0.9400000000000001,0.7024932230874932,0.026121690731167352,0.2713850861813395
0.96,0.7024932230874932,0.026121690731167352,0.2713850861813395
0.98,0.7024932230874932,0.026121690731167352,0.2713850861813395
1.0,0.7024932230874932,0.026121690731167352,0.2713850861813395
