fraction_of_volc,OH,H2O2,TMI
0.0,0.3248438623904382,0.2937675672369344,0.38138857037262724
0.02,0.3248438623904382,0.2937675672369344,0.38138857037262724
0.04,0.3248438623904382,0.2937675672369344,0.38138857037262724
0.06,0.3248438623904382,0.2937675672369344,0.38138857037262724
0.08,0.3248438623904382,0.2937675672369344,0.38138857037262724
0.1,0.3248438623904382,0.2937675672369344,0.38138857037262724
0.12,0.3248438623904382,0.2937675672369344,0.38138857037262724
0.14,0.3248438623904382,0.2937675672369344,0.38138857037262724
0.16,0.3248438623904382,0.2937675672369344,0.38138857037262724
0.18,0.3248438623904382,0.2937675672369344,0.38138857037262724
0.2,0.3248438623904382,0.2937675672369344,0.38138857037262724
0.22,0.3248438623904382,0.2937675672369344,0.38138857037262724
0.24,0.3248438623904382,0.2937675672369344,0.38138857037262724
0.26,0.3248438623904382,0.2937675672369344,0.38138857037262724
0.28,0.3248438623904382,0.2937675672369344,0.38138857037262724
0.3,0.3248438623904382,0.2937675672369344,0.38138857037262724
0.32,0.3248438623904382,0.2937675672369344,0.38138857037262724
0.34,0.3248438623904382,0.2937675672369344,0.38138857037262724
0.36,0.3248438623904382,0.2937675672369344,0.38138857037262724
0.38,0.3248438623904382,0.2937675672369344,0.38138857037262724
0.4,0.3248438623904382,0.2937675672369344,0.38138857037262724
0.42,0.3248438623904382,0.2937675672369344,0.38138857037262724
0.44,0.3248438623904382,0.2937675672369344,0.38138857037262724
0.46,0.3248438623904382,0.2937675672369344,0.38138857037262724
0.48,0.3248438623904382,0.2937675672369344,0.38138857037262724
0.5,0.3248438623904382,0.2937675672369344,0.38138857037262724
0.52,0.3248438623904382,0.2937675672369344,0.38138857037262724
0.54,0.3248438623904382,0.2937675672369344,0.38138857037262724
0.56,0.3248438623904382,0.2937675672369344,0.38138857037262724
0.58,0.3248438623904382,0.2937675672369344,0.38138857037262724
0.6,0.3248438623904382,0.2937675672369344,0.38138857037262724
0.62,0.3248438623904382,0.2937675672369344,0.38138857037262724
0.64,0.3248438623904382,0.2937675672369344,0.38138857037262724
0.66,0.3248438623904382,0.2937675672369344,0.38138857037262724
0.68,0.3248438623904382,0.2937675672369344,0.38138857037262724
0.7000000000000001,0.3248438623904382,0.2937675672369344,0.38138857037262724
0.72,0.3248438623904382,0.2937675672369344,0.38138857037262724
0.74,0.3248438623904382,0.2937675672369344,0.38138857037262724
0.76,0.3248438623904382,0.2937675672369344,0.38138857037262724
0.78,0.3248438623904382,0.2937675672369344,0.38138857037262724
0.8,0.3248438623904382,0.2937675672369344,0.38138857037262724
0.8200000000000001,0.31696710274794043,0.25180724516779535,0.43122565208426417
0.84,0.30909034310544264,0.2098469230986562,0.4810627337959011
0.86,0.3012135834629449,0.16788660102951714,0.530899815507538
0.88,0.2933368238204471,0.12592627896037803,0.5807368972191749
0.9,0.28546006417794934,0.08396595689123892,0.6305739789308118
0.92,0.27758330453545155,0.04200563482209985,0.6804110606424487
0.9400000000000001,0.26970654489295376,4.531275296073553e-05,0.7302481423540856
0.96,0.26970654489295376,4.531275296073553e-05,0.7302481423540856
0.98,0.26970654489295376,4.531275296073553e-05,0.7302481423540856
1.0,0.26970654489295376,4.531275296073553e-05,0.7302481423540856
