fraction_of_volc,OH,H2O2,TMI
0.0,0.09352828819730008,0.3541804547682617,0.5522912570344382
0.02,0.09352828819730008,0.3541804547682617,0.5522912570344382
0.04,0.09352828819730008,0.3541804547682617,0.5522912570344382
0.06,0.09352828819730008,0.3541804547682617,0.5522912570344382
0.08,0.09352828819730008,0.3541804547682617,0.5522912570344382
0.1,0.09352828819730008,0.3541804547682617,0.5522912570344382
0.12,0.09352828819730008,0.3541804547682617,0.5522912570344382
0.14,0.09352828819730008,0.3541804547682617,0.5522912570344382
0.16,0.09352828819730008,0.3541804547682617,0.5522912570344382
0.18,0.09352828819730008,0.3541804547682617,0.5522912570344382
0.2,0.09352828819730008,0.3541804547682617,0.5522912570344382
0.22,0.09352828819730008,0.3541804547682617,0.5522912570344382
0.24,0.09352828819730008,0.3541804547682617,0.5522912570344382
0.26,0.09352828819730008,0.3541804547682617,0.5522912570344382
0.28,0.09352828819730008,0.3541804547682617,0.5522912570344382
0.3,0.09352828819730008,0.3541804547682617,0.5522912570344382
0.32,0.09352828819730008,0.3541804547682617,0.5522912570344382
0.34,0.09352828819730008,0.3541804547682617,0.5522912570344382
0.36,0.09352828819730008,0.3541804547682617,0.5522912570344382
0.38,0.12306494406139866,0.34040482678011097,0.5365302291584904
0.4,0.15260159992549724,0.32662919879196023,0.5207692012825424
0.42,0.1821382557895958,0.3128535708038095,0.5050081734065947
0.44,0.2116749116536944,0.2990779428156587,0.48924714553064685
0.46,0.241211567517793,0.285302314827508,0.47348611765469906
0.48,0.27074822338189153,0.2715266868393572,0.4577250897787512
0.5,0.3002848792459901,0.25775105885120647,0.44196406190280335
0.52,0.3298215351100887,0.24397543086305573,0.42620303402685555
0.54,0.3593581909741873,0.230199802874905,0.41044200615090776
0.56,0.3888948468382859,0.21642417488675425,0.3946809782749599
0.58,0.41843150270238444,0.20264854689860348,0.37891995039901205
0.6,0.44796815856648303,0.18887291891045274,0.36315892252306425
0.62,0.4775048144305816,0.175097290922302,0.34739789464711646
0.64,0.5070414702946802,0.16132166293415123,0.3316368667711686
0.66,0.5365781261587788,0.1475460349460005,0.31587583889522075
0.68,0.5661147820228773,0.13377040695784975,0.30011481101927295
0.7000000000000001,0.5956514378869759,0.11999477896969901,0.28435378314332516
0.72,0.6251880937510745,0.10621915098154824,0.2685927552673773
0.74,0.6251880937510745,0.10621915098154824,0.2685927552673773
0.76,0.6251880937510745,0.10621915098154824,0.2685927552673773
0.78,0.6251880937510745,0.10621915098154824,0.2685927552673773
0.8,0.6251880937510745,0.10621915098154824,0.2685927552673773
0.8200000000000001,0.6251880937510745,0.10621915098154824,0.2685927552673773
0.84,0.6251880937510745,0.10621915098154824,0.2685927552673773
0.86,0.6251880937510745,0.10621915098154824,0.2685927552673773
0.88,0.6251880937510745,0.10621915098154824,0.2685927552673773
0.9,0.6251880937510745,0.10621915098154824,0.2685927552673773
0.92,0.6251880937510745,0.10621915098154824,0.2685927552673773
0.9400000000000001,0.6251880937510745,0.10621915098154824,0.2685927552673773
0.96,0.6251880937510745,0.10621915098154824,0.2685927552673773
0.98,0.6251880937510745,0.10621915098154824,0.2685927552673773
1.0,0.6251880937510745,0.10621915098154824,0.2685927552673773
