fraction_of_volc,OH,H2O2,TMI
0.0,0.5591249876088706,0.40423183317205413,0.0366431792190753
0.02,0.5591249876088706,0.40423183317205413,0.0366431792190753
0.04,0.5591249876088706,0.40423183317205413,0.0366431792190753
0.06,0.5591249876088706,0.40423183317205413,0.0366431792190753
0.08,0.5591249876088706,0.40423183317205413,0.0366431792190753
0.1,0.5591249876088706,0.40423183317205413,0.0366431792190753
0.12,0.5591249876088706,0.40423183317205413,0.0366431792190753
0.14,0.5591249876088706,0.40423183317205413,0.0366431792190753
0.16,0.5591249876088706,0.40423183317205413,0.0366431792190753
0.18,0.5591249876088706,0.40423183317205413,0.0366431792190753
0.2,0.5591249876088706,0.40423183317205413,0.0366431792190753
0.22,0.5591249876088706,0.40423183317205413,0.0366431792190753
0.24,0.5591249876088706,0.40423183317205413,0.0366431792190753
0.26,0.5591249876088706,0.40423183317205413,0.0366431792190753
0.28,0.5591249876088706,0.40423183317205413,0.0366431792190753
0.3,0.5591249876088706,0.40423183317205413,0.0366431792190753
0.32,0.5591249876088706,0.40423183317205413,0.0366431792190753
0.34,0.5591249876088706,0.40423183317205413,0.0366431792190753
0.36,0.5628073002254852,0.40133460997579173,0.03585808979872318
0.38,0.5664896128420996,0.39843738677952933,0.03507300037837107
0.4,0.5701719254587142,0.39554016358326693,0.034287910958018954
0.42,0.5738542380753286,0.3926429403870046,0.033502821537666844
0.44,0.5775365506919432,0.3897457171907422,0.03271773211731473
0.46,0.5812188633085577,0.3868484939944798,0.03193264269696261
0.48,0.5849011759251722,0.3839512707982174,0.0311475532766105
0.5,0.5885834885417867,0.381054047601955,0.030362463856258383
0.52,0.5922658011584012,0.3781568244056926,0.02957737443590627
0.54,0.5959481137750157,0.37525960120943025,0.028792285015554156
0.56,0.5996304263916302,0.37236237801316785,0.028007195595202043
0.58,0.6033127390082447,0.36946515481690545,0.02722210617484993
0.6,0.6069950516248592,0.36656793162064305,0.026437016754497812
0.62,0.6106773642414737,0.36367070842438065,0.025651927334145702
0.64,0.6143596768580882,0.36077348522811825,0.024866837913793585
0.66,0.6180419894747027,0.35787626203185585,0.024081748493441472
0.68,0.6217243020913172,0.3549790388355935,0.02329665907308936
0.7000000000000001,0.6254066147079318,0.3520818156393311,0.02251156965273724
0.72,0.6290889273245462,0.3491845924430687,0.02172648023238513
0.74,0.6327712399411608,0.3462873692468063,0.020941390812033014
0.76,0.6364535525577752,0.3433901460505439,0.0201563013916809
0.78,0.6401358651743898,0.34049292285428157,0.019371211971328788
0.8,0.6438181777910043,0.33759569965801917,0.018586122550976674
0.8200000000000001,0.6475004904076188,0.33469847646175677,0.01780103313062456
0.84,0.6511828030242333,0.33180125326549437,0.017015943710272444
0.86,0.6548651156408478,0.32890403006923197,0.01623085428992033
0.88,0.6585474282574623,0.32600680687296957,0.015445764869568217
0.9,0.6622297408740768,0.32310958367670717,0.014660675449216103
0.92,0.6659120534906913,0.32021236048044477,0.01387558602886399
0.9400000000000001,0.6695943661073058,0.3173151372841824,0.013090496608511873
0.96,0.6732766787239204,0.31441791408792,0.01230540718815976
0.98,0.6769589913405348,0.3115206908916576,0.011520317767807644
1.0,0.6769589913405348,0.3115206908916576,0.011520317767807644
