fraction_of_volc,OH,H2O2,TMI
0.0,0.11448134243677625,0.6449453524822156,0.24057330508100808
0.02,0.11448134243677625,0.6449453524822156,0.24057330508100808
0.04,0.11448134243677625,0.6449453524822156,0.24057330508100808
0.06,0.11448134243677625,0.6449453524822156,0.24057330508100808
0.08,0.11448134243677625,0.6449453524822156,0.24057330508100808
0.1,0.11448134243677625,0.6449453524822156,0.24057330508100808
0.12,0.11448134243677625,0.6449453524822156,0.24057330508100808
0.14,0.11389252796874468,0.6456851223016811,0.24042234972957421
0.16,0.1133037135007131,0.6464248921211465,0.24027139437814035
0.18,0.11271489903268152,0.647164661940612,0.2401204390267065
0.2,0.11212608456464994,0.6479044317600774,0.23996948367527263
0.22,0.11153727009661836,0.6486442015795428,0.23981852832383874
0.24,0.11094845562858678,0.6493839713990083,0.23966757297240487
0.26,0.11035964116055522,0.6501237412184737,0.239516617620971
0.28,0.10977082669252364,0.6508635110379392,0.23936566226953715
0.3,0.10918201222449206,0.6516032808574046,0.2392147069181033
0.32,0.10859319775646048,0.65234305067687,0.23906375156666942
0.34,0.1080043832884289,0.6530828204963355,0.23891279621523556
0.36,0.10741556882039732,0.6538225903158009,0.2387618408638017
0.38,0.10682675435236574,0.6545623601352664,0.23861088551236784
0.4,0.10623793988433416,0.6553021299547318,0.23845993016093397
0.42,0.10564912541630259,0.6560418997741972,0.23830897480950008
0.44,0.10506031094827101,0.6567816695936627,0.23815801945806622
0.46,0.10447149648023943,0.6575214394131281,0.23800706410663236
0.48,0.10388268201220785,0.6582612092325936,0.2378561087551985
0.5,0.10329386754417627,0.659000979052059,0.23770515340376464
0.52,0.10270505307614469,0.6597407488715246,0.23755419805233077
0.54,0.10211623860811313,0.66048051869099,0.2374032427008969
0.56,0.10152742414008155,0.6612202885104554,0.23725228734946305
0.58,0.10093860967204997,0.6619600583299209,0.23710133199802919
0.6,0.10034979520401839,0.6626998281493863,0.2369503766465953
0.62,0.09976098073598681,0.6634395979688518,0.23679942129516143
0.64,0.09917216626795523,0.6641793677883172,0.23664846594372757
0.66,0.09858335179992365,0.6649191376077827,0.2364975105922937
0.68,0.09799453733189208,0.6656589074272481,0.23634655524085985
0.7000000000000001,0.0974057228638605,0.6663986772467135,0.23619559988942598
0.72,0.09681690839582892,0.667138447066179,0.23604464453799212
0.74,0.09622809392779735,0.6678782168856444,0.23589368918655826
0.76,0.09563927945976577,0.6686179867051099,0.2357427338351244
0.78,0.0950504649917342,0.6693577565245753,0.23559177848369053
0.8,0.09446165052370262,0.6700975263440407,0.23544082313225664
0.8200000000000001,0.09387283605567104,0.6708372961635062,0.23528986778082278
0.84,0.09328402158763946,0.6715770659829716,0.23513891242938892
0.86,0.09269520711960788,0.6723168358024371,0.23498795707795506
0.88,0.0921063926515763,0.6730566056219025,0.2348370017265212
0.9,0.0921063926515763,0.6730566056219025,0.2348370017265212
0.92,0.0921063926515763,0.6730566056219025,0.2348370017265212
0.9400000000000001,0.0921063926515763,0.6730566056219025,0.2348370017265212
0.96,0.0921063926515763,0.6730566056219025,0.2348370017265212
0.98,0.0921063926515763,0.6730566056219025,0.2348370017265212
1.0,0.0921063926515763,0.6730566056219025,0.2348370017265212
