fraction_of_volc,OH,H2O2,TMI
0.0,0.4257268966409725,0.158573757622088,0.41569934573693934
0.02,0.4257268966409725,0.158573757622088,0.41569934573693934
0.04,0.4257268966409725,0.158573757622088,0.41569934573693934
0.06,0.4257268966409725,0.158573757622088,0.41569934573693934
0.08,0.4257268966409725,0.158573757622088,0.41569934573693934
0.1,0.4257268966409725,0.158573757622088,0.41569934573693934
0.12,0.4257268966409725,0.158573757622088,0.41569934573693934
0.14,0.4257268966409725,0.158573757622088,0.41569934573693934
0.16,0.4257268966409725,0.158573757622088,0.41569934573693934
0.18,0.4257268966409725,0.158573757622088,0.41569934573693934
0.2,0.4257268966409725,0.158573757622088,0.41569934573693934
0.22,0.4257268966409725,0.158573757622088,0.41569934573693934
0.24,0.4257268966409725,0.158573757622088,0.41569934573693934
0.26,0.4257268966409725,0.158573757622088,0.41569934573693934
0.28,0.4147886046978607,0.1723971470098996,0.41281424829223956
0.3,0.4038503127547489,0.18622053639771122,0.4099291508475398
0.32,0.39291202081163706,0.20004392578552282,0.40704405340284
0.34,0.38197372886852526,0.2138673151733344,0.4041589559581402
0.36,0.37103543692541346,0.227690704561146,0.40127385851344044
0.38,0.36009714498230166,0.24151409394895762,0.39838876106874066
0.4,0.3491588530391898,0.2553374833367692,0.3955036636240409
0.42,0.338220561096078,0.26916087272458084,0.39261856617934104
0.44,0.3272822691529662,0.2829842621123924,0.38973346873464126
0.46,0.3163439772098544,0.29680765150020405,0.3868483712899415
0.48,0.3054056852667426,0.31063104088801563,0.3839632738452417
0.5,0.2944673933236308,0.3244544302758272,0.3810781764005419
0.52,0.28352910138051896,0.33827781966363885,0.37819307895584214
0.54,0.27259080943740716,0.3521012090514504,0.37530798151114236
0.56,0.27259080943740716,0.3521012090514504,0.37530798151114236
0.58,0.27259080943740716,0.3521012090514504,0.37530798151114236
0.6,0.27259080943740716,0.3521012090514504,0.37530798151114236
0.62,0.27259080943740716,0.3521012090514504,0.37530798151114236
0.64,0.27259080943740716,0.3521012090514504,0.37530798151114236
0.66,0.27259080943740716,0.3521012090514504,0.37530798151114236
0.68,0.27259080943740716,0.3521012090514504,0.37530798151114236
0.7000000000000001,0.27259080943740716,0.3521012090514504,0.37530798151114236
0.72,0.27259080943740716,0.3521012090514504,0.37530798151114236
0.74,0.27259080943740716,0.3521012090514504,0.37530798151114236
0.76,0.27259080943740716,0.3521012090514504,0.37530798151114236
0.78,0.27259080943740716,0.3521012090514504,0.37530798151114236
0.8,0.27259080943740716,0.3521012090514504,0.37530798151114236
0.8200000000000001,0.27259080943740716,0.3521012090514504,0.37530798151114236
0.84,0.27259080943740716,0.3521012090514504,0.37530798151114236
0.86,0.27259080943740716,0.3521012090514504,0.37530798151114236
0.88,0.27259080943740716,0.3521012090514504,0.37530798151114236
0.9,0.27259080943740716,0.3521012090514504,0.37530798151114236
0.92,0.27259080943740716,0.3521012090514504,0.37530798151114236
0.9400000000000001,0.27259080943740716,0.3521012090514504,0.37530798151114236
0.96,0.27259080943740716,0.3521012090514504,0.37530798151114236
0.98,0.27259080943740716,0.3521012090514504,0.37530798151114236
1.0,0.27259080943740716,0.3521012090514504,0.37530798151114236
