fraction_of_volc,OH,H2O2,TMI
0.0,0.030036296293267966,0.8976294914037065,0.07233421230302567
0.02,0.030036296293267966,0.8976294914037065,0.07233421230302567
0.04,0.030036296293267966,0.8976294914037065,0.07233421230302567
0.06,0.030036296293267966,0.8976294914037065,0.07233421230302567
0.08,0.030036296293267966,0.8976294914037065,0.07233421230302567
0.1,0.030036296293267966,0.8976294914037065,0.07233421230302567
0.12,0.030036296293267966,0.8976294914037065,0.07233421230302567
0.14,0.030036296293267966,0.8976294914037065,0.07233421230302567
0.16,0.030036296293267966,0.8976294914037065,0.07233421230302567
0.18,0.030036296293267966,0.8976294914037065,0.07233421230302567
0.2,0.030036296293267966,0.8976294914037065,0.07233421230302567
0.22,0.030036296293267966,0.8976294914037065,0.07233421230302567
0.24,0.030036296293267966,0.8976294914037065,0.07233421230302567
0.26,0.030036296293267966,0.8976294914037065,0.07233421230302567
0.28,0.030036296293267966,0.8976294914037065,0.07233421230302567
0.3,0.030036296293267966,0.8976294914037065,0.07233421230302567
0.32,0.030036296293267966,0.8976294914037065,0.07233421230302567
0.34,0.030036296293267966,0.8976294914037065,0.07233421230302567
0.36,0.030036296293267966,0.8976294914037065,0.07233421230302567
0.38,0.030036296293267966,0.8976294914037065,0.07233421230302567
0.4,0.030036296293267966,0.8976294914037065,0.07233421230302567
0.42,0.030036296293267966,0.8976294914037065,0.07233421230302567
0.44,0.05058430000516968,0.8694716629040218,0.07994403709080863
0.46,0.0711323037170714,0.8413138344043372,0.0875538618785916
0.48,0.09168030742897311,0.8131560059046524,0.09516368666637456
0.5,0.11222831114087482,0.7849981774049678,0.10277351145415753
0.52,0.13277631485277652,0.7568403489052831,0.1103833362419405
0.54,0.15332431856467824,0.7286825204055984,0.11799316102972347
0.56,0.17387232227657995,0.7005246919059137,0.12560298581750645
0.58,0.19442032598848166,0.672366863406229,0.1332128106052894
0.6,0.21496832970038338,0.6442090349065444,0.14082263539307238
0.62,0.2355163334122851,0.6160512064068597,0.14843246018085532
0.64,0.2560643371241868,0.587893377907175,0.1560422849686383
0.66,0.27661234083608854,0.5597355494074903,0.16365210975642128
0.68,0.29716034454799023,0.5315777209078056,0.17126193454420424
0.7000000000000001,0.31770834825989197,0.5034198924081209,0.1788717593319872
0.72,0.3382563519717937,0.4752620639084362,0.18648158411977017
0.74,0.3588043556836954,0.44710423540875155,0.19409140890755314
0.76,0.3793523593955971,0.41894640690906687,0.2017012336953361
0.78,0.3999003631074988,0.3907885784093822,0.20931105848311907
0.8,0.42044836681940057,0.36263074990969746,0.21692088327090203
0.8200000000000001,0.44099637053130225,0.33447292141001284,0.224530708058685
0.84,0.46154437424320394,0.3063150929103281,0.23214053284646796
0.86,0.4820923779551057,0.2781572644106435,0.23975035763425093
0.88,0.5026403816670074,0.24999943591095874,0.2473601824220339
0.9,0.5231883853789091,0.221841607411274,0.2549700072098169
0.92,0.5437363890908108,0.1936837789115894,0.2625798319975998
0.9400000000000001,0.5642843928027125,0.16552595041190465,0.2701896567853828
0.96,0.5848323965146143,0.13736812191222003,0.2777994815731658
0.98,0.605380400226516,0.10921029341253526,0.28540930636094874
1.0,0.605380400226516,0.10921029341253526,0.28540930636094874
