fraction_of_volc,OH,H2O2,TMI
0.0,0.2494410584685967,0.4463667025134412,0.30419223901796216
0.02,0.2494410584685967,0.4463667025134412,0.30419223901796216
0.04,0.2494410584685967,0.4463667025134412,0.30419223901796216
0.06,0.2494410584685967,0.4463667025134412,0.30419223901796216
0.08,0.2494410584685967,0.4463667025134412,0.30419223901796216
0.1,0.2494410584685967,0.4463667025134412,0.30419223901796216
0.12,0.2494410584685967,0.4463667025134412,0.30419223901796216
0.14,0.2494410584685967,0.4463667025134412,0.30419223901796216
0.16,0.2494410584685967,0.4463667025134412,0.30419223901796216
0.18,0.2494410584685967,0.4463667025134412,0.30419223901796216
0.2,0.2494410584685967,0.4463667025134412,0.30419223901796216
0.22,0.2494410584685967,0.4463667025134412,0.30419223901796216
0.24,0.2494410584685967,0.4463667025134412,0.30419223901796216
0.26,0.2494410584685967,0.4463667025134412,0.30419223901796216
0.28,0.2494410584685967,0.4463667025134412,0.30419223901796216
0.3,0.2473159329098676,0.435661083360164,0.31702298372996845
0.32,0.24519080735113846,0.42495546420688685,0.32985372844197475
0.34,0.24306568179240934,0.4142498450536097,0.3426844731539811
0.36,0.24094055623368021,0.4035442259003325,0.3555152178659874
0.38,0.2388154306749511,0.39283860674705534,0.3683459625779937
0.4,0.23669030511622197,0.3821329875937782,0.38117670728999997
0.42,0.23456517955749281,0.371427368440501,0.39400745200200626
0.44,0.2324400539987637,0.36072174928722384,0.4068381967140126
0.46,0.23031492844003457,0.35001613013394667,0.4196689414260189
0.48,0.22818980288130544,0.3393105109806695,0.4324996861380252
0.5,0.22606467732257632,0.32860489182739233,0.44533043085003154
0.52,0.2239395517638472,0.31789927267411516,0.45816117556203784
0.54,0.22181442620511807,0.307193653520838,0.47099192027404413
0.56,0.21968930064638895,0.2964880343675608,0.4838226649860504
0.58,0.21968930064638895,0.2964880343675608,0.4838226649860504
0.6,0.21968930064638895,0.2964880343675608,0.4838226649860504
0.62,0.21968930064638895,0.2964880343675608,0.4838226649860504
0.64,0.21968930064638895,0.2964880343675608,0.4838226649860504
0.66,0.21968930064638895,0.2964880343675608,0.4838226649860504
0.68,0.21968930064638895,0.2964880343675608,0.4838226649860504
0.7000000000000001,0.21968930064638895,0.2964880343675608,0.4838226649860504
0.72,0.21968930064638895,0.2964880343675608,0.4838226649860504
0.74,0.21968930064638895,0.2964880343675608,0.4838226649860504
0.76,0.21968930064638895,0.2964880343675608,0.4838226649860504
0.78,0.21968930064638895,0.2964880343675608,0.4838226649860504
0.8,0.21968930064638895,0.2964880343675608,0.4838226649860504
0.8200000000000001,0.21968930064638895,0.2964880343675608,0.4838226649860504
0.84,0.21968930064638895,0.2964880343675608,0.4838226649860504
0.86,0.21968930064638895,0.2964880343675608,0.4838226649860504
0.88,0.21968930064638895,0.2964880343675608,0.4838226649860504
0.9,0.21968930064638895,0.2964880343675608,0.4838226649860504
0.92,0.21968930064638895,0.2964880343675608,0.4838226649860504
0.9400000000000001,0.21968930064638895,0.2964880343675608,0.4838226649860504
0.96,0.21968930064638895,0.2964880343675608,0.4838226649860504
0.98,0.21968930064638895,0.2964880343675608,0.4838226649860504
1.0,0.21968930064638895,0.2964880343675608,0.4838226649860504
