fraction_of_volc,OH,H2O2,TMI
0.0,0.22559673814101486,0.06248052866946352,0.7119227331895217
0.02,0.22559673814101486,0.06248052866946352,0.7119227331895217
0.04,0.22559673814101486,0.06248052866946352,0.7119227331895217
0.06,0.22559673814101486,0.06248052866946352,0.7119227331895217
0.08,0.22488364695003174,0.07143287848217345,0.7036834745677949
0.1,0.22417055575904865,0.08038522829488336,0.6954442159460681
0.12,0.22345746456806553,0.08933757810759328,0.6872049573243413
0.14,0.22274437337708244,0.0982899279203032,0.6789656987026145
0.16,0.22203128218609933,0.10724227773301312,0.6707264400808877
0.18,0.22131819099511624,0.11619462754572304,0.6624871814591609
0.2,0.22060509980413312,0.12514697735843294,0.6542479228374339
0.22,0.21989200861315003,0.13409932717114287,0.6460086642157071
0.24,0.2191789174221669,0.1430516769838528,0.6377694055939803
0.26,0.21846582623118382,0.15200402679656272,0.6295301469722535
0.28,0.2177527350402007,0.16095637660927264,0.6212908883505267
0.3,0.21703964384921762,0.16990872642198257,0.6130516297287999
0.32,0.2163265526582345,0.1788610762346925,0.6048123711070731
0.34,0.2156134614672514,0.1878134260474024,0.5965731124853463
0.36,0.2149003702762683,0.19676577586011232,0.5883338538636195
0.38,0.2141872790852852,0.20571812567282224,0.5800945952418927
0.4,0.2134741878943021,0.21467047548553217,0.5718553366201659
0.42,0.212761096703319,0.2236228252982421,0.5636160779984389
0.44,0.21204800551233588,0.232575175110952,0.5553768193767121
0.46,0.2113349143213528,0.24152752492366192,0.5471375607549853
0.48,0.21062182313036967,0.25047987473637184,0.5388983021332585
0.5,0.20990873193938658,0.25943222454908177,0.5306590435115317
0.52,0.20919564074840347,0.2683845743617917,0.5224197848898049
0.54,0.20848254955742038,0.2773369241745016,0.5141805262680781
0.56,0.20776945836643726,0.2862892739872115,0.5059412676463513
0.58,0.20705636717545417,0.29524162379992147,0.49770200902462447
0.6,0.20634327598447105,0.30419397361263134,0.48946275040289766
0.62,0.20563018479348796,0.31314632342534127,0.48122349178117085
0.64,0.20491709360250485,0.3220986732380512,0.47298423315944405
0.66,0.20420400241152176,0.3310510230507611,0.46474497453771724
0.68,0.20349091122053864,0.34000337286347104,0.4565057159159904
0.7000000000000001,0.20277782002955555,0.34895572267618097,0.44826645729426357
0.72,0.20206472883857243,0.3579080724888909,0.44002719867253676
0.74,0.20135163764758934,0.3668604223016008,0.43178794005080995
0.76,0.20063854645660623,0.37581277211431074,0.42354868142908314
0.78,0.19992545526562314,0.38476512192702067,0.4153094228073563
0.8,0.19921236407464002,0.3937174717397306,0.40707016418562947
0.8200000000000001,0.19849927288365693,0.40266982155244047,0.39883090556390266
0.84,0.1977861816926738,0.4116221713651504,0.39059164694217585
0.86,0.1977861816926738,0.4116221713651504,0.39059164694217585
0.88,0.1977861816926738,0.4116221713651504,0.39059164694217585
0.9,0.1977861816926738,0.4116221713651504,0.39059164694217585
0.92,0.1977861816926738,0.4116221713651504,0.39059164694217585
0.9400000000000001,0.1977861816926738,0.4116221713651504,0.39059164694217585
0.96,0.1977861816926738,0.4116221713651504,0.39059164694217585
0.98,0.1977861816926738,0.4116221713651504,0.39059164694217585
1.0,0.1977861816926738,0.4116221713651504,0.39059164694217585
