fraction_of_volc,OH,H2O2,TMI
0.0,0.13825338951189398,0.8303734240023076,0.0313731864857983
0.02,0.13825338951189398,0.8303734240023076,0.0313731864857983
0.04,0.13825338951189398,0.8303734240023076,0.0313731864857983
0.06,0.1352189143888916,0.8221418456291267,0.042639239981981616
0.08,0.13218443926588924,0.8139102672559457,0.05390529347816494
0.1,0.12914996414288685,0.8056786888827648,0.06517134697434826
0.12,0.12611548901988448,0.7974471105095838,0.07643740047053157
0.14,0.12308101389688211,0.7892155321364029,0.08770345396671489
0.16,0.12004653877387975,0.7809839537632219,0.09896950746289822
0.18,0.11701206365087738,0.772752375390041,0.11023556095908153
0.2,0.113977588527875,0.76452079701686,0.12150161445526485
0.22,0.11094311340487262,0.7562892186436792,0.13276766795144818
0.24,0.10790863828187025,0.7480576402704981,0.1440337214476315
0.26,0.10487416315886788,0.7398260618973173,0.1552997749438148
0.28,0.10183968803586552,0.7315944835241363,0.16656582843999812
0.3,0.09880521291286314,0.7233629051509554,0.17783188193618144
0.32,0.09577073778986077,0.7151313267777744,0.18909793543236475
0.34,0.09273626266685839,0.7068997484045935,0.20036398892854806
0.36,0.08970178754385602,0.6986681700314126,0.21163004242473138
0.38,0.08666731242085365,0.6904365916582316,0.2228960959209147
0.4,0.08363283729785127,0.6822050132850506,0.234162149417098
0.42,0.0805983621748489,0.6739734349118697,0.24542820291328132
0.44,0.07756388705184653,0.6657418565386888,0.25669425640946464
0.46,0.07452941192884416,0.6575102781655078,0.267960309905648
0.48,0.07149493680584179,0.6492786997923269,0.2792263634018313
0.5,0.06846046168283941,0.6410471214191459,0.2904924168980146
0.52,0.06542598655983704,0.632815543045965,0.30175847039419795
0.54,0.062391511436834676,0.624583964672784,0.31302452389038127
0.56,0.059357036313832295,0.6163523862996031,0.3242905773865646
0.58,0.05632256119082993,0.6081208079264221,0.3355566308827479
0.6,0.05328808606782756,0.5998892295532412,0.3468226843789312
0.62,0.05025361094482518,0.5916576511800602,0.3580887378751145
0.64,0.047219135821822814,0.5834260728068793,0.36935479137129784
0.66,0.04418466069882043,0.5751944944336984,0.38062084486748116
0.68,0.041150185575818066,0.5669629160605174,0.39188689836366447
0.7000000000000001,0.0381157104528157,0.5587313376873364,0.4031529518598478
0.72,0.03508123532981332,0.5504997593141555,0.4144190053560311
0.74,0.03508123532981332,0.5504997593141555,0.4144190053560311
0.76,0.03508123532981332,0.5504997593141555,0.4144190053560311
0.78,0.03508123532981332,0.5504997593141555,0.4144190053560311
0.8,0.03508123532981332,0.5504997593141555,0.4144190053560311
0.8200000000000001,0.03508123532981332,0.5504997593141555,0.4144190053560311
0.84,0.03508123532981332,0.5504997593141555,0.4144190053560311
0.86,0.03508123532981332,0.5504997593141555,0.4144190053560311
0.88,0.03508123532981332,0.5504997593141555,0.4144190053560311
0.9,0.03508123532981332,0.5504997593141555,0.4144190053560311
0.92,0.03508123532981332,0.5504997593141555,0.4144190053560311
0.9400000000000001,0.03508123532981332,0.5504997593141555,0.4144190053560311
0.96,0.03508123532981332,0.5504997593141555,0.4144190053560311
0.98,0.03508123532981332,0.5504997593141555,0.4144190053560311
1.0,0.03508123532981332,0.5504997593141555,0.4144190053560311
