fraction_of_volc,OH,H2O2,TMI
0.0,0.09370376262464912,0.7534645695516533,0.15283166782369745
0.02,0.09370376262464912,0.7534645695516533,0.15283166782369745
0.04,0.09370376262464912,0.7534645695516533,0.15283166782369745
0.06,0.09370376262464912,0.7534645695516533,0.15283166782369745
0.08,0.09370376262464912,0.7534645695516533,0.15283166782369745
0.1,0.09370376262464912,0.7534645695516533,0.15283166782369745
0.12,0.09370376262464912,0.7534645695516533,0.15283166782369745
0.14,0.09370376262464912,0.7534645695516533,0.15283166782369745
0.16,0.09370376262464912,0.7534645695516533,0.15283166782369745
0.18,0.09370376262464912,0.7534645695516533,0.15283166782369745
0.2,0.09370376262464912,0.7534645695516533,0.15283166782369745
0.22,0.09370376262464912,0.7534645695516533,0.15283166782369745
0.24,0.09370376262464912,0.7534645695516533,0.15283166782369745
0.26,0.09370376262464912,0.7534645695516533,0.15283166782369745
0.28,0.09370376262464912,0.7534645695516533,0.15283166782369745
0.3,0.09370376262464912,0.7534645695516533,0.15283166782369745
0.32,0.09370376262464912,0.7534645695516533,0.15283166782369745
0.34,0.09370376262464912,0.7534645695516533,0.15283166782369745
0.36,0.09370376262464912,0.7534645695516533,0.15283166782369745
0.38,0.09370376262464912,0.7534645695516533,0.15283166782369745
0.4,0.09370376262464912,0.7534645695516533,0.15283166782369745
0.42,0.09370376262464912,0.7534645695516533,0.15283166782369745
0.44,0.09370376262464912,0.7534645695516533,0.15283166782369745
0.46,0.09370376262464912,0.7534645695516533,0.15283166782369745
0.48,0.09370376262464912,0.7534645695516533,0.15283166782369745
0.5,0.09370376262464912,0.7534645695516533,0.15283166782369745
0.52,0.09370376262464912,0.7534645695516533,0.15283166782369745
0.54,0.09370376262464912,0.7534645695516533,0.15283166782369745
0.56,0.10836450209783853,0.7049231817828636,0.18671231611929773
0.58,0.12302524157102794,0.6563817940140739,0.22059296441489798
0.6,0.13768598104421736,0.6078404062452842,0.25447361271049823
0.62,0.15234672051740678,0.5592990184764947,0.2883542610060985
0.64,0.16700745999059619,0.510757630707705,0.3222349093016988
0.66,0.1816681994637856,0.4622162429389153,0.35611555759729907
0.68,0.196328938936975,0.41367485517012564,0.3899962058928993
0.7000000000000001,0.21098967841016442,0.36513346740133595,0.4238768541884996
0.72,0.22565041788335383,0.31659207963254626,0.45775750248409985
0.74,0.2403111573565432,0.26805069186375663,0.49163815077970013
0.76,0.2403111573565432,0.26805069186375663,0.49163815077970013
0.78,0.2403111573565432,0.26805069186375663,0.49163815077970013
0.8,0.2403111573565432,0.26805069186375663,0.49163815077970013
0.8200000000000001,0.2403111573565432,0.26805069186375663,0.49163815077970013
0.84,0.2403111573565432,0.26805069186375663,0.49163815077970013
0.86,0.2403111573565432,0.26805069186375663,0.49163815077970013
0.88,0.2403111573565432,0.26805069186375663,0.49163815077970013
0.9,0.2403111573565432,0.26805069186375663,0.49163815077970013
0.92,0.2403111573565432,0.26805069186375663,0.49163815077970013
0.9400000000000001,0.2403111573565432,0.26805069186375663,0.49163815077970013
0.96,0.2403111573565432,0.26805069186375663,0.49163815077970013
0.98,0.2403111573565432,0.26805069186375663,0.49163815077970013
1.0,0.2403111573565432,0.26805069186375663,0.49163815077970013
