fraction_of_volc,OH,H2O2,TMI
0.0,0.43748685122638215,0.2504996553933792,0.3120134933802387
0.02,0.43748685122638215,0.2504996553933792,0.3120134933802387
0.04,0.43748685122638215,0.2504996553933792,0.3120134933802387
0.06,0.43748685122638215,0.2504996553933792,0.3120134933802387
0.08,0.43748685122638215,0.2504996553933792,0.3120134933802387
0.1,0.4491133438742129,0.25813927019683147,0.29274738592895566
0.12,0.46073983652204376,0.26577888500028374,0.27348127847767256
0.14,0.47236632916987453,0.273418499803736,0.2542151710263895
0.16,0.48399282181770537,0.2810581146071882,0.23494906357510648
0.18,0.49561931446553614,0.2886977294106405,0.2156829561238234
0.2,0.507245807113367,0.29633734421409275,0.19641684867254033
0.22,0.5188722997611978,0.303976959017545,0.1771507412212573
0.24,0.5304987924090285,0.3116165738209973,0.15788463376997422
0.26,0.5421252850568594,0.31925618862444954,0.13861852631869115
0.28,0.5537517777046902,0.3268958034279018,0.1193524188674081
0.3,0.565378270352521,0.334535418231354,0.10008631141612503
0.32,0.5770047630003518,0.3421750330348063,0.08082020396484196
0.34,0.5886312556481825,0.34981464783825855,0.06155409651355892
0.36,0.6002577482960134,0.3574542626417108,0.04228798906227588
0.38,0.6118842409438442,0.3650938774451631,0.023021881610992796
0.4,0.6118842409438442,0.3650938774451631,0.023021881610992796
0.42,0.6118842409438442,0.3650938774451631,0.023021881610992796
0.44,0.6118842409438442,0.3650938774451631,0.023021881610992796
0.46,0.6118842409438442,0.3650938774451631,0.023021881610992796
0.48,0.6118842409438442,0.3650938774451631,0.023021881610992796
0.5,0.6118842409438442,0.3650938774451631,0.023021881610992796
0.52,0.6118842409438442,0.3650938774451631,0.023021881610992796
0.54,0.6118842409438442,0.3650938774451631,0.023021881610992796
0.56,0.6118842409438442,0.3650938774451631,0.023021881610992796
0.58,0.6118842409438442,0.3650938774451631,0.023021881610992796
0.6,0.6118842409438442,0.3650938774451631,0.023021881610992796
0.62,0.6118842409438442,0.3650938774451631,0.023021881610992796
0.64,0.6118842409438442,0.3650938774451631,0.023021881610992796
0.66,0.6118842409438442,0.3650938774451631,0.023021881610992796
0.68,0.6118842409438442,0.3650938774451631,0.023021881610992796
0.7000000000000001,0.6118842409438442,0.3650938774451631,0.023021881610992796
0.72,0.6118842409438442,0.3650938774451631,0.023021881610992796
0.74,0.6118842409438442,0.3650938774451631,0.023021881610992796
0.76,0.6118842409438442,0.3650938774451631,0.023021881610992796
0.78,0.6118842409438442,0.3650938774451631,0.023021881610992796
0.8,0.6118842409438442,0.3650938774451631,0.023021881610992796
0.8200000000000001,0.6118842409438442,0.3650938774451631,0.023021881610992796
0.84,0.6118842409438442,0.3650938774451631,0.023021881610992796
0.86,0.6118842409438442,0.3650938774451631,0.023021881610992796
0.88,0.6118842409438442,0.3650938774451631,0.023021881610992796
0.9,0.6118842409438442,0.3650938774451631,0.023021881610992796
0.92,0.6118842409438442,0.3650938774451631,0.023021881610992796
0.9400000000000001,0.6118842409438442,0.3650938774451631,0.023021881610992796
0.96,0.6118842409438442,0.3650938774451631,0.023021881610992796
0.98,0.6118842409438442,0.3650938774451631,0.023021881610992796
1.0,0.6118842409438442,0.3650938774451631,0.023021881610992796
