fraction_of_volc,OH,H2O2,TMI
0.0,0.7481470789255312,0.2175825855170052,0.034270335557463616
0.02,0.7481470789255312,0.2175825855170052,0.034270335557463616
0.04,0.7481470789255312,0.2175825855170052,0.034270335557463616
0.06,0.7481470789255312,0.2175825855170052,0.034270335557463616
0.08,0.7481470789255312,0.2175825855170052,0.034270335557463616
0.1,0.7481470789255312,0.2175825855170052,0.034270335557463616
0.12,0.7481470789255312,0.2175825855170052,0.034270335557463616
0.14,0.7481470789255312,0.2175825855170052,0.034270335557463616
0.16,0.7481470789255312,0.2175825855170052,0.034270335557463616
0.18,0.7481470789255312,0.2175825855170052,0.034270335557463616
0.2,0.7481470789255312,0.2175825855170052,0.034270335557463616
0.22,0.7481470789255312,0.2175825855170052,0.034270335557463616
0.24,0.7481470789255312,0.2175825855170052,0.034270335557463616
0.26,0.7481470789255312,0.2175825855170052,0.034270335557463616
0.28,0.7481470789255312,0.2175825855170052,0.034270335557463616
0.3,0.7481470789255312,0.2175825855170052,0.034270335557463616
0.32,0.7481470789255312,0.2175825855170052,0.034270335557463616
0.34,0.7481470789255312,0.2175825855170052,0.034270335557463616
0.36,0.7481470789255312,0.2175825855170052,0.034270335557463616
0.38,0.7481470789255312,0.2175825855170052,0.034270335557463616
0.4,0.7481470789255312,0.2175825855170052,0.034270335557463616
0.42,0.7481470789255312,0.2175825855170052,0.034270335557463616
0.44,0.7481470789255312,0.2175825855170052,0.034270335557463616
0.46,0.7481470789255312,0.2175825855170052,0.034270335557463616
0.48,0.7481470789255312,0.2175825855170052,0.034270335557463616
0.5,0.7481470789255312,0.2175825855170052,0.034270335557463616
0.52,0.7481470789255312,0.2175825855170052,0.034270335557463616
0.54,0.7481470789255312,0.2175825855170052,0.034270335557463616
0.56,0.7481470789255312,0.2175825855170052,0.034270335557463616
0.58,0.7091879068837196,0.20839193211922577,0.08242016099705467
0.6,0.670228734841908,0.19920127872144633,0.13056998643664572
0.62,0.6312695628000964,0.19001062532366686,0.17871981187623676
0.64,0.5923103907582848,0.18081997192588742,0.22686963731582782
0.66,0.5533512187164732,0.17162931852810798,0.2750194627554189
0.68,0.5143920466746617,0.1624386651303285,0.3231692881950099
0.7000000000000001,0.47543287463285,0.15324801173254907,0.37131911363460096
0.72,0.4364737025910384,0.14405735833476963,0.419468939074192
0.74,0.3975145305492268,0.13486670493699018,0.4676187645137831
0.76,0.3585553585074152,0.12567605153921074,0.5157685899533742
0.78,0.3195961864656036,0.11648539814143127,0.5639184153929652
0.8,0.28063701442379196,0.10729474474365183,0.6120682408325562
0.8200000000000001,0.24167784238198042,0.09810409134587239,0.6602180662721473
0.84,0.20271867034016877,0.08891343794809292,0.7083678917117383
0.86,0.16375949829835723,0.07972278455031348,0.7565177171513294
0.88,0.12480032625654558,0.07053213115253404,0.8046675425909204
0.9,0.08584115421473396,0.06134147775475459,0.8528173680305114
0.92,0.08584115421473396,0.06134147775475459,0.8528173680305114
0.9400000000000001,0.08584115421473396,0.06134147775475459,0.8528173680305114
0.96,0.08584115421473396,0.06134147775475459,0.8528173680305114
0.98,0.08584115421473396,0.06134147775475459,0.8528173680305114
1.0,0.08584115421473396,0.06134147775475459,0.8528173680305114
