fraction_of_volc,OH,H2O2,TMI
0.0,0.5179505401052058,0.3553799176736694,0.12666954222112492
0.02,0.5179505401052058,0.3553799176736694,0.12666954222112492
0.04,0.5179505401052058,0.3553799176736694,0.12666954222112492
0.06,0.5179505401052058,0.3553799176736694,0.12666954222112492
0.08,0.5179505401052058,0.3553799176736694,0.12666954222112492
0.1,0.5179505401052058,0.3553799176736694,0.12666954222112492
0.12,0.5179505401052058,0.3553799176736694,0.12666954222112492
0.14,0.5179505401052058,0.3553799176736694,0.12666954222112492
0.16,0.5179505401052058,0.3553799176736694,0.12666954222112492
0.18,0.5179505401052058,0.3553799176736694,0.12666954222112492
0.2,0.4974545806824215,0.3574308259965034,0.14511459332107524
0.22,0.47695862125963717,0.3594817343193374,0.16355964442102555
0.24,0.45646266183685286,0.3615326426421714,0.18200469552097584
0.26,0.43596670241406854,0.3635835509650054,0.20044974662092616
0.28,0.4154707429912843,0.3656344592878394,0.21889479772087647
0.3,0.39497478356849997,0.3676853676106734,0.23733984882082676
0.32,0.37447882414571565,0.3697362759335074,0.2557848999207771
0.34,0.35398286472293133,0.3717871842563414,0.2742299510207274
0.36,0.333486905300147,0.3738380925791754,0.2926750021206777
0.38,0.3129909458773627,0.3758890009020094,0.311120053220628
0.4,0.2924949864545784,0.3779399092248434,0.3295651043205783
0.42,0.2719990270317941,0.3799908175476774,0.3480101554205286
0.44,0.2515030676090098,0.3820417258705114,0.3664552065204789
0.46,0.2310071081862255,0.3840926341933454,0.38490025762042923
0.48,0.21051114876344118,0.3861435425161794,0.40334530872037955
0.5,0.19001518934065686,0.3881944508390134,0.42179035982032986
0.52,0.16951922991787255,0.3902453591618474,0.4402354109202802
0.54,0.14902327049508823,0.3922962674846814,0.4586804620202305
0.56,0.12852731107230392,0.3943471758075154,0.4771255131201808
0.58,0.10803135164951966,0.3963980841303494,0.49557056422013107
0.6,0.10803135164951966,0.3963980841303494,0.49557056422013107
0.62,0.10803135164951966,0.3963980841303494,0.49557056422013107
0.64,0.10803135164951966,0.3963980841303494,0.49557056422013107
0.66,0.10803135164951966,0.3963980841303494,0.49557056422013107
0.68,0.10803135164951966,0.3963980841303494,0.49557056422013107
0.7000000000000001,0.10803135164951966,0.3963980841303494,0.49557056422013107
0.72,0.10803135164951966,0.3963980841303494,0.49557056422013107
0.74,0.10803135164951966,0.3963980841303494,0.49557056422013107
0.76,0.10803135164951966,0.3963980841303494,0.49557056422013107
0.78,0.10803135164951966,0.3963980841303494,0.49557056422013107
0.8,0.10803135164951966,0.3963980841303494,0.49557056422013107
0.8200000000000001,0.10803135164951966,0.3963980841303494,0.49557056422013107
0.84,0.10803135164951966,0.3963980841303494,0.49557056422013107
0.86,0.10803135164951966,0.3963980841303494,0.49557056422013107
0.88,0.10803135164951966,0.3963980841303494,0.49557056422013107
0.9,0.10803135164951966,0.3963980841303494,0.49557056422013107
0.92,0.10803135164951966,0.3963980841303494,0.49557056422013107
0.9400000000000001,0.10803135164951966,0.3963980841303494,0.49557056422013107
0.96,0.10803135164951966,0.3963980841303494,0.49557056422013107
0.98,0.10803135164951966,0.3963980841303494,0.49557056422013107
1.0,0.10803135164951966,0.3963980841303494,0.49557056422013107
