fraction_of_volc,OH,H2O2,TMI
0.0,0.23013135596797807,0.165423683157487,0.6044449608745349
0.02,0.23013135596797807,0.165423683157487,0.6044449608745349
0.04,0.24278367190471317,0.16991316215157945,0.5873031659437074
0.06,0.2554359878414483,0.17440264114567192,0.5701613710128799
0.08,0.2680883037781833,0.17889212013976435,0.5530195760820523
0.1,0.2807406197149184,0.18338159913385682,0.5358777811512248
0.12,0.29339293565165353,0.18787107812794926,0.5187359862203972
0.14,0.3060452515883886,0.1923605571220417,0.5015941912895697
0.16,0.3186975675251237,0.19685003611613416,0.48445239635874215
0.18,0.3313498834618588,0.2013395151102266,0.4673106014279146
0.2,0.3440021993985939,0.20582899410431907,0.45016880649708707
0.22,0.356654515335329,0.2103184730984115,0.43302701156625956
0.24,0.36930683127206404,0.21480795209250397,0.415885216635432
0.26,0.38195914720879914,0.2192974310865964,0.3987434217046045
0.28,0.39461146314553425,0.22378691008068885,0.38160162677377696
0.3,0.4072637790822693,0.22827638907478132,0.3644598318429494
0.32,0.4199160950190044,0.23276586806887375,0.3473180369121218
0.34,0.4325684109557395,0.2372553470629662,0.3301762419812943
0.36,0.4452207268924746,0.24174482605705866,0.3130344470504668
0.38,0.4578730428292097,0.24623430505115113,0.2958926521196392
0.4,0.47052535876594476,0.25072378404524354,0.2787508571888117
0.42,0.48317767470267986,0.255213263039336,0.26160906225798414
0.44,0.49582999063941496,0.25970274203342847,0.24446726732715662
0.46,0.50848230657615,0.26419222102752093,0.22732547239632905
0.48,0.5211346225128851,0.26868170002161335,0.21018367746550154
0.5,0.5337869384496202,0.2731711790157058,0.19304188253467403
0.52,0.5464392543863553,0.2776606580097982,0.17590008760384646
0.54,0.5590915703230904,0.2821501370038907,0.15875829267301894
0.56,0.5717438862598254,0.28663961599798315,0.14161649774219137
0.58,0.5843962021965605,0.2911290949920756,0.12447470281136386
0.6,0.5970485181332956,0.2956185739861681,0.10733290788053629
0.62,0.6097008340700307,0.3001080529802605,0.09019111294970872
0.64,0.6223531500067658,0.30459753197435296,0.07304931801888129
0.66,0.6223531500067658,0.30459753197435296,0.07304931801888129
0.68,0.6223531500067658,0.30459753197435296,0.07304931801888129
0.7000000000000001,0.6223531500067658,0.30459753197435296,0.07304931801888129
0.72,0.6223531500067658,0.30459753197435296,0.07304931801888129
0.74,0.6223531500067658,0.30459753197435296,0.07304931801888129
0.76,0.6223531500067658,0.30459753197435296,0.07304931801888129
0.78,0.6223531500067658,0.30459753197435296,0.07304931801888129
0.8,0.6223531500067658,0.30459753197435296,0.07304931801888129
0.8200000000000001,0.6223531500067658,0.30459753197435296,0.07304931801888129
0.84,0.6223531500067658,0.30459753197435296,0.07304931801888129
0.86,0.6223531500067658,0.30459753197435296,0.07304931801888129
0.88,0.6223531500067658,0.30459753197435296,0.07304931801888129
0.9,0.6223531500067658,0.30459753197435296,0.07304931801888129
0.92,0.6223531500067658,0.30459753197435296,0.07304931801888129
0.9400000000000001,0.6223531500067658,0.30459753197435296,0.07304931801888129
0.96,0.6223531500067658,0.30459753197435296,0.07304931801888129
0.98,0.6223531500067658,0.30459753197435296,0.07304931801888129
1.0,0.6223531500067658,0.30459753197435296,0.07304931801888129
