fraction_of_volc,OH,H2O2,TMI
0.0,0.6021674085091464,0.012407452368435132,0.3854251391224185
0.02,0.6021674085091464,0.012407452368435132,0.3854251391224185
0.04,0.6021674085091464,0.012407452368435132,0.3854251391224185
0.06,0.6021674085091464,0.012407452368435132,0.3854251391224185
0.08,0.6021674085091464,0.012407452368435132,0.3854251391224185
0.1,0.6021674085091464,0.012407452368435132,0.3854251391224185
0.12,0.6021674085091464,0.012407452368435132,0.3854251391224185
0.14,0.6021674085091464,0.012407452368435132,0.3854251391224185
0.16,0.6021674085091464,0.012407452368435132,0.3854251391224185
0.18,0.6021674085091464,0.012407452368435132,0.3854251391224185
0.2,0.6021674085091464,0.012407452368435132,0.3854251391224185
0.22,0.6021674085091464,0.012407452368435132,0.3854251391224185
0.24,0.6021674085091464,0.012407452368435132,0.3854251391224185
0.26,0.6021674085091464,0.012407452368435132,0.3854251391224185
0.28,0.6021674085091464,0.012407452368435132,0.3854251391224185
0.3,0.6021674085091464,0.012407452368435132,0.3854251391224185
0.32,0.6021674085091464,0.012407452368435132,0.3854251391224185
0.34,0.6021674085091464,0.012407452368435132,0.3854251391224185
0.36,0.6021674085091464,0.012407452368435132,0.3854251391224185
0.38,0.6021674085091464,0.012407452368435132,0.3854251391224185
0.4,0.6021674085091464,0.012407452368435132,0.3854251391224185
0.42,0.6021674085091464,0.012407452368435132,0.3854251391224185
0.44,0.6021674085091464,0.012407452368435132,0.3854251391224185
0.46,0.6021674085091464,0.012407452368435132,0.3854251391224185
0.48,0.6021674085091464,0.012407452368435132,0.3854251391224185
0.5,0.6021674085091464,0.012407452368435132,0.3854251391224185
0.52,0.6021674085091464,0.012407452368435132,0.3854251391224185
0.54,0.6021674085091464,0.012407452368435132,0.3854251391224185
0.56,0.6021674085091464,0.012407452368435132,0.3854251391224185
0.58,0.6021674085091464,0.012407452368435132,0.3854251391224185
0.6,0.580296869427189,0.023825324473781433,0.39587780609902956
0.62,0.5584263303452317,0.035243196579127736,0.40633047307564063
0.64,0.5365557912632744,0.04666106868447403,0.41678314005225164
0.66,0.514685252181317,0.05807894078982033,0.4272358070288627
0.68,0.4928147130993596,0.06949681289516663,0.4376884740054738
0.7000000000000001,0.4709441740174022,0.08091468500051294,0.44814114098208485
0.72,0.44907363493544483,0.09233255710585923,0.45859380795869586
0.74,0.4272030958534875,0.10375042921120553,0.46904647493530693
0.76,0.40533255677153013,0.11516830131655183,0.479499141911918
0.78,0.3834620176895728,0.12658617342189812,0.4899518088885291
0.8,0.36159147860761537,0.13800404552724443,0.5004044758651401
0.8200000000000001,0.339720939525658,0.14942191763259074,0.5108571428417512
0.84,0.31785040044370066,0.16083978973793703,0.5213098098183622
0.86,0.29597986136174326,0.17225766184328334,0.5317624767949733
0.88,0.2741093222797859,0.18367553394862962,0.5422151437715843
0.9,0.25223878319782855,0.19509340605397593,0.5526678107481954
0.92,0.2303682441158712,0.20651127815932224,0.5631204777248064
0.9400000000000001,0.20849770503391385,0.21792915026466853,0.5735731447014175
0.96,0.18662716595195644,0.22934702237001484,0.5840258116780286
0.98,0.18662716595195644,0.22934702237001484,0.5840258116780286
1.0,0.18662716595195644,0.22934702237001484,0.5840258116780286
