fraction_of_volc,OH,H2O2,TMI
0.0,0.19609996120076406,0.046961128484875395,0.7569389103143604
0.02,0.19609996120076406,0.046961128484875395,0.7569389103143604
0.04,0.19609996120076406,0.046961128484875395,0.7569389103143604
0.06,0.19609996120076406,0.046961128484875395,0.7569389103143604
0.08,0.19609996120076406,0.046961128484875395,0.7569389103143604
0.1,0.19609996120076406,0.046961128484875395,0.7569389103143604
0.12,0.19609996120076406,0.046961128484875395,0.7569389103143604
0.14,0.19609996120076406,0.046961128484875395,0.7569389103143604
0.16,0.19609996120076406,0.046961128484875395,0.7569389103143604
0.18,0.19609996120076406,0.046961128484875395,0.7569389103143604
0.2,0.1905329376947336,0.07262648570907805,0.7368405765961883
0.22,0.1849659141887031,0.0982918429332807,0.7167422428780161
0.24,0.17939889068267262,0.12395720015748335,0.696643909159844
0.26,0.17383186717664215,0.149622557381686,0.6765455754416718
0.28,0.16826484367061167,0.17528791460588866,0.6564472417234996
0.3,0.16269782016458118,0.20095327183009132,0.6363489080053274
0.32,0.1571307966585507,0.22661862905429397,0.6162505742871552
0.34,0.15156377315252023,0.25228398627849663,0.5961522405689831
0.36,0.14599674964648973,0.2779493435026993,0.5760539068508109
0.38,0.14042972614045926,0.3036147007269019,0.5559555731326388
0.4,0.1348627026344288,0.32928005795110454,0.5358572394144665
0.42,0.1292956791283983,0.3549454151753072,0.5157589056962943
0.44,0.12372865562236783,0.38061077239950986,0.49566057197812224
0.46,0.11816163211633735,0.4062761296237125,0.47556223825995003
0.48,0.11259460861030687,0.43194148684791517,0.4554639045417779
0.5,0.10702758510427639,0.4576068440721178,0.4353655708236057
0.52,0.1014605615982459,0.4832722012963205,0.41526723710543356
0.54,0.09589353809221543,0.5089375585205231,0.3951689033872614
0.56,0.09032651458618494,0.5346029157447258,0.3750705696690892
0.58,0.08475949108015447,0.5602682729689284,0.35497223595091704
0.6,0.07919246757412399,0.5859336301931312,0.3348739022327449
0.62,0.07362544406809352,0.6115989874173338,0.31477556851457267
0.64,0.06805842056206304,0.6372643446415365,0.2946772347964005
0.66,0.062491397056032544,0.6629297018657391,0.27457890107822835
0.68,0.05692437355000207,0.6885950590899418,0.2544805673600562
0.7000000000000001,0.0513573500439716,0.7142604163141444,0.23438223364188404
0.72,0.0457903265379411,0.7399257735383471,0.21428389992371188
0.74,0.04022330303191063,0.7655911307625497,0.19418556620553962
0.76,0.03465627952588016,0.7912564879867524,0.17408723248736746
0.78,0.029089256019849685,0.816921845210955,0.15398889876919536
0.8,0.029089256019849685,0.816921845210955,0.15398889876919536
0.8200000000000001,0.029089256019849685,0.816921845210955,0.15398889876919536
0.84,0.029089256019849685,0.816921845210955,0.15398889876919536
0.86,0.029089256019849685,0.816921845210955,0.15398889876919536
0.88,0.029089256019849685,0.816921845210955,0.15398889876919536
0.9,0.029089256019849685,0.816921845210955,0.15398889876919536
0.92,0.029089256019849685,0.816921845210955,0.15398889876919536
0.9400000000000001,0.029089256019849685,0.816921845210955,0.15398889876919536
0.96,0.029089256019849685,0.816921845210955,0.15398889876919536
0.98,0.029089256019849685,0.816921845210955,0.15398889876919536
1.0,0.029089256019849685,0.816921845210955,0.15398889876919536
