fraction_of_volc,OH,H2O2,TMI
0.0,0.890487012447248,0.07307129425569316,0.03644169329705882
0.02,0.890487012447248,0.07307129425569316,0.03644169329705882
0.04,0.890487012447248,0.07307129425569316,0.03644169329705882
0.06,0.890487012447248,0.07307129425569316,0.03644169329705882
0.08,0.890487012447248,0.07307129425569316,0.03644169329705882
0.1,0.890487012447248,0.07307129425569316,0.03644169329705882
0.12,0.890487012447248,0.07307129425569316,0.03644169329705882
0.14,0.890487012447248,0.07307129425569316,0.03644169329705882
0.16,0.890487012447248,0.07307129425569316,0.03644169329705882
0.18,0.890487012447248,0.07307129425569316,0.03644169329705882
0.2,0.8809712293990046,0.07400298767614927,0.0450257829248461
0.22,0.8714554463507612,0.07493468109660538,0.05360987255263338
0.24,0.8619396633025178,0.07586637451706149,0.062193962180420656
0.26,0.8524238802542745,0.07679806793751762,0.07077805180820794
0.28,0.8429080972060311,0.07772976135797373,0.07936214143599522
0.3,0.8333923141577877,0.07866145477842984,0.08794623106378249
0.32,0.8238765311095443,0.07959314819888595,0.09653032069156978
0.34,0.8143607480613009,0.08052484161934206,0.10511441031935706
0.36,0.8048449650130575,0.08145653503979818,0.11369849994714434
0.38,0.7953291819648141,0.08238822846025429,0.12228258957493163
0.4,0.7858133989165708,0.08331992188071041,0.13086667920271888
0.42,0.7762976158683274,0.08425161530116652,0.13945076883050617
0.44,0.7667818328200839,0.08518330872162264,0.14803485845829345
0.46,0.7572660497718405,0.08611500214207875,0.15661894808608073
0.48,0.7477502667235971,0.08704669556253486,0.16520303771386802
0.5,0.7382344836753537,0.08797838898299097,0.1737871273416553
0.52,0.7287187006271103,0.08891008240344708,0.18237121696944258
0.54,0.719202917578867,0.08984177582390321,0.19095530659722987
0.56,0.7096871345306236,0.09077346924435932,0.19953939622501715
0.58,0.7001713514823802,0.09170516266481543,0.20812348585280444
0.6,0.6906555684341368,0.09263685608527154,0.2167075754805917
0.62,0.6811397853858934,0.09356854950572766,0.22529166510837897
0.64,0.67162400233765,0.09450024292618378,0.23387575473616626
0.66,0.6621082192894066,0.09543193634663988,0.24245984436395354
0.68,0.6525924362411633,0.096363629767096,0.25104393399174085
0.7000000000000001,0.6430766531929198,0.09729532318755212,0.2596280236195281
0.72,0.6335608701446764,0.09822701660800823,0.26821211324731536
0.74,0.6335608701446764,0.09822701660800823,0.26821211324731536
0.76,0.6335608701446764,0.09822701660800823,0.26821211324731536
0.78,0.6335608701446764,0.09822701660800823,0.26821211324731536
0.8,0.6335608701446764,0.09822701660800823,0.26821211324731536
0.8200000000000001,0.6335608701446764,0.09822701660800823,0.26821211324731536
0.84,0.6335608701446764,0.09822701660800823,0.26821211324731536
0.86,0.6335608701446764,0.09822701660800823,0.26821211324731536
0.88,0.6335608701446764,0.09822701660800823,0.26821211324731536
0.9,0.6335608701446764,0.09822701660800823,0.26821211324731536
0.92,0.6335608701446764,0.09822701660800823,0.26821211324731536
0.9400000000000001,0.6335608701446764,0.09822701660800823,0.26821211324731536
0.96,0.6335608701446764,0.09822701660800823,0.26821211324731536
0.98,0.6335608701446764,0.09822701660800823,0.26821211324731536
1.0,0.6335608701446764,0.09822701660800823,0.26821211324731536
