fraction_of_volc,OH,H2O2,TMI
0.0,0.04285485368573032,0.7737825608037049,0.18336258551056475
0.02,0.04285485368573032,0.7737825608037049,0.18336258551056475
0.04,0.04285485368573032,0.7737825608037049,0.18336258551056475
0.06,0.04642470713139549,0.7710657153025016,0.18250957756610292
0.08,0.04999456057706066,0.7683488698012982,0.1816565696216411
0.1,0.053564414022725826,0.7656320243000949,0.18080356167717926
0.12,0.057134267468390995,0.7629151787988915,0.17995055373271743
0.14,0.060704120914056164,0.7601983332976882,0.1790975457882556
0.16,0.06427397435972135,0.7574814877964848,0.17824453784379377
0.18,0.0678438278053865,0.7547646422952815,0.1773915298993319
0.2,0.07141368125105169,0.7520477967940782,0.17653852195487008
0.22,0.07498353469671684,0.7493309512928749,0.17568551401040824
0.24,0.07855338814238202,0.7466141057916715,0.1748325060659464
0.26,0.08212324158804718,0.7438972602904682,0.17397949812148458
0.28,0.08569309503371236,0.7411804147892648,0.17312649017702275
0.3,0.08926294847937753,0.7384635692880614,0.17227348223256092
0.32,0.0928328019250427,0.7357467237868581,0.1714204742880991
0.34,0.09640265537070787,0.7330298782856548,0.17056746634363726
0.36,0.09997250881637304,0.7303130327844515,0.16971445839917543
0.38,0.10354236226203821,0.7275961872832482,0.1688614504547136
0.4,0.10711221570770338,0.7248793417820448,0.16800844251025177
0.42,0.11068206915336855,0.7221624962808415,0.1671554345657899
0.44,0.11425192259903372,0.7194456507796381,0.1663024266213281
0.46,0.11782177604469889,0.7167288052784347,0.16544941867686624
0.48,0.12139162949036406,0.7140119597772314,0.1645964107324044
0.5,0.12496148293602923,0.7112951142760281,0.16374340278794258
0.52,0.1285313363816944,0.7085782687748248,0.16289039484348075
0.54,0.13210118982735958,0.7058614232736214,0.16203738689901892
0.56,0.13567104327302476,0.7031445777724181,0.1611843789545571
0.58,0.13924089671868992,0.7004277322712147,0.16033137101009526
0.6,0.14281075016435507,0.6977108867700114,0.15947836306563343
0.62,0.14638060361002025,0.694994041268808,0.1586253551211716
0.64,0.14995045705568544,0.6922771957676047,0.15777234717670977
0.66,0.1535203105013506,0.6895603502664014,0.15691933923224793
0.68,0.15709016394701575,0.6868435047651981,0.15606633128778608
0.7000000000000001,0.16066001739268093,0.6841266592639947,0.15521332334332424
0.72,0.16422987083834611,0.6814098137627914,0.1543603153988624
0.74,0.16779972428401127,0.6786929682615881,0.15350730745440058
0.76,0.17136957772967643,0.6759761227603847,0.15265429950993875
0.78,0.1749394311753416,0.6732592772591813,0.15180129156547692
0.8,0.1785092846210068,0.670542431757978,0.1509482836210151
0.8200000000000001,0.18207913806667197,0.6678255862567747,0.15009527567655326
0.84,0.18207913806667197,0.6678255862567747,0.15009527567655326
0.86,0.18207913806667197,0.6678255862567747,0.15009527567655326
0.88,0.18207913806667197,0.6678255862567747,0.15009527567655326
0.9,0.18207913806667197,0.6678255862567747,0.15009527567655326
0.92,0.18207913806667197,0.6678255862567747,0.15009527567655326
0.9400000000000001,0.18207913806667197,0.6678255862567747,0.15009527567655326
0.96,0.18207913806667197,0.6678255862567747,0.15009527567655326
0.98,0.18207913806667197,0.6678255862567747,0.15009527567655326
1.0,0.18207913806667197,0.6678255862567747,0.15009527567655326
