fraction_of_volc,OH,H2O2,TMI
0.0,0.21420114894270528,0.19232135835887937,0.5934774926984154
0.02,0.21420114894270528,0.19232135835887937,0.5934774926984154
0.04,0.21420114894270528,0.19232135835887937,0.5934774926984154
0.06,0.21420114894270528,0.19232135835887937,0.5934774926984154
0.08,0.21420114894270528,0.19232135835887937,0.5934774926984154
0.1,0.21420114894270528,0.19232135835887937,0.5934774926984154
0.12,0.21420114894270528,0.19232135835887937,0.5934774926984154
0.14,0.21420114894270528,0.19232135835887937,0.5934774926984154
0.16,0.21420114894270528,0.19232135835887937,0.5934774926984154
0.18,0.21420114894270528,0.19232135835887937,0.5934774926984154
0.2,0.21420114894270528,0.19232135835887937,0.5934774926984154
0.22,0.21420114894270528,0.19232135835887937,0.5934774926984154
0.24,0.21420114894270528,0.19232135835887937,0.5934774926984154
0.26,0.21420114894270528,0.19232135835887937,0.5934774926984154
0.28,0.21420114894270528,0.19232135835887937,0.5934774926984154
0.3,0.21420114894270528,0.19232135835887937,0.5934774926984154
0.32,0.22828459009686014,0.19584752351288168,0.5758678863902582
0.34,0.242368031251015,0.19937368866688399,0.5582582800821011
0.36,0.25645147240516986,0.20289985382088627,0.5406486737739439
0.38,0.27053491355932474,0.20642601897488858,0.5230390674657868
0.4,0.28461835471347957,0.20995218412889088,0.5054294611576295
0.42,0.29870179586763446,0.2134783492828932,0.48781985484947243
0.44,0.3127852370217893,0.2170045144368955,0.4702102485413152
0.46,0.32686867817594417,0.22053067959089778,0.4526006422331581
0.48,0.34095211933009906,0.2240568447449001,0.4349910359250009
0.5,0.3550355604842539,0.2275830098989024,0.41738142961684377
0.52,0.3691190016384087,0.2311091750529047,0.39977182330868655
0.54,0.38320244279256366,0.23463534020690702,0.3821622170005294
0.56,0.3972858839467185,0.2381615053609093,0.3645526106923722
0.58,0.4113693251008733,0.24168767051491163,0.34694300438421505
0.6,0.4254527662550282,0.24521383566891392,0.3293333980760579
0.62,0.4395362074091831,0.24874000082291622,0.3117237917679007
0.64,0.4536196485633379,0.25226616597691853,0.29411418545974355
0.66,0.46770308971749275,0.2557923311309208,0.2765045791515864
0.68,0.4817865308716477,0.25931849628492315,0.2588949728434292
0.7000000000000001,0.4958699720258025,0.26284466143892543,0.24128536653527205
0.72,0.5099534131799573,0.26637082659292777,0.22367576022711488
0.74,0.5240368543341122,0.26989699174693005,0.20606615391895772
0.76,0.5381202954882671,0.27342315690093233,0.18845654761080055
0.78,0.552203736642422,0.27694932205493467,0.17084694130264333
0.8,0.5662871777965768,0.28047548720893695,0.15323733499448616
0.8200000000000001,0.5803706189507317,0.2840016523629393,0.135627728686329
0.84,0.5944540601048866,0.28752781751694156,0.11801812237817183
0.86,0.6085375012590414,0.29105398267094384,0.10040851607001466
0.88,0.6226209424131962,0.2945801478249462,0.08279890976185755
0.9,0.6367043835673512,0.29810631297894846,0.06518930345370033
0.92,0.650787824721506,0.3016324781329508,0.04757969714554322
0.9400000000000001,0.6648712658756608,0.3051586432869531,0.029970090837386037
0.96,0.6648712658756608,0.3051586432869531,0.029970090837386037
0.98,0.6648712658756608,0.3051586432869531,0.029970090837386037
1.0,0.6648712658756608,0.3051586432869531,0.029970090837386037
