fraction_of_volc,OH,H2O2,TMI
0.0,0.35480453610261276,0.09447357601153984,0.5507218878858474
0.02,0.35480453610261276,0.09447357601153984,0.5507218878858474
0.04,0.35480453610261276,0.09447357601153984,0.5507218878858474
0.06,0.35480453610261276,0.09447357601153984,0.5507218878858474
0.08,0.35480453610261276,0.09447357601153984,0.5507218878858474
0.1,0.35480453610261276,0.09447357601153984,0.5507218878858474
0.12,0.35480453610261276,0.09447357601153984,0.5507218878858474
0.14,0.35480453610261276,0.09447357601153984,0.5507218878858474
0.16,0.35480453610261276,0.09447357601153984,0.5507218878858474
0.18,0.35480453610261276,0.09447357601153984,0.5507218878858474
0.2,0.35480453610261276,0.09447357601153984,0.5507218878858474
0.22,0.35480453610261276,0.09447357601153984,0.5507218878858474
0.24,0.35480453610261276,0.09447357601153984,0.5507218878858474
0.26,0.35480453610261276,0.09447357601153984,0.5507218878858474
0.28,0.35480453610261276,0.09447357601153984,0.5507218878858474
0.3,0.35480453610261276,0.09447357601153984,0.5507218878858474
0.32,0.35480453610261276,0.09447357601153984,0.5507218878858474
0.34,0.35480453610261276,0.09447357601153984,0.5507218878858474
0.36,0.35480453610261276,0.09447357601153984,0.5507218878858474
0.38,0.35480453610261276,0.09447357601153984,0.5507218878858474
0.4,0.35480453610261276,0.09447357601153984,0.5507218878858474
0.42,0.35480453610261276,0.09447357601153984,0.5507218878858474
0.44,0.35480453610261276,0.09447357601153984,0.5507218878858474
0.46,0.35480453610261276,0.09447357601153984,0.5507218878858474
0.48,0.35480453610261276,0.09447357601153984,0.5507218878858474
0.5,0.35480453610261276,0.09447357601153984,0.5507218878858474
0.52,0.35480453610261276,0.09447357601153984,0.5507218878858474
0.54,0.35480453610261276,0.09447357601153984,0.5507218878858474
0.56,0.35480453610261276,0.09447357601153984,0.5507218878858474
0.58,0.35480453610261276,0.09447357601153984,0.5507218878858474
0.6,0.35480453610261276,0.09447357601153984,0.5507218878858474
0.62,0.34509325741275887,0.11417546422254393,0.5407312783646971
0.64,0.33538197872290504,0.133877352433548,0.530740668843547
0.66,0.32567070003305115,0.15357924064455208,0.5207500593223967
0.68,0.31595942134319727,0.1732811288555562,0.5107594498012465
0.7000000000000001,0.30624814265334344,0.1929830170665603,0.5007688402800963
0.72,0.29653686396348955,0.21268490527756434,0.49077823075894605
0.74,0.28682558527363566,0.23238679348856844,0.48078762123779584
0.76,0.27711430658378183,0.25208868169957255,0.4707970117166456
0.78,0.26740302789392795,0.2717905699105766,0.4608064021954954
0.8,0.2576917492040741,0.2914924581215807,0.4508157926743452
0.8200000000000001,0.24798047051422023,0.3111943463325848,0.44082518315319497
0.84,0.23826919182436634,0.33089623454358885,0.4308345736320447
0.86,0.22855791313451249,0.35059812275459296,0.42084396411089453
0.88,0.21884663444465863,0.37030001096559706,0.41085335458974426
0.9,0.20913535575480474,0.3900018991766011,0.40086274506859404
0.92,0.19942407706495088,0.4097037873876052,0.3908721355474438
0.9400000000000001,0.19942407706495088,0.4097037873876052,0.3908721355474438
0.96,0.19942407706495088,0.4097037873876052,0.3908721355474438
0.98,0.19942407706495088,0.4097037873876052,0.3908721355474438
1.0,0.19942407706495088,0.4097037873876052,0.3908721355474438
