fraction_of_volc,OH,H2O2,TMI
0.0,0.24391262041287357,0.4259304142256725,0.330156965361454
0.02,0.24391262041287357,0.4259304142256725,0.330156965361454
0.04,0.24391262041287357,0.4259304142256725,0.330156965361454
0.06,0.24391262041287357,0.4259304142256725,0.330156965361454
0.08,0.24391262041287357,0.4259304142256725,0.330156965361454
0.1,0.24391262041287357,0.4259304142256725,0.330156965361454
0.12,0.24391262041287357,0.4259304142256725,0.330156965361454
0.14,0.24391262041287357,0.4259304142256725,0.330156965361454
0.16,0.24391262041287357,0.4259304142256725,0.330156965361454
0.18,0.24391262041287357,0.4259304142256725,0.330156965361454
0.2,0.24391262041287357,0.4259304142256725,0.330156965361454
0.22,0.24391262041287357,0.4259304142256725,0.330156965361454
0.24,0.24391262041287357,0.4259304142256725,0.330156965361454
0.26,0.24391262041287357,0.4259304142256725,0.330156965361454
0.28,0.24391262041287357,0.4259304142256725,0.330156965361454
0.3,0.24391262041287357,0.4259304142256725,0.330156965361454
0.32,0.24391262041287357,0.4259304142256725,0.330156965361454
0.34,0.24391262041287357,0.4259304142256725,0.330156965361454
0.36,0.24391262041287357,0.4259304142256725,0.330156965361454
0.38,0.24391262041287357,0.4259304142256725,0.330156965361454
0.4,0.24391262041287357,0.4259304142256725,0.330156965361454
0.42,0.24391262041287357,0.4259304142256725,0.330156965361454
0.44,0.24391262041287357,0.4259304142256725,0.330156965361454
0.46,0.24391262041287357,0.4259304142256725,0.330156965361454
0.48,0.24391262041287357,0.4259304142256725,0.330156965361454
0.5,0.24391262041287357,0.4259304142256725,0.330156965361454
0.52,0.24391262041287357,0.4259304142256725,0.330156965361454
0.54,0.24391262041287357,0.4259304142256725,0.330156965361454
0.56,0.24391262041287357,0.4259304142256725,0.330156965361454
0.58,0.24391262041287357,0.4259304142256725,0.330156965361454
0.6,0.24391262041287357,0.4259304142256725,0.330156965361454
0.62,0.24391262041287357,0.4259304142256725,0.330156965361454
0.64,0.24391262041287357,0.4259304142256725,0.330156965361454
0.66,0.24391262041287357,0.4259304142256725,0.330156965361454
0.68,0.24391262041287357,0.4259304142256725,0.330156965361454
0.7000000000000001,0.24391262041287357,0.4259304142256725,0.330156965361454
0.72,0.24391262041287357,0.4259304142256725,0.330156965361454
0.74,0.28021614736613554,0.4227292386361318,0.29705461399773275
0.76,0.31651967431939754,0.4195280630465911,0.26395226263401145
0.78,0.3528232012726595,0.4163268874570504,0.2308499112702902
0.8,0.3891267282259214,0.4131257118675097,0.19774755990656892
0.8200000000000001,0.4254302551791834,0.409924536277969,0.16464520854284764
0.84,0.4617337821324454,0.4067233606884283,0.1315428571791264
0.86,0.4980373090857073,0.4035221850988876,0.09844050581540512
0.88,0.5343408360389693,0.40032100950934685,0.06533815445168384
0.9,0.5706443629922313,0.39711983391980615,0.032235803087962596
0.92,0.5706443629922313,0.39711983391980615,0.032235803087962596
0.9400000000000001,0.5706443629922313,0.39711983391980615,0.032235803087962596
0.96,0.5706443629922313,0.39711983391980615,0.032235803087962596
0.98,0.5706443629922313,0.39711983391980615,0.032235803087962596
1.0,0.5706443629922313,0.39711983391980615,0.032235803087962596
