fraction_of_volc,OH,H2O2,TMI
0.0,0.6706864657517821,0.23272813727604783,0.09658539697217003
0.02,0.6706864657517821,0.23272813727604783,0.09658539697217003
0.04,0.6706864657517821,0.23272813727604783,0.09658539697217003
0.06,0.6567003969206054,0.24860764799385573,0.09469195508553885
0.08,0.6427143280894286,0.2644871587116637,0.09279851319890767
0.1,0.6287282592582519,0.2803666694294716,0.09090507131227649
0.12,0.6147421904270752,0.2962461801472795,0.08901162942564532
0.14,0.6007561215958985,0.3121256908650874,0.08711818753901414
0.16,0.5867700527647217,0.3280052015828953,0.08522474565238296
0.18,0.572783983933545,0.3438847123007032,0.08333130376575178
0.2,0.5587979151023683,0.35976422301851113,0.0814378618791206
0.22,0.5448118462711915,0.37564373373631904,0.07954441999248942
0.24,0.5308257774400148,0.39152324445412695,0.07765097810585825
0.26,0.5168397086088381,0.40740275517193486,0.07575753621922707
0.28,0.5028536397776613,0.4232822658897428,0.07386409433259589
0.3,0.4888675709464846,0.43916177660755074,0.0719706524459647
0.32,0.4748815021153079,0.45504128732535865,0.07007721055933352
0.34,0.46089543328413113,0.47092079804316656,0.06818376867270234
0.36,0.44690936445295437,0.48680030876097447,0.06629032678607116
0.38,0.43292329562177767,0.5026798194787824,0.06439688489943998
0.4,0.4189372267906009,0.5185593301965903,0.0625034430128088
0.42,0.4049511579594242,0.5344388409143982,0.06061000112617763
0.44,0.39096508912824746,0.5503183516322061,0.058716559239546454
0.46,0.37697902029707075,0.566197862350014,0.05682311735291527
0.48,0.362992951465894,0.5820773730678219,0.05492967546628409
0.5,0.34900688263471724,0.5979568837856298,0.05303623357965291
0.52,0.33502081380354054,0.6138363945034377,0.05114279169302174
0.54,0.3210347449723638,0.6297159052212457,0.049249349806390556
0.56,0.3070486761411871,0.6455954159390536,0.047355907919759375
0.58,0.2930626073100103,0.6614749266568615,0.0454624660331282
0.6,0.27907653847883357,0.6773544373746694,0.04356902414649702
0.62,0.27907653847883357,0.6773544373746694,0.04356902414649702
0.64,0.27907653847883357,0.6773544373746694,0.04356902414649702
0.66,0.27907653847883357,0.6773544373746694,0.04356902414649702
0.68,0.27907653847883357,0.6773544373746694,0.04356902414649702
0.7000000000000001,0.27907653847883357,0.6773544373746694,0.04356902414649702
0.72,0.27907653847883357,0.6773544373746694,0.04356902414649702
0.74,0.27907653847883357,0.6773544373746694,0.04356902414649702
0.76,0.27907653847883357,0.6773544373746694,0.04356902414649702
0.78,0.27907653847883357,0.6773544373746694,0.04356902414649702
0.8,0.27907653847883357,0.6773544373746694,0.04356902414649702
0.8200000000000001,0.27907653847883357,0.6773544373746694,0.04356902414649702
0.84,0.27907653847883357,0.6773544373746694,0.04356902414649702
0.86,0.27907653847883357,0.6773544373746694,0.04356902414649702
0.88,0.27907653847883357,0.6773544373746694,0.04356902414649702
0.9,0.27907653847883357,0.6773544373746694,0.04356902414649702
0.92,0.27907653847883357,0.6773544373746694,0.04356902414649702
0.9400000000000001,0.27907653847883357,0.6773544373746694,0.04356902414649702
0.96,0.27907653847883357,0.6773544373746694,0.04356902414649702
0.98,0.27907653847883357,0.6773544373746694,0.04356902414649702
1.0,0.27907653847883357,0.6773544373746694,0.04356902414649702
