fraction_of_volc,OH,H2O2,TMI
0.0,0.5229141663966079,0.27244011829439985,0.2046457153089922
0.02,0.5229141663966079,0.27244011829439985,0.2046457153089922
0.04,0.5229141663966079,0.27244011829439985,0.2046457153089922
0.06,0.5229141663966079,0.27244011829439985,0.2046457153089922
0.08,0.5229141663966079,0.27244011829439985,0.2046457153089922
0.1,0.5229141663966079,0.27244011829439985,0.2046457153089922
0.12,0.5229141663966079,0.27244011829439985,0.2046457153089922
0.14,0.5229141663966079,0.27244011829439985,0.2046457153089922
0.16,0.5229141663966079,0.27244011829439985,0.2046457153089922
0.18,0.5229141663966079,0.27244011829439985,0.2046457153089922
0.2,0.5083534836576616,0.2861896016525126,0.20545691468982574
0.22,0.4937928009187153,0.2999390850106254,0.20626811407065931
0.24,0.47923211817976896,0.3136885683687381,0.20707931345149286
0.26,0.4646714354408227,0.32743805172685087,0.2078905128323264
0.28,0.4501107527018764,0.34118753508496363,0.20870171221315995
0.3,0.43555006996293005,0.3549370184430764,0.20951291159399352
0.32,0.4209893872239837,0.3686865018011891,0.21032411097482706
0.34,0.40642870448503743,0.3824359851593019,0.2111353103556606
0.36,0.39186802174609114,0.39618546851741465,0.21194650973649418
0.38,0.3773073390071448,0.4099349518755274,0.21275770911732772
0.4,0.36274665626819846,0.4236844352336402,0.21356890849816126
0.42,0.3481859735292522,0.43743391859175296,0.2143801078789948
0.44,0.3336252907903059,0.45118340194986567,0.21519130725982838
0.46,0.31906460805135956,0.46493288530797844,0.21600250664066192
0.48,0.3045039253124132,0.47868236866609115,0.21681370602149547
0.5,0.28994324257346693,0.4924318520242039,0.21762490540232904
0.52,0.27538255983452065,0.5061813353823167,0.21843610478316258
0.54,0.2608218770955743,0.5199308187404295,0.21924730416399613
0.56,0.24626119435662797,0.5336803020985422,0.22005850354482967
0.58,0.23170051161768168,0.547429785456655,0.22086970292566324
0.6,0.2171398288787354,0.5611792688147677,0.22168090230649679
0.62,0.20257914613978906,0.5749287521728805,0.22249210168733033
0.64,0.18801846340084272,0.5886782355309932,0.22330330106816387
0.66,0.17345778066189643,0.6024277188891061,0.22411450044899744
0.68,0.15889709792295015,0.6161772022472187,0.224925699829831
0.7000000000000001,0.1443364151840038,0.6299266856053315,0.22573689921066453
0.72,0.12977573244505747,0.6436761689634443,0.2265480985914981
0.74,0.11521504970611118,0.657425652321557,0.22735929797233165
0.76,0.1006543669671649,0.6711751356796698,0.2281704973531652
0.78,0.08609368422821856,0.6849246190377825,0.22898169673399876
0.8,0.07153300148927222,0.6986741023958953,0.2297928961148323
0.8200000000000001,0.056972318750325934,0.712423585754008,0.23060409549566585
0.84,0.04241163601137965,0.7261730691121209,0.2314152948764994
0.86,0.02785095327243331,0.7399225524702335,0.23222649425733297
0.88,0.013290270533487024,0.7536720358283463,0.2330376936381665
0.9,0.013290270533487024,0.7536720358283463,0.2330376936381665
0.92,0.013290270533487024,0.7536720358283463,0.2330376936381665
0.9400000000000001,0.013290270533487024,0.7536720358283463,0.2330376936381665
0.96,0.013290270533487024,0.7536720358283463,0.2330376936381665
0.98,0.013290270533487024,0.7536720358283463,0.2330376936381665
1.0,0.013290270533487024,0.7536720358283463,0.2330376936381665
