fraction_of_volc,OH,H2O2,TMI
0.0,0.022736261233773352,0.32381422661693243,0.6534495121492941
0.02,0.022736261233773352,0.32381422661693243,0.6534495121492941
0.04,0.022736261233773352,0.32381422661693243,0.6534495121492941
0.06,0.022736261233773352,0.32381422661693243,0.6534495121492941
0.08,0.022736261233773352,0.32381422661693243,0.6534495121492941
0.1,0.022736261233773352,0.32381422661693243,0.6534495121492941
0.12,0.022736261233773352,0.32381422661693243,0.6534495121492941
0.14,0.022736261233773352,0.32381422661693243,0.6534495121492941
0.16,0.022736261233773352,0.32381422661693243,0.6534495121492941
0.18,0.022736261233773352,0.32381422661693243,0.6534495121492941
0.2,0.022736261233773352,0.32381422661693243,0.6534495121492941
0.22,0.022736261233773352,0.32381422661693243,0.6534495121492941
0.24,0.022736261233773352,0.32381422661693243,0.6534495121492941
0.26,0.022736261233773352,0.32381422661693243,0.6534495121492941
0.28,0.022736261233773352,0.32381422661693243,0.6534495121492941
0.3,0.022736261233773352,0.32381422661693243,0.6534495121492941
0.32,0.022736261233773352,0.32381422661693243,0.6534495121492941
0.34,0.022736261233773352,0.32381422661693243,0.6534495121492941
0.36,0.022736261233773352,0.32381422661693243,0.6534495121492941
0.38,0.022736261233773352,0.32381422661693243,0.6534495121492941
0.4,0.022736261233773352,0.32381422661693243,0.6534495121492941
0.42,0.022736261233773352,0.32381422661693243,0.6534495121492941
0.44,0.022736261233773352,0.32381422661693243,0.6534495121492941
0.46,0.046948395044870875,0.3103371635271981,0.642714441427931
0.48,0.07116052885596841,0.2968601004374637,0.6319793707065678
0.5,0.09537266266706594,0.28338303734772935,0.6212442999852047
0.52,0.11958479647816346,0.269905974257995,0.6105092292638414
0.54,0.14379693028926097,0.2564289111682606,0.5997741585424783
0.56,0.1680090641003585,0.24295184807852627,0.5890390878211151
0.58,0.19222119791145603,0.2294747849887919,0.578304017099752
0.6,0.21643333172255355,0.21599772189905753,0.5675689463783888
0.62,0.24064546553365107,0.20252065880932318,0.5568338756570257
0.64,0.2648575993447486,0.18904359571958881,0.5460988049356625
0.66,0.28906973315584616,0.17556653262985444,0.5353637342142994
0.68,0.3132818669669437,0.1620894695401201,0.5246286634929362
0.7000000000000001,0.3374940007780412,0.14861240645038573,0.5138935927715731
0.72,0.36170613458913875,0.13513534336065136,0.5031585220502098
0.74,0.38591826840023624,0.12165828027091702,0.4924234513288467
0.76,0.4101304022113338,0.10818121718118265,0.48168838060748354
0.78,0.43434253602243134,0.09470415409144828,0.4709533098861204
0.8,0.4585546698335288,0.08122709100171394,0.46021823916475724
0.8200000000000001,0.4827668036446264,0.06775002791197954,0.44948316844339403
0.84,0.5069789374557239,0.054272964822245195,0.4387480977220309
0.86,0.5311910712668214,0.040795901732510874,0.42801302700066773
0.88,0.5311910712668214,0.040795901732510874,0.42801302700066773
0.9,0.5311910712668214,0.040795901732510874,0.42801302700066773
0.92,0.5311910712668214,0.040795901732510874,0.42801302700066773
0.9400000000000001,0.5311910712668214,0.040795901732510874,0.42801302700066773
0.96,0.5311910712668214,0.040795901732510874,0.42801302700066773
0.98,0.5311910712668214,0.040795901732510874,0.42801302700066773
1.0,0.5311910712668214,0.040795901732510874,0.42801302700066773
