fraction_of_volc,OH,H2O2,TMI
0.0,0.1480878960131197,0.6631933403638934,0.1887187636229869
0.02,0.1480878960131197,0.6631933403638934,0.1887187636229869
0.04,0.1480878960131197,0.6631933403638934,0.1887187636229869
0.06,0.1480878960131197,0.6631933403638934,0.1887187636229869
0.08,0.1480878960131197,0.6631933403638934,0.1887187636229869
0.1,0.1480878960131197,0.6631933403638934,0.1887187636229869
0.12,0.1480878960131197,0.6631933403638934,0.1887187636229869
0.14,0.1480878960131197,0.6631933403638934,0.1887187636229869
0.16,0.1480878960131197,0.6631933403638934,0.1887187636229869
0.18,0.1480878960131197,0.6631933403638934,0.1887187636229869
0.2,0.1480878960131197,0.6631933403638934,0.1887187636229869
0.22,0.1480878960131197,0.6631933403638934,0.1887187636229869
0.24,0.1480878960131197,0.6631933403638934,0.1887187636229869
0.26,0.1480878960131197,0.6631933403638934,0.1887187636229869
0.28,0.1480878960131197,0.6631933403638934,0.1887187636229869
0.3,0.1480878960131197,0.6631933403638934,0.1887187636229869
0.32,0.1480878960131197,0.6631933403638934,0.1887187636229869
0.34,0.1480878960131197,0.6631933403638934,0.1887187636229869
0.36,0.1480878960131197,0.6631933403638934,0.1887187636229869
0.38,0.18632516818394418,0.6129123716753563,0.2007624601406995
0.4,0.22456244035476866,0.5626314029868191,0.21280615665841213
0.42,0.26279971252559314,0.5123504342982821,0.22484985317612477
0.44,0.3010369846964176,0.46206946560974493,0.23689354969383739
0.46,0.3392742568672421,0.4117884969212078,0.24893724621155
0.48,0.3775115290380666,0.3615075282326707,0.26098094272926264
0.5,0.415748801208891,0.3112265595441336,0.2730246392469753
0.52,0.4539860733797155,0.26094559085559643,0.2850683357646879
0.54,0.49222334555054004,0.21066462216705928,0.29711203228240046
0.56,0.5304606177213645,0.16038365347852213,0.3091557288001131
0.58,0.568697889892189,0.11010268478998513,0.32119942531782575
0.6,0.568697889892189,0.11010268478998513,0.32119942531782575
0.62,0.568697889892189,0.11010268478998513,0.32119942531782575
0.64,0.568697889892189,0.11010268478998513,0.32119942531782575
0.66,0.568697889892189,0.11010268478998513,0.32119942531782575
0.68,0.568697889892189,0.11010268478998513,0.32119942531782575
0.7000000000000001,0.568697889892189,0.11010268478998513,0.32119942531782575
0.72,0.568697889892189,0.11010268478998513,0.32119942531782575
0.74,0.568697889892189,0.11010268478998513,0.32119942531782575
0.76,0.568697889892189,0.11010268478998513,0.32119942531782575
0.78,0.568697889892189,0.11010268478998513,0.32119942531782575
0.8,0.568697889892189,0.11010268478998513,0.32119942531782575
0.8200000000000001,0.568697889892189,0.11010268478998513,0.32119942531782575
0.84,0.568697889892189,0.11010268478998513,0.32119942531782575
0.86,0.568697889892189,0.11010268478998513,0.32119942531782575
0.88,0.568697889892189,0.11010268478998513,0.32119942531782575
0.9,0.568697889892189,0.11010268478998513,0.32119942531782575
0.92,0.568697889892189,0.11010268478998513,0.32119942531782575
0.9400000000000001,0.568697889892189,0.11010268478998513,0.32119942531782575
0.96,0.568697889892189,0.11010268478998513,0.32119942531782575
0.98,0.568697889892189,0.11010268478998513,0.32119942531782575
1.0,0.568697889892189,0.11010268478998513,0.32119942531782575
