fraction_of_volc,OH,H2O2,TMI
0.0,0.2589198045274642,0.1944276157395647,0.5466525797329712
0.02,0.2589198045274642,0.1944276157395647,0.5466525797329712
0.04,0.2589198045274642,0.1944276157395647,0.5466525797329712
0.06,0.2589198045274642,0.1944276157395647,0.5466525797329712
0.08,0.2589198045274642,0.1944276157395647,0.5466525797329712
0.1,0.2589198045274642,0.1944276157395647,0.5466525797329712
0.12,0.2589198045274642,0.1944276157395647,0.5466525797329712
0.14,0.2589198045274642,0.1944276157395647,0.5466525797329712
0.16,0.2756683193400241,0.19135053473741287,0.5329811459225632
0.18,0.292416834152584,0.18827345373526103,0.519309712112155
0.2,0.3091653489651439,0.18519637273310918,0.505638278301747
0.22,0.3259138637777038,0.18211929173095737,0.49196684449133893
0.24,0.3426623785902637,0.17904221072880552,0.47829541068093084
0.26,0.3594108934028237,0.17596512972665368,0.4646239768705228
0.28,0.3761594082153836,0.17288804872450184,0.45095254306011473
0.3,0.3929079230279435,0.16981096772235,0.43728110924970665
0.32,0.4096564378405034,0.16673388672019815,0.42360967543929856
0.34,0.4264049526530633,0.1636568057180463,0.4099382416288905
0.36,0.44315346746562323,0.1605797247158945,0.39626680781848245
0.38,0.45990198227818313,0.15750264371374265,0.38259537400807436
0.4,0.47665049709074303,0.1544255627115908,0.3689239401976663
0.42,0.49339901190330293,0.15134848170943896,0.35525250638725825
0.44,0.5101475267158628,0.14827140070728712,0.34158107257685016
0.46,0.5268960415284227,0.14519431970513527,0.3279096387664421
0.48,0.5436445563409826,0.14211723870298343,0.314238204956034
0.5,0.5603930711535425,0.1390401577008316,0.3005667711456259
0.52,0.5771415859661024,0.13596307669867977,0.2868953373352179
0.54,0.5938901007786623,0.13288599569652793,0.2732239035248098
0.56,0.6106386155912222,0.12980891469437608,0.2595524697144017
0.58,0.6273871304037821,0.12673183369222424,0.24588103590399368
0.6,0.644135645216342,0.1236547526900724,0.2322096020935856
0.62,0.6608841600289019,0.12057767168792057,0.21853816828317751
0.64,0.6776326748414618,0.11750059068576872,0.20486673447276943
0.66,0.6943811896540217,0.11442350968361688,0.19119530066236134
0.68,0.7111297044665816,0.11134642868146505,0.17752386685195332
0.7000000000000001,0.7278782192791416,0.1082693476793132,0.16385243304154523
0.72,0.7446267340917015,0.10519226667716136,0.15018099923113717
0.74,0.7446267340917015,0.10519226667716136,0.15018099923113717
0.76,0.7446267340917015,0.10519226667716136,0.15018099923113717
0.78,0.7446267340917015,0.10519226667716136,0.15018099923113717
0.8,0.7446267340917015,0.10519226667716136,0.15018099923113717
0.8200000000000001,0.7446267340917015,0.10519226667716136,0.15018099923113717
0.84,0.7446267340917015,0.10519226667716136,0.15018099923113717
0.86,0.7446267340917015,0.10519226667716136,0.15018099923113717
0.88,0.7446267340917015,0.10519226667716136,0.15018099923113717
0.9,0.7446267340917015,0.10519226667716136,0.15018099923113717
0.92,0.7446267340917015,0.10519226667716136,0.15018099923113717
0.9400000000000001,0.7446267340917015,0.10519226667716136,0.15018099923113717
0.96,0.7446267340917015,0.10519226667716136,0.15018099923113717
0.98,0.7446267340917015,0.10519226667716136,0.15018099923113717
1.0,0.7446267340917015,0.10519226667716136,0.15018099923113717
