fraction_of_volc,OH,H2O2,TMI
0.0,0.36583515969994507,0.31803353231825354,0.31613130798180133
0.02,0.36583515969994507,0.31803353231825354,0.31613130798180133
0.04,0.36583515969994507,0.31803353231825354,0.31613130798180133
0.06,0.36583515969994507,0.31803353231825354,0.31613130798180133
0.08,0.36583515969994507,0.31803353231825354,0.31613130798180133
0.1,0.36583515969994507,0.31803353231825354,0.31613130798180133
0.12,0.36583515969994507,0.31803353231825354,0.31613130798180133
0.14,0.36583515969994507,0.31803353231825354,0.31613130798180133
0.16,0.36583515969994507,0.31803353231825354,0.31613130798180133
0.18,0.36583515969994507,0.31803353231825354,0.31613130798180133
0.2,0.36583515969994507,0.31803353231825354,0.31613130798180133
0.22,0.36583515969994507,0.31803353231825354,0.31613130798180133
0.24,0.36583515969994507,0.31803353231825354,0.31613130798180133
0.26,0.36583515969994507,0.31803353231825354,0.31613130798180133
0.28,0.36583515969994507,0.31803353231825354,0.31613130798180133
0.3,0.36583515969994507,0.31803353231825354,0.31613130798180133
0.32,0.36583515969994507,0.31803353231825354,0.31613130798180133
0.34,0.36583515969994507,0.31803353231825354,0.31613130798180133
0.36,0.36538119703915567,0.320100258508564,0.3145185444522803
0.38,0.36492723437836627,0.3221669846988744,0.3129057809227593
0.4,0.3644732717175769,0.32423371088918485,0.3112930173932382
0.42,0.3640193090567875,0.32630043707949524,0.3096802538637172
0.44,0.36356534639599813,0.3283671632698057,0.30806749033419617
0.46,0.36311138373520874,0.3304338894601161,0.3064547268046751
0.48,0.36265742107441934,0.33250061565042655,0.3048419632751541
0.5,0.36220345841362994,0.334567341840737,0.30322919974563306
0.52,0.36174949575284054,0.3366340680310474,0.30161643621611206
0.54,0.36129553309205115,0.33870079422135785,0.300003672686591
0.56,0.36084157043126175,0.34076752041166825,0.29839090915706995
0.58,0.36038760777047235,0.3428342466019787,0.29677814562754895
0.6,0.35993364510968295,0.3449009727922891,0.2951653820980279
0.62,0.35947968244889356,0.34696769898259955,0.2935526185685069
0.64,0.35902571978810416,0.34903442517291,0.29193985503898584
0.66,0.3585717571273148,0.3511011513632204,0.2903270915094648
0.68,0.3581177944665254,0.35316787755353085,0.2887143279799438
0.7000000000000001,0.357663831805736,0.35523460374384125,0.28710156445042273
0.72,0.3572098691449466,0.3573013299341517,0.28548880092090173
0.74,0.3567559064841572,0.3593680561244621,0.2838760373913807
0.76,0.35630194382336783,0.36143478231477255,0.2822632738618596
0.78,0.35584798116257843,0.363501508505083,0.2806505103323386
0.8,0.35539401850178903,0.3655682346953934,0.27903774680281757
0.8200000000000001,0.35494005584099964,0.36763496088570385,0.27742498327329657
0.84,0.3544860931802103,0.36970168707601425,0.2758122197437755
0.86,0.3540321305194209,0.3717684132663247,0.27419945621425446
0.88,0.3535781678586315,0.3738351394566351,0.27258669268473346
0.9,0.3531242051978421,0.37590186564694555,0.2709739291552124
0.92,0.3526702425370527,0.37796859183725595,0.26936116562569135
0.9400000000000001,0.3522162798762633,0.3800353180275664,0.26774840209617035
0.96,0.3522162798762633,0.3800353180275664,0.26774840209617035
0.98,0.3522162798762633,0.3800353180275664,0.26774840209617035
1.0,0.3522162798762633,0.3800353180275664,0.26774840209617035
