fraction_of_volc,OH,H2O2,TMI
0.0,0.2577497258630731,0.29718724797849155,0.44506302615843535
0.02,0.2577497258630731,0.29718724797849155,0.44506302615843535
0.04,0.2577497258630731,0.29718724797849155,0.44506302615843535
0.06,0.2577497258630731,0.29718724797849155,0.44506302615843535
0.08,0.2577497258630731,0.29718724797849155,0.44506302615843535
0.1,0.2577497258630731,0.29718724797849155,0.44506302615843535
0.12,0.2577497258630731,0.29718724797849155,0.44506302615843535
0.14,0.2577497258630731,0.29718724797849155,0.44506302615843535
0.16,0.2577497258630731,0.29718724797849155,0.44506302615843535
0.18,0.2577497258630731,0.29718724797849155,0.44506302615843535
0.2,0.2577497258630731,0.29718724797849155,0.44506302615843535
0.22,0.2577497258630731,0.29718724797849155,0.44506302615843535
0.24,0.2577497258630731,0.29718724797849155,0.44506302615843535
0.26,0.2577497258630731,0.29718724797849155,0.44506302615843535
0.28,0.2577497258630731,0.29718724797849155,0.44506302615843535
0.3,0.2577497258630731,0.29718724797849155,0.44506302615843535
0.32,0.2577497258630731,0.29718724797849155,0.44506302615843535
0.34,0.2577497258630731,0.29718724797849155,0.44506302615843535
0.36,0.2577497258630731,0.29718724797849155,0.44506302615843535
0.38,0.2577497258630731,0.29718724797849155,0.44506302615843535
0.4,0.2577497258630731,0.29718724797849155,0.44506302615843535
0.42,0.2577497258630731,0.29718724797849155,0.44506302615843535
0.44,0.2577497258630731,0.29718724797849155,0.44506302615843535
0.46,0.25395649570880985,0.30985261311715606,0.4361908911740341
0.48,0.2501632655545466,0.32251797825582057,0.42731875618963283
0.5,0.24637003540028332,0.3351833433944851,0.41844662120523163
0.52,0.24257680524602007,0.34784870853314953,0.40957448622083037
0.54,0.23878357509175682,0.36051407367181404,0.4007023512364291
0.56,0.23499034493749357,0.37317943881047855,0.39183021625202785
0.58,0.23119711478323032,0.38584480394914306,0.3829580812676266
0.6,0.22740388462896705,0.39851016908780756,0.37408594628322533
0.62,0.2236106544747038,0.411175534226472,0.36521381129882413
0.64,0.21981742432044055,0.4238408993651365,0.3563416763144229
0.66,0.2160241941661773,0.43650626450380103,0.3474695413300216
0.68,0.21223096401191405,0.44917162964246554,0.33859740634562036
0.7000000000000001,0.20843773385765077,0.46183699478113005,0.3297252713612191
0.72,0.20464450370338752,0.4745023599197945,0.3208531363768179
0.74,0.20085127354912427,0.487167725058459,0.31198100139241663
0.76,0.20085127354912427,0.487167725058459,0.31198100139241663
0.78,0.20085127354912427,0.487167725058459,0.31198100139241663
0.8,0.20085127354912427,0.487167725058459,0.31198100139241663
0.8200000000000001,0.20085127354912427,0.487167725058459,0.31198100139241663
0.84,0.20085127354912427,0.487167725058459,0.31198100139241663
0.86,0.20085127354912427,0.487167725058459,0.31198100139241663
0.88,0.20085127354912427,0.487167725058459,0.31198100139241663
0.9,0.20085127354912427,0.487167725058459,0.31198100139241663
0.92,0.20085127354912427,0.487167725058459,0.31198100139241663
0.9400000000000001,0.20085127354912427,0.487167725058459,0.31198100139241663
0.96,0.20085127354912427,0.487167725058459,0.31198100139241663
0.98,0.20085127354912427,0.487167725058459,0.31198100139241663
1.0,0.20085127354912427,0.487167725058459,0.31198100139241663
