fraction_of_volc,OH,H2O2,TMI
0.0,0.5687476756965483,0.06610118511275527,0.36515113919069647
0.02,0.5687476756965483,0.06610118511275527,0.36515113919069647
0.04,0.5687476756965483,0.06610118511275527,0.36515113919069647
0.06,0.5687476756965483,0.06610118511275527,0.36515113919069647
0.08,0.5687476756965483,0.06610118511275527,0.36515113919069647
0.1,0.5687476756965483,0.06610118511275527,0.36515113919069647
0.12,0.5687476756965483,0.06610118511275527,0.36515113919069647
0.14,0.5687476756965483,0.06610118511275527,0.36515113919069647
0.16,0.5687476756965483,0.06610118511275527,0.36515113919069647
0.18,0.5687476756965483,0.06610118511275527,0.36515113919069647
0.2,0.5687476756965483,0.06610118511275527,0.36515113919069647
0.22,0.5687476756965483,0.06610118511275527,0.36515113919069647
0.24,0.5687476756965483,0.06610118511275527,0.36515113919069647
0.26,0.5687476756965483,0.06610118511275527,0.36515113919069647
0.28,0.5687476756965483,0.06610118511275527,0.36515113919069647
0.3,0.5687476756965483,0.06610118511275527,0.36515113919069647
0.32,0.5687476756965483,0.06610118511275527,0.36515113919069647
0.34,0.5687476756965483,0.06610118511275527,0.36515113919069647
0.36,0.5687476756965483,0.06610118511275527,0.36515113919069647
0.38,0.5687476756965483,0.06610118511275527,0.36515113919069647
0.4,0.5687476756965483,0.06610118511275527,0.36515113919069647
0.42,0.5687476756965483,0.06610118511275527,0.36515113919069647
0.44,0.5687476756965483,0.06610118511275527,0.36515113919069647
0.46,0.5687476756965483,0.06610118511275527,0.36515113919069647
0.48,0.5687476756965483,0.06610118511275527,0.36515113919069647
0.5,0.5687476756965483,0.06610118511275527,0.36515113919069647
0.52,0.5687476756965483,0.06610118511275527,0.36515113919069647
0.54,0.5687476756965483,0.06610118511275527,0.36515113919069647
0.56,0.5494932714575642,0.06343961232734098,0.3870671162150948
0.58,0.5302388672185802,0.060778039541926704,0.40898309323949317
0.6,0.5109844629795961,0.05811646675651242,0.4308990702638915
0.62,0.491730058740612,0.05545489397109814,0.4528150472882899
0.64,0.47247565450162793,0.052793321185683854,0.4747310243126882
0.66,0.4532212502626438,0.05013174840026957,0.4966470013370866
0.68,0.43396684602365976,0.04747017561485528,0.5185629783614849
0.7000000000000001,0.4147124417846757,0.044808602829441005,0.5404789553858833
0.72,0.39545803754569164,0.042147030044026715,0.5623949324102817
0.74,0.3762036333067076,0.03948545725861244,0.58431090943468
0.76,0.3569492290677235,0.03682388447319815,0.6062268864590784
0.78,0.3376948248287394,0.034162311687783865,0.6281428634834767
0.8,0.31844042058975536,0.03150073890236958,0.6500588405078751
0.8200000000000001,0.29918601635077124,0.0288391661169553,0.6719748175322735
0.84,0.2799316121117872,0.026177593331541016,0.6938907945566718
0.86,0.26067720787280313,0.023516020546126733,0.7158067715810701
0.88,0.24142280363381907,0.020854447760712446,0.7377227486054685
0.9,0.24142280363381907,0.020854447760712446,0.7377227486054685
0.92,0.24142280363381907,0.020854447760712446,0.7377227486054685
0.9400000000000001,0.24142280363381907,0.020854447760712446,0.7377227486054685
0.96,0.24142280363381907,0.020854447760712446,0.7377227486054685
0.98,0.24142280363381907,0.020854447760712446,0.7377227486054685
1.0,0.24142280363381907,0.020854447760712446,0.7377227486054685
