fraction_of_volc,OH,H2O2,TMI
0.0,0.40133176122677044,0.13703690479500985,0.46163133397821976
0.02,0.40133176122677044,0.13703690479500985,0.46163133397821976
0.04,0.40133176122677044,0.13703690479500985,0.46163133397821976
0.06,0.40133176122677044,0.13703690479500985,0.46163133397821976
0.08,0.40133176122677044,0.13703690479500985,0.46163133397821976
0.1,0.40133176122677044,0.13703690479500985,0.46163133397821976
0.12,0.40133176122677044,0.13703690479500985,0.46163133397821976
0.14,0.40133176122677044,0.13703690479500985,0.46163133397821976
0.16,0.40133176122677044,0.13703690479500985,0.46163133397821976
0.18,0.40133176122677044,0.13703690479500985,0.46163133397821976
0.2,0.40133176122677044,0.13703690479500985,0.46163133397821976
0.22,0.40133176122677044,0.13703690479500985,0.46163133397821976
0.24,0.40460278095827706,0.1421725123694176,0.4532247066723054
0.26,0.4078738006897836,0.14730811994382537,0.44481807936639106
0.28,0.41114482042129025,0.1524437275182331,0.43641145206047666
0.3,0.41441584015279687,0.15757933509264085,0.4280048247545623
0.32,0.41768685988430343,0.1627149426670486,0.41959819744864796
0.34,0.42095787961581005,0.16785055024145637,0.4111915701427336
0.36,0.42422889934731667,0.17298615781586413,0.40278494283681926
0.38,0.4274999190788233,0.17812176539027189,0.39437831553090485
0.4,0.43077093881032985,0.18325737296467964,0.3859716882249905
0.42,0.43404195854183647,0.18839298053908737,0.37756506091907616
0.44,0.4373129782733431,0.19352858811349513,0.3691584336131618
0.46,0.44058399800484965,0.1986641956879029,0.36075180630724746
0.48,0.44385501773635627,0.20379980326231065,0.3523451790013331
0.5,0.4471260374678629,0.2089354108367184,0.34393855169541876
0.52,0.45039705719936945,0.21407101841112613,0.33553192438950435
0.54,0.4536680769308761,0.21920662598553392,0.32712529708359
0.56,0.4569390966623827,0.22434223355994165,0.31871866977767566
0.58,0.4602101163938893,0.2294778411343494,0.31031204247176125
0.6,0.4634811361253959,0.23461344870875717,0.3019054151658469
0.62,0.4667521558569025,0.23974905628316492,0.29349878785993255
0.64,0.4700231755884091,0.24488466385757268,0.2850921605540182
0.66,0.4732941953199157,0.2500202714319804,0.27668553324810385
0.68,0.4765652150514223,0.2551558790063882,0.2682789059421895
0.7000000000000001,0.4798362347829289,0.2602914865807959,0.25987227863627516
0.72,0.4831072545144355,0.2654270941552037,0.2514656513303608
0.74,0.4863782742459421,0.27056270172961144,0.24305902402444643
0.76,0.4863782742459421,0.27056270172961144,0.24305902402444643
0.78,0.4863782742459421,0.27056270172961144,0.24305902402444643
0.8,0.4863782742459421,0.27056270172961144,0.24305902402444643
0.8200000000000001,0.4863782742459421,0.27056270172961144,0.24305902402444643
0.84,0.4863782742459421,0.27056270172961144,0.24305902402444643
0.86,0.4863782742459421,0.27056270172961144,0.24305902402444643
0.88,0.4863782742459421,0.27056270172961144,0.24305902402444643
0.9,0.4863782742459421,0.27056270172961144,0.24305902402444643
0.92,0.4863782742459421,0.27056270172961144,0.24305902402444643
0.9400000000000001,0.4863782742459421,0.27056270172961144,0.24305902402444643
0.96,0.4863782742459421,0.27056270172961144,0.24305902402444643
0.98,0.4863782742459421,0.27056270172961144,0.24305902402444643
1.0,0.4863782742459421,0.27056270172961144,0.24305902402444643
