fraction_of_volc,OH,H2O2,TMI
0.0,0.0702420996322365,0.16982516795783378,0.7599327324099296
0.02,0.0702420996322365,0.16982516795783378,0.7599327324099296
0.04,0.0702420996322365,0.16982516795783378,0.7599327324099296
0.06,0.0702420996322365,0.16982516795783378,0.7599327324099296
0.08,0.0702420996322365,0.16982516795783378,0.7599327324099296
0.1,0.0702420996322365,0.16982516795783378,0.7599327324099296
0.12,0.0702420996322365,0.16982516795783378,0.7599327324099296
0.14,0.0702420996322365,0.16982516795783378,0.7599327324099296
0.16,0.0702420996322365,0.16982516795783378,0.7599327324099296
0.18,0.0702420996322365,0.16982516795783378,0.7599327324099296
0.2,0.08412272807687537,0.1658344665377528,0.7500428053853717
0.22,0.09800335652151426,0.1618437651176718,0.7401528783608139
0.24,0.11188398496615314,0.1578530636975908,0.730262951336256
0.26,0.125764613410792,0.15386236227750982,0.7203730243116981
0.28,0.1396452418554309,0.1498716608574288,0.7104830972871402
0.3,0.15352587030006976,0.14588095943734783,0.7005931702625823
0.32,0.16740649874470864,0.14189025801726685,0.6907032432380245
0.34,0.18128712718934753,0.13789955659718584,0.6808133162134665
0.36,0.19516775563398642,0.13390885517710485,0.6709233891889087
0.38,0.2090483840786253,0.12991815375702387,0.6610334621643508
0.4,0.2229290125232642,0.12592745233694286,0.651143535139793
0.42,0.23680964096790305,0.12193675091686187,0.641253608115235
0.44,0.23680964096790305,0.12193675091686187,0.641253608115235
0.46,0.23680964096790305,0.12193675091686187,0.641253608115235
0.48,0.23680964096790305,0.12193675091686187,0.641253608115235
0.5,0.23680964096790305,0.12193675091686187,0.641253608115235
0.52,0.23680964096790305,0.12193675091686187,0.641253608115235
0.54,0.23680964096790305,0.12193675091686187,0.641253608115235
0.56,0.23680964096790305,0.12193675091686187,0.641253608115235
0.58,0.23680964096790305,0.12193675091686187,0.641253608115235
0.6,0.23680964096790305,0.12193675091686187,0.641253608115235
0.62,0.23680964096790305,0.12193675091686187,0.641253608115235
0.64,0.23680964096790305,0.12193675091686187,0.641253608115235
0.66,0.23680964096790305,0.12193675091686187,0.641253608115235
0.68,0.23680964096790305,0.12193675091686187,0.641253608115235
0.7000000000000001,0.23680964096790305,0.12193675091686187,0.641253608115235
0.72,0.23680964096790305,0.12193675091686187,0.641253608115235
0.74,0.23680964096790305,0.12193675091686187,0.641253608115235
0.76,0.23680964096790305,0.12193675091686187,0.641253608115235
0.78,0.23680964096790305,0.12193675091686187,0.641253608115235
0.8,0.23680964096790305,0.12193675091686187,0.641253608115235
0.8200000000000001,0.23680964096790305,0.12193675091686187,0.641253608115235
0.84,0.23680964096790305,0.12193675091686187,0.641253608115235
0.86,0.23680964096790305,0.12193675091686187,0.641253608115235
0.88,0.23680964096790305,0.12193675091686187,0.641253608115235
0.9,0.23680964096790305,0.12193675091686187,0.641253608115235
0.92,0.23680964096790305,0.12193675091686187,0.641253608115235
0.9400000000000001,0.23680964096790305,0.12193675091686187,0.641253608115235
0.96,0.23680964096790305,0.12193675091686187,0.641253608115235
0.98,0.23680964096790305,0.12193675091686187,0.641253608115235
1.0,0.23680964096790305,0.12193675091686187,0.641253608115235
