fraction_of_volc,OH,H2O2,TMI
0.0,0.5208936047303964,0.20447560352129848,0.2746307917483052
0.02,0.5208936047303964,0.20447560352129848,0.2746307917483052
0.04,0.5208936047303964,0.20447560352129848,0.2746307917483052
0.06,0.5208936047303964,0.20447560352129848,0.2746307917483052
0.08,0.5208936047303964,0.20447560352129848,0.2746307917483052
0.1,0.5208936047303964,0.20447560352129848,0.2746307917483052
0.12,0.5208936047303964,0.20447560352129848,0.2746307917483052
0.14,0.5208936047303964,0.20447560352129848,0.2746307917483052
0.16,0.5208936047303964,0.20447560352129848,0.2746307917483052
0.18,0.5208936047303964,0.20447560352129848,0.2746307917483052
0.2,0.5208936047303964,0.20447560352129848,0.2746307917483052
0.22,0.5208936047303964,0.20447560352129848,0.2746307917483052
0.24,0.5208936047303964,0.20447560352129848,0.2746307917483052
0.26,0.5208936047303964,0.20447560352129848,0.2746307917483052
0.28,0.5208936047303964,0.20447560352129848,0.2746307917483052
0.3,0.5208936047303964,0.20447560352129848,0.2746307917483052
0.32,0.5208936047303964,0.20447560352129848,0.2746307917483052
0.34,0.5208936047303964,0.20447560352129848,0.2746307917483052
0.36,0.5208936047303964,0.20447560352129848,0.2746307917483052
0.38,0.5208936047303964,0.20447560352129848,0.2746307917483052
0.4,0.5208936047303964,0.20447560352129848,0.2746307917483052
0.42,0.5208936047303964,0.20447560352129848,0.2746307917483052
0.44,0.5208936047303964,0.20447560352129848,0.2746307917483052
0.46,0.5208936047303964,0.20447560352129848,0.2746307917483052
0.48,0.5208936047303964,0.20447560352129848,0.2746307917483052
0.5,0.5208936047303964,0.20447560352129848,0.2746307917483052
0.52,0.5208936047303964,0.20447560352129848,0.2746307917483052
0.54,0.5208936047303964,0.20447560352129848,0.2746307917483052
0.56,0.5208936047303964,0.20447560352129848,0.2746307917483052
0.58,0.5208936047303964,0.20447560352129848,0.2746307917483052
0.6,0.5208936047303964,0.20447560352129848,0.2746307917483052
0.62,0.5208936047303964,0.20447560352129848,0.2746307917483052
0.64,0.5208936047303964,0.20447560352129848,0.2746307917483052
0.66,0.5208936047303964,0.20447560352129848,0.2746307917483052
0.68,0.5208936047303964,0.20447560352129848,0.2746307917483052
0.7000000000000001,0.5208936047303964,0.20447560352129848,0.2746307917483052
0.72,0.5208936047303964,0.20447560352129848,0.2746307917483052
0.74,0.5208936047303964,0.20447560352129848,0.2746307917483052
0.76,0.5208936047303964,0.20447560352129848,0.2746307917483052
0.78,0.4740427803420952,0.1777052549141055,0.3482519647437994
0.8,0.427191955953794,0.1509349063069125,0.4218731377392935
0.8200000000000001,0.3803411315654929,0.12416455769971953,0.49549431073478767
0.84,0.33349030717719164,0.09739420909252654,0.5691154837302819
0.86,0.2866394827888905,0.07062386048533356,0.6427366567257761
0.88,0.23978865840058933,0.04385351187814057,0.7163578297212703
0.9,0.19293783401228812,0.01708316327094758,0.7899790027167644
0.92,0.19293783401228812,0.01708316327094758,0.7899790027167644
0.9400000000000001,0.19293783401228812,0.01708316327094758,0.7899790027167644
0.96,0.19293783401228812,0.01708316327094758,0.7899790027167644
0.98,0.19293783401228812,0.01708316327094758,0.7899790027167644
1.0,0.19293783401228812,0.01708316327094758,0.7899790027167644
