fraction_of_volc,OH,H2O2,TMI
0.0,0.4841794860428054,0.3335811189568871,0.18223939500030747
0.02,0.4841794860428054,0.3335811189568871,0.18223939500030747
0.04,0.4841794860428054,0.3335811189568871,0.18223939500030747
0.06,0.4841794860428054,0.3335811189568871,0.18223939500030747
0.08,0.4841794860428054,0.3335811189568871,0.18223939500030747
0.1,0.4841794860428054,0.3335811189568871,0.18223939500030747
0.12,0.4841794860428054,0.3335811189568871,0.18223939500030747
0.14,0.4841794860428054,0.3335811189568871,0.18223939500030747
0.16,0.4841794860428054,0.3335811189568871,0.18223939500030747
0.18,0.4841794860428054,0.3335811189568871,0.18223939500030747
0.2,0.4841794860428054,0.3335811189568871,0.18223939500030747
0.22,0.4841794860428054,0.3335811189568871,0.18223939500030747
0.24,0.4841794860428054,0.3335811189568871,0.18223939500030747
0.26,0.4841794860428054,0.3335811189568871,0.18223939500030747
0.28,0.4841794860428054,0.3335811189568871,0.18223939500030747
0.3,0.4841794860428054,0.3335811189568871,0.18223939500030747
0.32,0.4841794860428054,0.3335811189568871,0.18223939500030747
0.34,0.4841794860428054,0.3335811189568871,0.18223939500030747
0.36,0.4841794860428054,0.3335811189568871,0.18223939500030747
0.38,0.4841794860428054,0.3335811189568871,0.18223939500030747
0.4,0.4841794860428054,0.3335811189568871,0.18223939500030747
0.42,0.4841794860428054,0.3335811189568871,0.18223939500030747
0.44,0.4841794860428054,0.3335811189568871,0.18223939500030747
0.46,0.4841794860428054,0.3335811189568871,0.18223939500030747
0.48,0.4841794860428054,0.3335811189568871,0.18223939500030747
0.5,0.4841794860428054,0.3335811189568871,0.18223939500030747
0.52,0.4841794860428054,0.3335811189568871,0.18223939500030747
0.54,0.4375815791799545,0.31315951007185244,0.249258910748193
0.56,0.3909836723171036,0.2927379011868178,0.31627842649607857
0.58,0.3443857654542527,0.2723162923017831,0.3832979422439641
0.6,0.2977878585914018,0.2518946834167485,0.45031745799184963
0.62,0.25118995172855085,0.23147307453171384,0.5173369737397352
0.64,0.20459204486569998,0.2110514656466792,0.5843564894876208
0.66,0.15799413800284906,0.19062985676164454,0.6513760052355063
0.68,0.11139623113999814,0.1702082478766099,0.7183955209833919
0.7000000000000001,0.06479832427714721,0.14978663899157527,0.7854150367312774
0.72,0.018200417414296358,0.1293650301065406,0.852434552479163
0.74,0.018200417414296358,0.1293650301065406,0.852434552479163
0.76,0.018200417414296358,0.1293650301065406,0.852434552479163
0.78,0.018200417414296358,0.1293650301065406,0.852434552479163
0.8,0.018200417414296358,0.1293650301065406,0.852434552479163
0.8200000000000001,0.018200417414296358,0.1293650301065406,0.852434552479163
0.84,0.018200417414296358,0.1293650301065406,0.852434552479163
0.86,0.018200417414296358,0.1293650301065406,0.852434552479163
0.88,0.018200417414296358,0.1293650301065406,0.852434552479163
0.9,0.018200417414296358,0.1293650301065406,0.852434552479163
0.92,0.018200417414296358,0.1293650301065406,0.852434552479163
0.9400000000000001,0.018200417414296358,0.1293650301065406,0.852434552479163
0.96,0.018200417414296358,0.1293650301065406,0.852434552479163
0.98,0.018200417414296358,0.1293650301065406,0.852434552479163
1.0,0.018200417414296358,0.1293650301065406,0.852434552479163
