fraction_of_volc,OH,H2O2,TMI
0.0,0.43535823153138564,0.08873803904672128,0.4759037294218931
0.02,0.43535823153138564,0.08873803904672128,0.4759037294218931
0.04,0.43535823153138564,0.08873803904672128,0.4759037294218931
0.06,0.43535823153138564,0.08873803904672128,0.4759037294218931
0.08,0.43535823153138564,0.08873803904672128,0.4759037294218931
0.1,0.46693248190008824,0.11571700436503386,0.4173505137348779
0.12,0.49850673226879083,0.14269596968334644,0.3587972980478627
0.14,0.5300809826374935,0.16967493500165903,0.30024408236084754
0.16,0.5616552330061961,0.1966539003199716,0.24169086667383236
0.18,0.5932294833748987,0.22363286563828416,0.18313765098681717
0.2,0.6248037337436013,0.2506118309565968,0.12458443529980201
0.22,0.6563779841123039,0.27759079627490935,0.0660312196127868
0.24,0.6879522344810065,0.3045697615932219,0.00747800392577162
0.26,0.6879522344810065,0.3045697615932219,0.00747800392577162
0.28,0.6879522344810065,0.3045697615932219,0.00747800392577162
0.3,0.6879522344810065,0.3045697615932219,0.00747800392577162
0.32,0.6879522344810065,0.3045697615932219,0.00747800392577162
0.34,0.6879522344810065,0.3045697615932219,0.00747800392577162
0.36,0.6879522344810065,0.3045697615932219,0.00747800392577162
0.38,0.6879522344810065,0.3045697615932219,0.00747800392577162
0.4,0.6879522344810065,0.3045697615932219,0.00747800392577162
0.42,0.6879522344810065,0.3045697615932219,0.00747800392577162
0.44,0.6879522344810065,0.3045697615932219,0.00747800392577162
0.46,0.6879522344810065,0.3045697615932219,0.00747800392577162
0.48,0.6879522344810065,0.3045697615932219,0.00747800392577162
0.5,0.6879522344810065,0.3045697615932219,0.00747800392577162
0.52,0.6879522344810065,0.3045697615932219,0.00747800392577162
0.54,0.6879522344810065,0.3045697615932219,0.00747800392577162
0.56,0.6879522344810065,0.3045697615932219,0.00747800392577162
0.58,0.6879522344810065,0.3045697615932219,0.00747800392577162
0.6,0.6879522344810065,0.3045697615932219,0.00747800392577162
0.62,0.6879522344810065,0.3045697615932219,0.00747800392577162
0.64,0.6879522344810065,0.3045697615932219,0.00747800392577162
0.66,0.6879522344810065,0.3045697615932219,0.00747800392577162
0.68,0.6879522344810065,0.3045697615932219,0.00747800392577162
0.7000000000000001,0.6879522344810065,0.3045697615932219,0.00747800392577162
0.72,0.6879522344810065,0.3045697615932219,0.00747800392577162
0.74,0.6879522344810065,0.3045697615932219,0.00747800392577162
0.76,0.6879522344810065,0.3045697615932219,0.00747800392577162
0.78,0.6879522344810065,0.3045697615932219,0.00747800392577162
0.8,0.6879522344810065,0.3045697615932219,0.00747800392577162
0.8200000000000001,0.6879522344810065,0.3045697615932219,0.00747800392577162
0.84,0.6879522344810065,0.3045697615932219,0.00747800392577162
0.86,0.6879522344810065,0.3045697615932219,0.00747800392577162
0.88,0.6879522344810065,0.3045697615932219,0.00747800392577162
0.9,0.6879522344810065,0.3045697615932219,0.00747800392577162
0.92,0.6879522344810065,0.3045697615932219,0.00747800392577162
0.9400000000000001,0.6879522344810065,0.3045697615932219,0.00747800392577162
0.96,0.6879522344810065,0.3045697615932219,0.00747800392577162
0.98,0.6879522344810065,0.3045697615932219,0.00747800392577162
1.0,0.6879522344810065,0.3045697615932219,0.00747800392577162
