fraction_of_volc,OH,H2O2,TMI
0.0,0.8588630020140915,0.026486659661800305,0.11465033832410838
0.02,0.8588630020140915,0.026486659661800305,0.11465033832410838
0.04,0.8588630020140915,0.026486659661800305,0.11465033832410838
0.06,0.8588630020140915,0.026486659661800305,0.11465033832410838
0.08,0.8588630020140915,0.026486659661800305,0.11465033832410838
0.1,0.8588630020140915,0.026486659661800305,0.11465033832410838
0.12,0.8588630020140915,0.026486659661800305,0.11465033832410838
0.14,0.8588630020140915,0.026486659661800305,0.11465033832410838
0.16,0.8588630020140915,0.026486659661800305,0.11465033832410838
0.18,0.8588630020140915,0.026486659661800305,0.11465033832410838
0.2,0.8588630020140915,0.026486659661800305,0.11465033832410838
0.22,0.8588630020140915,0.026486659661800305,0.11465033832410838
0.24,0.8588630020140915,0.026486659661800305,0.11465033832410838
0.26,0.8588630020140915,0.026486659661800305,0.11465033832410838
0.28,0.8588630020140915,0.026486659661800305,0.11465033832410838
0.3,0.8588630020140915,0.026486659661800305,0.11465033832410838
0.32,0.8588630020140915,0.026486659661800305,0.11465033832410838
0.34,0.8588630020140915,0.026486659661800305,0.11465033832410838
0.36,0.8588630020140915,0.026486659661800305,0.11465033832410838
0.38,0.8588630020140915,0.026486659661800305,0.11465033832410838
0.4,0.8588630020140915,0.026486659661800305,0.11465033832410838
0.42,0.8588630020140915,0.026486659661800305,0.11465033832410838
0.44,0.8588630020140915,0.026486659661800305,0.11465033832410838
0.46,0.8365475311489192,0.04783253257742003,0.11561993627366086
0.48,0.8142320602837471,0.06917840549303976,0.11658953422321335
0.5,0.7919165894185748,0.09052427840865948,0.11755913217276584
0.52,0.7696011185534026,0.11187015132427922,0.11852873012231832
0.54,0.7472856476882304,0.13321602423989895,0.1194983280718708
0.56,0.7249701768230581,0.15456189715551866,0.12046792602142328
0.58,0.7026547059578859,0.1759077700711384,0.12143752397097576
0.6,0.6803392350927138,0.19725364298675813,0.12240712192052824
0.62,0.6580237642275415,0.21859951590237786,0.12337671987008074
0.64,0.6357082933623692,0.2399453888179976,0.12434631781963322
0.66,0.6133928224971971,0.2612912617336173,0.12531591576918572
0.68,0.5910773516320248,0.282637134649237,0.1262855137187382
0.7000000000000001,0.5687618807668526,0.30398300756485674,0.12725511166829068
0.72,0.5464464099016804,0.3253288804804765,0.12822470961784316
0.74,0.5241309390365081,0.3466747533960962,0.12919430756739564
0.76,0.5018154681713359,0.36802062631171595,0.13016390551694812
0.78,0.4794999973061637,0.3893664992273357,0.1311335034665006
0.8,0.4794999973061637,0.3893664992273357,0.1311335034665006
0.8200000000000001,0.4794999973061637,0.3893664992273357,0.1311335034665006
0.84,0.4794999973061637,0.3893664992273357,0.1311335034665006
0.86,0.4794999973061637,0.3893664992273357,0.1311335034665006
0.88,0.4794999973061637,0.3893664992273357,0.1311335034665006
0.9,0.4794999973061637,0.3893664992273357,0.1311335034665006
0.92,0.4794999973061637,0.3893664992273357,0.1311335034665006
0.9400000000000001,0.4794999973061637,0.3893664992273357,0.1311335034665006
0.96,0.4794999973061637,0.3893664992273357,0.1311335034665006
0.98,0.4794999973061637,0.3893664992273357,0.1311335034665006
1.0,0.4794999973061637,0.3893664992273357,0.1311335034665006
