fraction_of_volc,OH,H2O2,TMI
0.0,0.1945064335055774,0.011940847476485803,0.7935527190179368
0.02,0.1945064335055774,0.011940847476485803,0.7935527190179368
0.04,0.1945064335055774,0.011940847476485803,0.7935527190179368
0.06,0.1945064335055774,0.011940847476485803,0.7935527190179368
0.08,0.1945064335055774,0.011940847476485803,0.7935527190179368
0.1,0.1945064335055774,0.011940847476485803,0.7935527190179368
0.12,0.1945064335055774,0.011940847476485803,0.7935527190179368
0.14,0.1945064335055774,0.011940847476485803,0.7935527190179368
0.16,0.1945064335055774,0.011940847476485803,0.7935527190179368
0.18,0.1945064335055774,0.011940847476485803,0.7935527190179368
0.2,0.1945064335055774,0.011940847476485803,0.7935527190179368
0.22,0.1945064335055774,0.011940847476485803,0.7935527190179368
0.24,0.1945064335055774,0.011940847476485803,0.7935527190179368
0.26,0.1945064335055774,0.011940847476485803,0.7935527190179368
0.28,0.1945064335055774,0.011940847476485803,0.7935527190179368
0.3,0.1945064335055774,0.011940847476485803,0.7935527190179368
0.32,0.1945064335055774,0.011940847476485803,0.7935527190179368
0.34,0.1945064335055774,0.011940847476485803,0.7935527190179368
0.36,0.1945064335055774,0.011940847476485803,0.7935527190179368
0.38,0.1945064335055774,0.011940847476485803,0.7935527190179368
0.4,0.1945064335055774,0.011940847476485803,0.7935527190179368
0.42,0.1945064335055774,0.011940847476485803,0.7935527190179368
0.44,0.1945064335055774,0.011940847476485803,0.7935527190179368
0.46,0.24524115940476068,0.02344342319056583,0.7313154174046734
0.48,0.295975885303944,0.03494599890464585,0.6690781157914102
0.5,0.3467106112031273,0.04644857461872588,0.606840814178147
0.52,0.39744533710231056,0.0579511503328059,0.5446035125648836
0.54,0.4481800630014938,0.06945372604688593,0.4823662109516203
0.56,0.49891478890067714,0.08095630176096595,0.420128909338357
0.58,0.5496495147998605,0.09245887747504597,0.3578916077250937
0.6,0.6003842406990437,0.103961453189126,0.2956543061118304
0.62,0.6003842406990437,0.103961453189126,0.2956543061118304
0.64,0.6003842406990437,0.103961453189126,0.2956543061118304
0.66,0.6003842406990437,0.103961453189126,0.2956543061118304
0.68,0.6003842406990437,0.103961453189126,0.2956543061118304
0.7000000000000001,0.6003842406990437,0.103961453189126,0.2956543061118304
0.72,0.6003842406990437,0.103961453189126,0.2956543061118304
0.74,0.6003842406990437,0.103961453189126,0.2956543061118304
0.76,0.6003842406990437,0.103961453189126,0.2956543061118304
0.78,0.6003842406990437,0.103961453189126,0.2956543061118304
0.8,0.6003842406990437,0.103961453189126,0.2956543061118304
0.8200000000000001,0.6003842406990437,0.103961453189126,0.2956543061118304
0.84,0.6003842406990437,0.103961453189126,0.2956543061118304
0.86,0.6003842406990437,0.103961453189126,0.2956543061118304
0.88,0.6003842406990437,0.103961453189126,0.2956543061118304
0.9,0.6003842406990437,0.103961453189126,0.2956543061118304
0.92,0.6003842406990437,0.103961453189126,0.2956543061118304
0.9400000000000001,0.6003842406990437,0.103961453189126,0.2956543061118304
0.96,0.6003842406990437,0.103961453189126,0.2956543061118304
0.98,0.6003842406990437,0.103961453189126,0.2956543061118304
1.0,0.6003842406990437,0.103961453189126,0.2956543061118304
