fraction_of_volc,OH,H2O2,TMI
0.0,0.26160603920541864,0.19576928404134764,0.5426246767532337
0.02,0.26160603920541864,0.19576928404134764,0.5426246767532337
0.04,0.26160603920541864,0.19576928404134764,0.5426246767532337
0.06,0.26160603920541864,0.19576928404134764,0.5426246767532337
0.08,0.26160603920541864,0.19576928404134764,0.5426246767532337
0.1,0.26160603920541864,0.19576928404134764,0.5426246767532337
0.12,0.26160603920541864,0.19576928404134764,0.5426246767532337
0.14,0.26160603920541864,0.19576928404134764,0.5426246767532337
0.16,0.26160603920541864,0.19576928404134764,0.5426246767532337
0.18,0.26160603920541864,0.19576928404134764,0.5426246767532337
0.2,0.26160603920541864,0.19576928404134764,0.5426246767532337
0.22,0.26160603920541864,0.19576928404134764,0.5426246767532337
0.24,0.26160603920541864,0.19576928404134764,0.5426246767532337
0.26,0.26160603920541864,0.19576928404134764,0.5426246767532337
0.28,0.26160603920541864,0.19576928404134764,0.5426246767532337
0.3,0.26160603920541864,0.19576928404134764,0.5426246767532337
0.32,0.26160603920541864,0.19576928404134764,0.5426246767532337
0.34,0.26160603920541864,0.19576928404134764,0.5426246767532337
0.36,0.26160603920541864,0.19576928404134764,0.5426246767532337
0.38,0.26160603920541864,0.19576928404134764,0.5426246767532337
0.4,0.26160603920541864,0.19576928404134764,0.5426246767532337
0.42,0.26160603920541864,0.19576928404134764,0.5426246767532337
0.44,0.26160603920541864,0.19576928404134764,0.5426246767532337
0.46,0.2840525828880403,0.1884898643767053,0.5274575527352543
0.48,0.30649912657066203,0.181210444712063,0.5122904287172749
0.5,0.3289456702532837,0.17393102504742067,0.4971233046992956
0.52,0.35139221393590536,0.16665160538277835,0.4819561806813163
0.54,0.3738387576185271,0.15937218571813602,0.4667890566633369
0.56,0.39628530130114875,0.1520927660534937,0.45162193264535755
0.58,0.4187318449837705,0.14481334638885138,0.43645480862737823
0.6,0.44117838866639214,0.13753392672420905,0.42128768460939886
0.62,0.4636249323490138,0.13025450705956673,0.40612056059141954
0.64,0.48607147603163553,0.12297508739492441,0.39095343657344017
0.66,0.48607147603163553,0.12297508739492441,0.39095343657344017
0.68,0.48607147603163553,0.12297508739492441,0.39095343657344017
0.7000000000000001,0.48607147603163553,0.12297508739492441,0.39095343657344017
0.72,0.48607147603163553,0.12297508739492441,0.39095343657344017
0.74,0.48607147603163553,0.12297508739492441,0.39095343657344017
0.76,0.48607147603163553,0.12297508739492441,0.39095343657344017
0.78,0.48607147603163553,0.12297508739492441,0.39095343657344017
0.8,0.48607147603163553,0.12297508739492441,0.39095343657344017
0.8200000000000001,0.48607147603163553,0.12297508739492441,0.39095343657344017
0.84,0.48607147603163553,0.12297508739492441,0.39095343657344017
0.86,0.48607147603163553,0.12297508739492441,0.39095343657344017
0.88,0.48607147603163553,0.12297508739492441,0.39095343657344017
0.9,0.48607147603163553,0.12297508739492441,0.39095343657344017
0.92,0.48607147603163553,0.12297508739492441,0.39095343657344017
0.9400000000000001,0.48607147603163553,0.12297508739492441,0.39095343657344017
0.96,0.48607147603163553,0.12297508739492441,0.39095343657344017
0.98,0.48607147603163553,0.12297508739492441,0.39095343657344017
1.0,0.48607147603163553,0.12297508739492441,0.39095343657344017
