fraction_of_volc,OH,H2O2,TMI
0.0,0.175858710528624,0.10861228614176487,0.7155290033296111
0.02,0.175858710528624,0.10861228614176487,0.7155290033296111
0.04,0.175858710528624,0.10861228614176487,0.7155290033296111
0.06,0.175858710528624,0.10861228614176487,0.7155290033296111
0.08,0.175858710528624,0.10861228614176487,0.7155290033296111
0.1,0.175858710528624,0.10861228614176487,0.7155290033296111
0.12,0.17474183400377852,0.10680268234700334,0.7184554836492181
0.14,0.17362495747893306,0.1049930785522418,0.7213819639688251
0.16,0.17250808095408757,0.10318347475748027,0.7243084442884321
0.18,0.17139120442924208,0.10137387096271874,0.7272349246080392
0.2,0.17027432790439662,0.09956426716795722,0.7301614049276461
0.22,0.16915745137955113,0.09775466337319567,0.7330878852472531
0.24,0.16804057485470567,0.09594505957843415,0.7360143655668602
0.26,0.16692369832986018,0.09413545578367262,0.7389408458864671
0.28,0.1658068218050147,0.09232585198891108,0.7418673262060742
0.3,0.16468994528016923,0.09051624819414955,0.7447938065256812
0.32,0.16357306875532374,0.08870664439938802,0.7477202868452882
0.34,0.16245619223047825,0.0868970406046265,0.7506467671648952
0.36,0.16133931570563279,0.08508743680986497,0.7535732474845022
0.38,0.1602224391807873,0.08327783301510343,0.7564997278041092
0.4,0.15910556265594183,0.0814682292203419,0.7594262081237162
0.42,0.15798868613109635,0.07965862542558037,0.7623526884433233
0.44,0.15687180960625086,0.07784902163081883,0.7652791687629302
0.46,0.1557549330814054,0.0760394178360573,0.7682056490825372
0.48,0.1546380565565599,0.07422981404129578,0.7711321294021443
0.5,0.15352118003171442,0.07242021024653425,0.7740586097217512
0.52,0.15240430350686895,0.07061060645177272,0.7769850900413583
0.54,0.15128742698202347,0.06880100265701118,0.7799115703609653
0.56,0.15017055045717798,0.06699139886224965,0.7828380506805723
0.58,0.14905367393233251,0.06518179506748811,0.7857645310001793
0.6,0.14793679740748703,0.06337219127272659,0.7886910113197863
0.62,0.14681992088264156,0.06156258747796506,0.7916174916393933
0.64,0.14570304435779607,0.05975298368320353,0.7945439719590003
0.66,0.14458616783295059,0.057943379888442,0.7974704522786074
0.68,0.14346929130810512,0.05613377609368047,0.8003969325982143
0.7000000000000001,0.14235241478325963,0.054324172298918935,0.8033234129178213
0.72,0.14123553825841417,0.05251456850415741,0.8062498932374284
0.74,0.14011866173356868,0.050704964709395874,0.8091763735570353
0.76,0.1390017852087232,0.04889536091463434,0.8121028538766424
0.78,0.1378849086838777,0.04708575711987281,0.8150293341962493
0.8,0.13676803215903224,0.045276153325111285,0.8179558145158563
0.8200000000000001,0.13565115563418675,0.04346654953034974,0.8208822948354634
0.84,0.1345342791093413,0.041656945735588216,0.8238087751550703
0.86,0.1334174025844958,0.03984734194082669,0.8267352554746774
0.88,0.13230052605965031,0.03803773814606516,0.8296617357942844
0.9,0.13118364953480485,0.03622813435130362,0.8325882161138913
0.92,0.13006677300995936,0.03441853055654209,0.8355146964334984
0.9400000000000001,0.13006677300995936,0.03441853055654209,0.8355146964334984
0.96,0.13006677300995936,0.03441853055654209,0.8355146964334984
0.98,0.13006677300995936,0.03441853055654209,0.8355146964334984
1.0,0.13006677300995936,0.03441853055654209,0.8355146964334984
