fraction_of_volc,OH,H2O2,TMI
0.0,0.4182624448428447,0.11313073536892845,0.4686068197882267
0.02,0.4182624448428447,0.11313073536892845,0.4686068197882267
0.04,0.4182624448428447,0.11313073536892845,0.4686068197882267
0.06,0.4182624448428447,0.11313073536892845,0.4686068197882267
0.08,0.4182624448428447,0.11313073536892845,0.4686068197882267
0.1,0.4182624448428447,0.11313073536892845,0.4686068197882267
0.12,0.4152638142400669,0.12412574060515655,0.4606104451547764
0.14,0.4122651836372891,0.13512074584138464,0.45261407052132613
0.16,0.4092665530345113,0.14611575107761274,0.4446176958878758
0.18,0.40626792243173354,0.15711075631384083,0.4366213212544255
0.2,0.40326929182895577,0.16810576155006893,0.4286249466209752
0.22,0.40027066122617794,0.17910076678629702,0.4206285719875249
0.24,0.39727203062340016,0.19009577202252512,0.4126321973540746
0.26,0.3942734000206224,0.2010907772587532,0.4046358227206243
0.28,0.3912747694178446,0.2120857824949813,0.396639448087174
0.3,0.3882761388150668,0.2230807877312094,0.38864307345372373
0.32,0.385277508212289,0.2340757929674375,0.3806466988202734
0.34,0.38227887760951124,0.2450707982036656,0.3726503241868231
0.36,0.37928024700673346,0.2560658034398937,0.3646539495533728
0.38,0.37628161640395563,0.2670608086761218,0.3566575749199225
0.4,0.37328298580117786,0.2780558139123499,0.3486612002864722
0.42,0.3702843551984001,0.289050819148578,0.3406648256530219
0.44,0.36728572459562225,0.3000458243848061,0.3326684510195716
0.46,0.3642870939928445,0.3110408296210342,0.3246720763861213
0.48,0.3612884633900667,0.3220358348572623,0.316675701752671
0.5,0.3582898327872889,0.3330308400934904,0.3086793271192207
0.52,0.3552912021845111,0.34402584532971847,0.30068295248577037
0.54,0.3522925715817333,0.35502085056594657,0.2926865778523201
0.56,0.34929394097895555,0.36601585580217466,0.2846902032188698
0.58,0.3462953103761778,0.37701086103840276,0.27669382858541947
0.6,0.34329667977339995,0.38800586627463085,0.2686974539519692
0.62,0.3402980491706222,0.39900087151085895,0.2607010793185189
0.64,0.3372994185678444,0.40999587674708704,0.25270470468506856
0.66,0.33430078796506657,0.42099088198331513,0.24470833005161827
0.68,0.3313021573622888,0.43198588721954323,0.23671195541816797
0.7000000000000001,0.328303526759511,0.4429808924557713,0.22871558078471768
0.72,0.3253048961567332,0.4539758976919994,0.22071920615126736
0.74,0.3223062655539554,0.4649709029282275,0.21272283151781707
0.76,0.31930763495117764,0.4759659081644556,0.20472645688436675
0.78,0.31630900434839987,0.4869609134006837,0.19673008225091648
0.8,0.3133103737456221,0.4979559186369118,0.18873370761746616
0.8200000000000001,0.31031174314284427,0.5089509238731399,0.18073733298401584
0.84,0.3073131125400665,0.519945929109368,0.17274095835056558
0.86,0.3043144819372887,0.5309409343455961,0.16474458371711526
0.88,0.3013158513345109,0.5419359395818242,0.15674820908366494
0.9,0.2983172207317331,0.5529309448180523,0.14875183445021464
0.92,0.2983172207317331,0.5529309448180523,0.14875183445021464
0.9400000000000001,0.2983172207317331,0.5529309448180523,0.14875183445021464
0.96,0.2983172207317331,0.5529309448180523,0.14875183445021464
0.98,0.2983172207317331,0.5529309448180523,0.14875183445021464
1.0,0.2983172207317331,0.5529309448180523,0.14875183445021464
