fraction_of_volc,OH,H2O2,TMI
0.0,0.7177027581300056,0.09765572437298928,0.18464151749700514
0.02,0.7177027581300056,0.09765572437298928,0.18464151749700514
0.04,0.7177027581300056,0.09765572437298928,0.18464151749700514
0.06,0.7177027581300056,0.09765572437298928,0.18464151749700514
0.08,0.7177027581300056,0.09765572437298928,0.18464151749700514
0.1,0.7177027581300056,0.09765572437298928,0.18464151749700514
0.12,0.7177027581300056,0.09765572437298928,0.18464151749700514
0.14,0.7177027581300056,0.09765572437298928,0.18464151749700514
0.16,0.7177027581300056,0.09765572437298928,0.18464151749700514
0.18,0.7177027581300056,0.09765572437298928,0.18464151749700514
0.2,0.7177027581300056,0.09765572437298928,0.18464151749700514
0.22,0.7177027581300056,0.09765572437298928,0.18464151749700514
0.24,0.7177027581300056,0.09765572437298928,0.18464151749700514
0.26,0.7177027581300056,0.09765572437298928,0.18464151749700514
0.28,0.7177027581300056,0.09765572437298928,0.18464151749700514
0.3,0.7177027581300056,0.09765572437298928,0.18464151749700514
0.32,0.7177027581300056,0.09765572437298928,0.18464151749700514
0.34,0.7177027581300056,0.09765572437298928,0.18464151749700514
0.36,0.7177027581300056,0.09765572437298928,0.18464151749700514
0.38,0.7177027581300056,0.09765572437298928,0.18464151749700514
0.4,0.7177027581300056,0.09765572437298928,0.18464151749700514
0.42,0.7177027581300056,0.09765572437298928,0.18464151749700514
0.44,0.7177027581300056,0.09765572437298928,0.18464151749700514
0.46,0.7177027581300056,0.09765572437298928,0.18464151749700514
0.48,0.7177027581300056,0.09765572437298928,0.18464151749700514
0.5,0.7177027581300056,0.09765572437298928,0.18464151749700514
0.52,0.7177027581300056,0.09765572437298928,0.18464151749700514
0.54,0.7177027581300056,0.09765572437298928,0.18464151749700514
0.56,0.7177027581300056,0.09765572437298928,0.18464151749700514
0.58,0.7177027581300056,0.09765572437298928,0.18464151749700514
0.6,0.7177027581300056,0.09765572437298928,0.18464151749700514
0.62,0.7177027581300056,0.09765572437298928,0.18464151749700514
0.64,0.7177027581300056,0.09765572437298928,0.18464151749700514
0.66,0.7177027581300056,0.09765572437298928,0.18464151749700514
0.68,0.7177027581300056,0.09765572437298928,0.18464151749700514
0.7000000000000001,0.7177027581300056,0.09765572437298928,0.18464151749700514
0.72,0.6527161677022586,0.11319172257175375,0.2340921097259877
0.74,0.5877295772745115,0.12872772077051822,0.2835427019549703
0.76,0.5227429868467645,0.1442637189692827,0.33299329418395285
0.78,0.4577563964190174,0.15979971716804714,0.3824438864129355
0.8,0.3927698059912703,0.1753357153668116,0.431894478641918
0.8200000000000001,0.3277832155635233,0.19087171356557608,0.4813450708709006
0.84,0.26279662513577623,0.20640771176434053,0.5307956630998831
0.86,0.19781003470802916,0.22194370996310503,0.5802462553288658
0.88,0.13282344428028214,0.23747970816186947,0.6296968475578484
0.9,0.06783685385253502,0.253015706360634,0.6791474397868309
0.92,0.0028502634247880125,0.2685517045593984,0.7285980320158135
0.9400000000000001,0.0028502634247880125,0.2685517045593984,0.7285980320158135
0.96,0.0028502634247880125,0.2685517045593984,0.7285980320158135
0.98,0.0028502634247880125,0.2685517045593984,0.7285980320158135
1.0,0.0028502634247880125,0.2685517045593984,0.7285980320158135
