fraction_of_volc,OH,H2O2,TMI
0.0,0.5193287624806185,0.34035160102694806,0.1403196364924332
0.02,0.5193287624806185,0.34035160102694806,0.1403196364924332
0.04,0.5193287624806185,0.34035160102694806,0.1403196364924332
0.06,0.5193287624806185,0.34035160102694806,0.1403196364924332
0.08,0.5193287624806185,0.34035160102694806,0.1403196364924332
0.1,0.5193287624806185,0.34035160102694806,0.1403196364924332
0.12,0.5193287624806185,0.34035160102694806,0.1403196364924332
0.14,0.5193287624806185,0.34035160102694806,0.1403196364924332
0.16,0.5193287624806185,0.34035160102694806,0.1403196364924332
0.18,0.5193287624806185,0.34035160102694806,0.1403196364924332
0.2,0.5287780299583409,0.334405028163215,0.13681694187844393
0.22,0.5382272974360632,0.3284584552994819,0.13331424726445465
0.24,0.5476765649137856,0.32251188243574885,0.1298115526504654
0.26,0.5571258323915079,0.31656530957201584,0.12630885803647612
0.28,0.5665750998692303,0.31061873670828277,0.12280616342248685
0.3,0.5760243673469525,0.3046721638445497,0.11930346880849758
0.32,0.585473634824675,0.29872559098081664,0.11580077419450831
0.34,0.5949229023023972,0.29277901811708357,0.11229807958051904
0.36,0.6043721697801195,0.2868324452533505,0.10879538496652977
0.38,0.6138214372578419,0.28088587238961743,0.10529269035254049
0.4,0.6232707047355642,0.27493929952588436,0.10178999573855123
0.42,0.6327199722132866,0.26899272666215135,0.09828730112456197
0.44,0.6421692396910089,0.2630461537984183,0.09478460651057269
0.46,0.6516185071687313,0.2570995809346852,0.09128191189658341
0.48,0.6610677746464536,0.25115300807095214,0.08777921728259415
0.5,0.670517042124176,0.24520643520721908,0.08427652266860489
0.52,0.6799663096018983,0.23925986234348603,0.08077382805461561
0.54,0.6894155770796206,0.23331328947975297,0.07727113344062633
0.56,0.6988648445573429,0.22736671661601993,0.07376843882663707
0.58,0.7083141120350653,0.22142014375228686,0.0702657442126478
0.6,0.7177633795127876,0.2154735708885538,0.06676304959865853
0.62,0.7272126469905099,0.20952699802482072,0.06326035498466925
0.64,0.7366619144682323,0.20358042516108765,0.05975766037067999
0.66,0.7461111819459546,0.1976338522973546,0.056254965756690714
0.68,0.755560449423677,0.19168727943362154,0.05275227114270145
0.7000000000000001,0.7650097169013993,0.18574070656988848,0.049249576528712175
0.72,0.7744589843791216,0.17979413370615543,0.04574688191472291
0.74,0.7744589843791216,0.17979413370615543,0.04574688191472291
0.76,0.7744589843791216,0.17979413370615543,0.04574688191472291
0.78,0.7744589843791216,0.17979413370615543,0.04574688191472291
0.8,0.7744589843791216,0.17979413370615543,0.04574688191472291
0.8200000000000001,0.7744589843791216,0.17979413370615543,0.04574688191472291
0.84,0.7744589843791216,0.17979413370615543,0.04574688191472291
0.86,0.7744589843791216,0.17979413370615543,0.04574688191472291
0.88,0.7744589843791216,0.17979413370615543,0.04574688191472291
0.9,0.7744589843791216,0.17979413370615543,0.04574688191472291
0.92,0.7744589843791216,0.17979413370615543,0.04574688191472291
0.9400000000000001,0.7744589843791216,0.17979413370615543,0.04574688191472291
0.96,0.7744589843791216,0.17979413370615543,0.04574688191472291
0.98,0.7744589843791216,0.17979413370615543,0.04574688191472291
1.0,0.7744589843791216,0.17979413370615543,0.04574688191472291
