fraction_of_volc,OH,H2O2,TMI
0.0,0.031189958764179022,0.6002012621717987,0.36860877906402234
0.02,0.031189958764179022,0.6002012621717987,0.36860877906402234
0.04,0.031189958764179022,0.6002012621717987,0.36860877906402234
0.06,0.031189958764179022,0.6002012621717987,0.36860877906402234
0.08,0.031189958764179022,0.6002012621717987,0.36860877906402234
0.1,0.031189958764179022,0.6002012621717987,0.36860877906402234
0.12,0.048250878208078656,0.5856929782424034,0.366056143549518
0.14,0.06531179765197828,0.5711846943130081,0.36350350803501363
0.16,0.08237271709587793,0.5566764103836128,0.3609508725205093
0.18,0.09943363653977755,0.5421681264542175,0.3583982370060049
0.2,0.1164945559836772,0.5276598425248223,0.3558456014915006
0.22,0.13355547542757681,0.513151558595427,0.3532929659769962
0.24,0.15061639487147646,0.49864327466603175,0.35074033046249187
0.26,0.16767731431537608,0.48413499073663646,0.3481876949479875
0.28,0.18473823375927573,0.46962670680724117,0.34563505943348316
0.3,0.20179915320317535,0.4551184228778459,0.3430824239189788
0.32,0.21886007264707497,0.44061013894845064,0.34052978840447445
0.34,0.2359209920909746,0.42610185501905534,0.3379771528899701
0.36,0.25298191153487426,0.41159357108966005,0.33542451737546575
0.38,0.2700428309787739,0.3970852871602648,0.3328718818609614
0.4,0.2871037504226735,0.3825770032308695,0.330319246346457
0.42,0.30416466986657315,0.3680687193014742,0.32776661083195263
0.44,0.3212255893104728,0.35356043537207893,0.3252139753174483
0.46,0.33828650875437244,0.33905215144268364,0.3226613398029439
0.48,0.35534742819827203,0.3245438675132884,0.32010870428843957
0.5,0.3724083476421717,0.3100355835838931,0.3175560687739352
0.52,0.3894692670860713,0.2955272996544978,0.31500343325943087
0.54,0.4065301865299709,0.28101901572510257,0.3124507977449265
0.56,0.42359110597387056,0.2665107317957073,0.30989816223042216
0.58,0.4406520254177702,0.252002447866312,0.3073455267159178
0.6,0.4406520254177702,0.252002447866312,0.3073455267159178
0.62,0.4406520254177702,0.252002447866312,0.3073455267159178
0.64,0.4406520254177702,0.252002447866312,0.3073455267159178
0.66,0.4406520254177702,0.252002447866312,0.3073455267159178
0.68,0.4406520254177702,0.252002447866312,0.3073455267159178
0.7000000000000001,0.4406520254177702,0.252002447866312,0.3073455267159178
0.72,0.4406520254177702,0.252002447866312,0.3073455267159178
0.74,0.4406520254177702,0.252002447866312,0.3073455267159178
0.76,0.4406520254177702,0.252002447866312,0.3073455267159178
0.78,0.4406520254177702,0.252002447866312,0.3073455267159178
0.8,0.4406520254177702,0.252002447866312,0.3073455267159178
0.8200000000000001,0.4406520254177702,0.252002447866312,0.3073455267159178
0.84,0.4406520254177702,0.252002447866312,0.3073455267159178
0.86,0.4406520254177702,0.252002447866312,0.3073455267159178
0.88,0.4406520254177702,0.252002447866312,0.3073455267159178
0.9,0.4406520254177702,0.252002447866312,0.3073455267159178
0.92,0.4406520254177702,0.252002447866312,0.3073455267159178
0.9400000000000001,0.4406520254177702,0.252002447866312,0.3073455267159178
0.96,0.4406520254177702,0.252002447866312,0.3073455267159178
0.98,0.4406520254177702,0.252002447866312,0.3073455267159178
1.0,0.4406520254177702,0.252002447866312,0.3073455267159178
