fraction_of_volc,OH,H2O2,TMI
0.0,0.15409365431116223,0.10818049783384144,0.7377258478549964
0.02,0.15409365431116223,0.10818049783384144,0.7377258478549964
0.04,0.16349835100891613,0.1119995067849445,0.7245021422061394
0.06,0.17290304770667003,0.11581851573604755,0.7112784365572825
0.08,0.18230774440442393,0.11963752468715061,0.6980547309084255
0.1,0.1917124411021778,0.12345653363825365,0.6848310252595686
0.12,0.2011171377999317,0.12727554258935672,0.6716073196107116
0.14,0.2105218344976856,0.13109455154045976,0.6583836139618546
0.16,0.21992653119543948,0.13491356049156283,0.6451599083129977
0.18,0.22933122789319338,0.13873256944266588,0.6319362026641407
0.2,0.23873592459094728,0.14255157839376892,0.6187124970152839
0.22,0.24814062128870118,0.146370587344872,0.6054887913664269
0.24,0.2575453179864551,0.15018959629597503,0.59226508571757
0.26,0.266950014684209,0.1540086052470781,0.579041380068713
0.28,0.2763547113819629,0.15782761419818114,0.565817674419856
0.3,0.2857594080797168,0.16164662314928419,0.5525939687709991
0.32,0.2951641047774707,0.16546563210038726,0.5393702631221421
0.34,0.3045688014752246,0.1692846410514903,0.5261465574732852
0.36,0.3139734981729785,0.17310365000259337,0.5129228518244282
0.38,0.3233781948707324,0.1769226589536964,0.49969914617557126
0.4,0.3327828915684862,0.18074166790479945,0.4864754405267143
0.42,0.34218758826624013,0.18456067685590252,0.4732517348778574
0.44,0.35159228496399403,0.1883796858070056,0.46002802922900043
0.46,0.36099698166174793,0.19219869475810863,0.4468043235801435
0.48,0.37040167835950183,0.19601770370921168,0.4335806179312865
0.5,0.37980637505725573,0.19983671266031472,0.42035691228242955
0.52,0.3892110717550096,0.2036557216114178,0.4071332066335726
0.54,0.3986157684527635,0.20747473056252086,0.39390950098471567
0.56,0.4080204651505174,0.2112937395136239,0.3806857953358587
0.58,0.4174251618482713,0.21511274846472694,0.3674620896870018
0.6,0.4268298585460252,0.21893175741583,0.3542383840381448
0.62,0.4362345552437791,0.22275076636693306,0.34101467838928784
0.64,0.445639251941533,0.22656977531803613,0.3277909727404309
0.66,0.4550439486392869,0.23038878426913917,0.31456726709157395
0.68,0.4644486453370408,0.2342077932202422,0.301343561442717
0.7000000000000001,0.4738533420347947,0.23802680217134525,0.28811985579386007
0.72,0.4832580387325486,0.24184581112244835,0.2748961501450031
0.74,0.4926627354303025,0.2456648200735514,0.26167244449614613
0.76,0.5020674321280564,0.24948382902465444,0.24844873884728919
0.78,0.5114721288258102,0.2533028379757575,0.23522503319843224
0.8,0.5208768255235641,0.2571218469268605,0.22200132754957524
0.8200000000000001,0.530281522221318,0.2609408558779636,0.20877762190071836
0.84,0.5396862189190719,0.26475986482906666,0.19555391625186136
0.86,0.5490909156168258,0.2685788737801697,0.18233021060300447
0.88,0.5584956123145797,0.27239788273127274,0.16910650495414747
0.9,0.5679003090123336,0.27621689168237584,0.1558827993052906
0.92,0.5773050057100875,0.2800359006334789,0.1426590936564336
0.9400000000000001,0.5867097024078414,0.2838549095845819,0.1294353880075766
0.96,0.5961143991055953,0.28767391853568497,0.1162116823587197
0.98,0.6055190958033492,0.291492927486788,0.10298797670986275
1.0,0.6055190958033492,0.291492927486788,0.10298797670986275
