fraction_of_volc,OH,H2O2,TMI
0.0,0.7999769467478708,0.10215445137982929,0.09786860187230008
0.02,0.7999769467478708,0.10215445137982929,0.09786860187230008
0.04,0.7999769467478708,0.10215445137982929,0.09786860187230008
0.06,0.7999769467478708,0.10215445137982929,0.09786860187230008
0.08,0.7999769467478708,0.10215445137982929,0.09786860187230008
0.1,0.7999769467478708,0.10215445137982929,0.09786860187230008
0.12,0.7683230425140856,0.145323787487074,0.08635316999884053
0.14,0.7366691382803005,0.18849312359431872,0.07483773812538097
0.16,0.7050152340465152,0.23166245970156343,0.06332230625192142
0.18,0.6733613298127301,0.2748317958088081,0.05180687437846187
0.2,0.6417074255789449,0.31800113191605284,0.040291442505002315
0.22,0.6100535213451597,0.36117046802329755,0.028776010631542767
0.24,0.5783996171113746,0.40433980413054227,0.01726057875808321
0.26,0.5783996171113746,0.40433980413054227,0.01726057875808321
0.28,0.5783996171113746,0.40433980413054227,0.01726057875808321
0.3,0.5783996171113746,0.40433980413054227,0.01726057875808321
0.32,0.5783996171113746,0.40433980413054227,0.01726057875808321
0.34,0.5783996171113746,0.40433980413054227,0.01726057875808321
0.36,0.5783996171113746,0.40433980413054227,0.01726057875808321
0.38,0.5783996171113746,0.40433980413054227,0.01726057875808321
0.4,0.5783996171113746,0.40433980413054227,0.01726057875808321
0.42,0.5783996171113746,0.40433980413054227,0.01726057875808321
0.44,0.5783996171113746,0.40433980413054227,0.01726057875808321
0.46,0.5783996171113746,0.40433980413054227,0.01726057875808321
0.48,0.5783996171113746,0.40433980413054227,0.01726057875808321
0.5,0.5783996171113746,0.40433980413054227,0.01726057875808321
0.52,0.5783996171113746,0.40433980413054227,0.01726057875808321
0.54,0.5783996171113746,0.40433980413054227,0.01726057875808321
0.56,0.5783996171113746,0.40433980413054227,0.01726057875808321
0.58,0.5783996171113746,0.40433980413054227,0.01726057875808321
0.6,0.5783996171113746,0.40433980413054227,0.01726057875808321
0.62,0.5783996171113746,0.40433980413054227,0.01726057875808321
0.64,0.5783996171113746,0.40433980413054227,0.01726057875808321
0.66,0.5783996171113746,0.40433980413054227,0.01726057875808321
0.68,0.5783996171113746,0.40433980413054227,0.01726057875808321
0.7000000000000001,0.5783996171113746,0.40433980413054227,0.01726057875808321
0.72,0.5783996171113746,0.40433980413054227,0.01726057875808321
0.74,0.5783996171113746,0.40433980413054227,0.01726057875808321
0.76,0.5783996171113746,0.40433980413054227,0.01726057875808321
0.78,0.5783996171113746,0.40433980413054227,0.01726057875808321
0.8,0.5783996171113746,0.40433980413054227,0.01726057875808321
0.8200000000000001,0.5783996171113746,0.40433980413054227,0.01726057875808321
0.84,0.5783996171113746,0.40433980413054227,0.01726057875808321
0.86,0.5783996171113746,0.40433980413054227,0.01726057875808321
0.88,0.5783996171113746,0.40433980413054227,0.01726057875808321
0.9,0.5783996171113746,0.40433980413054227,0.01726057875808321
0.92,0.5783996171113746,0.40433980413054227,0.01726057875808321
0.9400000000000001,0.5783996171113746,0.40433980413054227,0.01726057875808321
0.96,0.5783996171113746,0.40433980413054227,0.01726057875808321
0.98,0.5783996171113746,0.40433980413054227,0.01726057875808321
1.0,0.5783996171113746,0.40433980413054227,0.01726057875808321
