fraction_of_volc,OH,H2O2,TMI
0.0,0.18793994021470822,0.0836816077440391,0.7283784520412526
0.02,0.18793994021470822,0.0836816077440391,0.7283784520412526
0.04,0.18793994021470822,0.0836816077440391,0.7283784520412526
0.06,0.18793994021470822,0.0836816077440391,0.7283784520412526
0.08,0.18793994021470822,0.0836816077440391,0.7283784520412526
0.1,0.18793994021470822,0.0836816077440391,0.7283784520412526
0.12,0.18793994021470822,0.0836816077440391,0.7283784520412526
0.14,0.18793994021470822,0.0836816077440391,0.7283784520412526
0.16,0.18793994021470822,0.0836816077440391,0.7283784520412526
0.18,0.18793994021470822,0.0836816077440391,0.7283784520412526
0.2,0.18793994021470822,0.0836816077440391,0.7283784520412526
0.22,0.18793994021470822,0.0836816077440391,0.7283784520412526
0.24,0.18793994021470822,0.0836816077440391,0.7283784520412526
0.26,0.18793994021470822,0.0836816077440391,0.7283784520412526
0.28,0.22338432123006513,0.08509946065735803,0.6915162181125768
0.3,0.25882870224542204,0.08651731357067696,0.654653984183901
0.32,0.29427308326077894,0.0879351664839959,0.6177917502552251
0.34,0.3297174642761359,0.08935301939731483,0.5809295163265493
0.36,0.36516184529149276,0.09077087231063377,0.5440672823978734
0.38,0.4006062263068497,0.0921887252239527,0.5072050484691976
0.4,0.43605060732220663,0.09360657813727163,0.47034281454052174
0.42,0.47149498833756354,0.09502443105059057,0.4334805806118459
0.44,0.47149498833756354,0.09502443105059057,0.4334805806118459
0.46,0.47149498833756354,0.09502443105059057,0.4334805806118459
0.48,0.47149498833756354,0.09502443105059057,0.4334805806118459
0.5,0.47149498833756354,0.09502443105059057,0.4334805806118459
0.52,0.47149498833756354,0.09502443105059057,0.4334805806118459
0.54,0.47149498833756354,0.09502443105059057,0.4334805806118459
0.56,0.47149498833756354,0.09502443105059057,0.4334805806118459
0.58,0.47149498833756354,0.09502443105059057,0.4334805806118459
0.6,0.47149498833756354,0.09502443105059057,0.4334805806118459
0.62,0.47149498833756354,0.09502443105059057,0.4334805806118459
0.64,0.47149498833756354,0.09502443105059057,0.4334805806118459
0.66,0.47149498833756354,0.09502443105059057,0.4334805806118459
0.68,0.47149498833756354,0.09502443105059057,0.4334805806118459
0.7000000000000001,0.47149498833756354,0.09502443105059057,0.4334805806118459
0.72,0.47149498833756354,0.09502443105059057,0.4334805806118459
0.74,0.47149498833756354,0.09502443105059057,0.4334805806118459
0.76,0.47149498833756354,0.09502443105059057,0.4334805806118459
0.78,0.47149498833756354,0.09502443105059057,0.4334805806118459
0.8,0.47149498833756354,0.09502443105059057,0.4334805806118459
0.8200000000000001,0.47149498833756354,0.09502443105059057,0.4334805806118459
0.84,0.47149498833756354,0.09502443105059057,0.4334805806118459
0.86,0.47149498833756354,0.09502443105059057,0.4334805806118459
0.88,0.47149498833756354,0.09502443105059057,0.4334805806118459
0.9,0.47149498833756354,0.09502443105059057,0.4334805806118459
0.92,0.47149498833756354,0.09502443105059057,0.4334805806118459
0.9400000000000001,0.47149498833756354,0.09502443105059057,0.4334805806118459
0.96,0.47149498833756354,0.09502443105059057,0.4334805806118459
0.98,0.47149498833756354,0.09502443105059057,0.4334805806118459
1.0,0.47149498833756354,0.09502443105059057,0.4334805806118459
