fraction_of_volc,OH,H2O2,TMI
0.0,0.6452480165720434,0.018713567192206196,0.3360384162357504
0.02,0.6452480165720434,0.018713567192206196,0.3360384162357504
0.04,0.6452480165720434,0.018713567192206196,0.3360384162357504
0.06,0.6452480165720434,0.018713567192206196,0.3360384162357504
0.08,0.6452480165720434,0.018713567192206196,0.3360384162357504
0.1,0.6452480165720434,0.018713567192206196,0.3360384162357504
0.12,0.6452480165720434,0.018713567192206196,0.3360384162357504
0.14,0.6452480165720434,0.018713567192206196,0.3360384162357504
0.16,0.6452480165720434,0.018713567192206196,0.3360384162357504
0.18,0.6452480165720434,0.018713567192206196,0.3360384162357504
0.2,0.6452480165720434,0.018713567192206196,0.3360384162357504
0.22,0.6452480165720434,0.018713567192206196,0.3360384162357504
0.24,0.6452480165720434,0.018713567192206196,0.3360384162357504
0.26,0.6452480165720434,0.018713567192206196,0.3360384162357504
0.28,0.6452480165720434,0.018713567192206196,0.3360384162357504
0.3,0.6452480165720434,0.018713567192206196,0.3360384162357504
0.32,0.6452480165720434,0.018713567192206196,0.3360384162357504
0.34,0.6452480165720434,0.018713567192206196,0.3360384162357504
0.36,0.6335148274969901,0.02833239230771451,0.3381527801952955
0.38,0.6217816384219367,0.03795121742322283,0.3402671441548405
0.4,0.6100484493468834,0.04757004253873114,0.34238150811438556
0.42,0.59831526027183,0.05718886765423946,0.3444958720739306
0.44,0.5865820711967766,0.06680769276974777,0.3466102360334757
0.46,0.5748488821217232,0.07642651788525609,0.3487245999930207
0.48,0.5631156930466699,0.0860453430007644,0.35083896395256575
0.5,0.5513825039716166,0.09566416811627272,0.3529533279121108
0.52,0.5396493148965632,0.10528299323178104,0.3550676918716559
0.54,0.5279161258215098,0.11490181834728935,0.3571820558312009
0.56,0.5161829367464564,0.12452064346279766,0.35929641979074595
0.58,0.5044497476714032,0.134139468578306,0.361410783750291
0.6,0.4927165585963498,0.14375829369381432,0.363525147709836
0.62,0.4809833695212964,0.1533771188093226,0.3656395116693811
0.64,0.469250180446243,0.1629959439248309,0.36775387562892614
0.66,0.4575169913711896,0.17261476904033923,0.3698682395884712
0.68,0.4457838022961363,0.18223359415584756,0.3719826035480162
0.7000000000000001,0.43405061322108296,0.19185241927135588,0.3740969675075613
0.72,0.4223174241460296,0.2014712443868642,0.37621133146710634
0.74,0.4105842350709762,0.21109006950237252,0.3783256954266514
0.76,0.3988510459959228,0.22070889461788085,0.3804400593861964
0.78,0.3871178569208695,0.2303277197333891,0.38255442334574147
0.8,0.3753846678458161,0.23994654484889744,0.38466878730528653
0.8200000000000001,0.36365147877076276,0.24956536996440576,0.38678315126483154
0.84,0.3519182896957094,0.2591841950799141,0.3888975152243766
0.86,0.34018510062065604,0.2688030201954224,0.39101187918392166
0.88,0.32845191154560266,0.2784218453109307,0.3931262431434667
0.9,0.3167187224705493,0.288040670426439,0.39524060710301173
0.92,0.30498553339549594,0.2976594955419473,0.3973549710625568
0.9400000000000001,0.30498553339549594,0.2976594955419473,0.3973549710625568
0.96,0.30498553339549594,0.2976594955419473,0.3973549710625568
0.98,0.30498553339549594,0.2976594955419473,0.3973549710625568
1.0,0.30498553339549594,0.2976594955419473,0.3973549710625568
