fraction_of_volc,OH,H2O2,TMI
0.0,0.04465771669660575,0.19817873604942074,0.7571635472539735
0.02,0.04465771669660575,0.19817873604942074,0.7571635472539735
0.04,0.04465771669660575,0.19817873604942074,0.7571635472539735
0.06,0.04465771669660575,0.19817873604942074,0.7571635472539735
0.08,0.04465771669660575,0.19817873604942074,0.7571635472539735
0.1,0.04465771669660575,0.19817873604942074,0.7571635472539735
0.12,0.04465771669660575,0.19817873604942074,0.7571635472539735
0.14,0.04465771669660575,0.19817873604942074,0.7571635472539735
0.16,0.04465771669660575,0.19817873604942074,0.7571635472539735
0.18,0.04465771669660575,0.19817873604942074,0.7571635472539735
0.2,0.04465771669660575,0.19817873604942074,0.7571635472539735
0.22,0.04465771669660575,0.19817873604942074,0.7571635472539735
0.24,0.04465771669660575,0.19817873604942074,0.7571635472539735
0.26,0.04465771669660575,0.19817873604942074,0.7571635472539735
0.28,0.04465771669660575,0.19817873604942074,0.7571635472539735
0.3,0.04465771669660575,0.19817873604942074,0.7571635472539735
0.32,0.04465771669660575,0.19817873604942074,0.7571635472539735
0.34,0.04465771669660575,0.19817873604942074,0.7571635472539735
0.36,0.04465771669660575,0.19817873604942074,0.7571635472539735
0.38,0.04465771669660575,0.19817873604942074,0.7571635472539735
0.4,0.04465771669660575,0.19817873604942074,0.7571635472539735
0.42,0.04465771669660575,0.19817873604942074,0.7571635472539735
0.44,0.04465771669660575,0.19817873604942074,0.7571635472539735
0.46,0.04465771669660575,0.19817873604942074,0.7571635472539735
0.48,0.04465771669660575,0.19817873604942074,0.7571635472539735
0.5,0.04465771669660575,0.19817873604942074,0.7571635472539735
0.52,0.04465771669660575,0.19817873604942074,0.7571635472539735
0.54,0.05607532086177972,0.197270312517227,0.7466543666209933
0.56,0.0674929250269537,0.19636188898503323,0.736145185988013
0.58,0.07891052919212767,0.19545346545283948,0.7256360053550328
0.6,0.09032813335730164,0.1945450419206457,0.7151268247220526
0.62,0.10174573752247561,0.19363661838845195,0.7046176440890723
0.64,0.11316334168764958,0.1927281948562582,0.6941084634560921
0.66,0.12458094585282356,0.19181977132406444,0.6835992828231119
0.68,0.12458094585282356,0.19181977132406444,0.6835992828231119
0.7000000000000001,0.12458094585282356,0.19181977132406444,0.6835992828231119
0.72,0.12458094585282356,0.19181977132406444,0.6835992828231119
0.74,0.12458094585282356,0.19181977132406444,0.6835992828231119
0.76,0.12458094585282356,0.19181977132406444,0.6835992828231119
0.78,0.12458094585282356,0.19181977132406444,0.6835992828231119
0.8,0.12458094585282356,0.19181977132406444,0.6835992828231119
0.8200000000000001,0.12458094585282356,0.19181977132406444,0.6835992828231119
0.84,0.12458094585282356,0.19181977132406444,0.6835992828231119
0.86,0.12458094585282356,0.19181977132406444,0.6835992828231119
0.88,0.12458094585282356,0.19181977132406444,0.6835992828231119
0.9,0.12458094585282356,0.19181977132406444,0.6835992828231119
0.92,0.12458094585282356,0.19181977132406444,0.6835992828231119
0.9400000000000001,0.12458094585282356,0.19181977132406444,0.6835992828231119
0.96,0.12458094585282356,0.19181977132406444,0.6835992828231119
0.98,0.12458094585282356,0.19181977132406444,0.6835992828231119
1.0,0.12458094585282356,0.19181977132406444,0.6835992828231119
