fraction_of_volc,OH,H2O2,TMI
0.0,0.02934295920668704,0.49138117741278153,0.4792758633805314
0.02,0.02934295920668704,0.49138117741278153,0.4792758633805314
0.04,0.02934295920668704,0.49138117741278153,0.4792758633805314
0.06,0.02934295920668704,0.49138117741278153,0.4792758633805314
0.08,0.02934295920668704,0.49138117741278153,0.4792758633805314
0.1,0.02934295920668704,0.49138117741278153,0.4792758633805314
0.12,0.02934295920668704,0.49138117741278153,0.4792758633805314
0.14,0.02934295920668704,0.49138117741278153,0.4792758633805314
0.16,0.02934295920668704,0.49138117741278153,0.4792758633805314
0.18,0.02934295920668704,0.49138117741278153,0.4792758633805314
0.2,0.02934295920668704,0.49138117741278153,0.4792758633805314
0.22,0.02934295920668704,0.49138117741278153,0.4792758633805314
0.24,0.02934295920668704,0.49138117741278153,0.4792758633805314
0.26,0.02934295920668704,0.49138117741278153,0.4792758633805314
0.28,0.02934295920668704,0.49138117741278153,0.4792758633805314
0.3,0.02934295920668704,0.49138117741278153,0.4792758633805314
0.32,0.02934295920668704,0.49138117741278153,0.4792758633805314
0.34,0.02934295920668704,0.49138117741278153,0.4792758633805314
0.36,0.02934295920668704,0.49138117741278153,0.4792758633805314
0.38,0.02934295920668704,0.49138117741278153,0.4792758633805314
0.4,0.02934295920668704,0.49138117741278153,0.4792758633805314
0.42,0.02934295920668704,0.49138117741278153,0.4792758633805314
0.44,0.02934295920668704,0.49138117741278153,0.4792758633805314
0.46,0.02934295920668704,0.49138117741278153,0.4792758633805314
0.48,0.02934295920668704,0.49138117741278153,0.4792758633805314
0.5,0.02934295920668704,0.49138117741278153,0.4792758633805314
0.52,0.02934295920668704,0.49138117741278153,0.4792758633805314
0.54,0.02934295920668704,0.49138117741278153,0.4792758633805314
0.56,0.02934295920668704,0.49138117741278153,0.4792758633805314
0.58,0.02934295920668704,0.49138117741278153,0.4792758633805314
0.6,0.02934295920668704,0.49138117741278153,0.4792758633805314
0.62,0.02934295920668704,0.49138117741278153,0.4792758633805314
0.64,0.02934295920668704,0.49138117741278153,0.4792758633805314
0.66,0.061762491687698,0.4983343193703963,0.4399031889419057
0.68,0.09418202416870895,0.5052874613280111,0.40053051450328003
0.7000000000000001,0.1266015566497199,0.5122406032856258,0.36115784006465435
0.72,0.15902108913073085,0.5191937452432406,0.32178516562602866
0.74,0.1914406216117418,0.5261468872008552,0.28241249118740297
0.76,0.22386015409275276,0.53310002915847,0.24303981674877728
0.78,0.2562796865737637,0.5400531711160848,0.2036671423101516
0.8,0.2886992190547747,0.5470063130736995,0.1642944678715259
0.8200000000000001,0.3211187515357856,0.5539594550313143,0.12492179343290019
0.84,0.3211187515357856,0.5539594550313143,0.12492179343290019
0.86,0.3211187515357856,0.5539594550313143,0.12492179343290019
0.88,0.3211187515357856,0.5539594550313143,0.12492179343290019
0.9,0.3211187515357856,0.5539594550313143,0.12492179343290019
0.92,0.3211187515357856,0.5539594550313143,0.12492179343290019
0.9400000000000001,0.3211187515357856,0.5539594550313143,0.12492179343290019
0.96,0.3211187515357856,0.5539594550313143,0.12492179343290019
0.98,0.3211187515357856,0.5539594550313143,0.12492179343290019
1.0,0.3211187515357856,0.5539594550313143,0.12492179343290019
