fraction_of_volc,OH,H2O2,TMI
0.0,0.11784826041866103,0.05431083557950027,0.8278409040018387
0.02,0.11784826041866103,0.05431083557950027,0.8278409040018387
0.04,0.11784826041866103,0.05431083557950027,0.8278409040018387
0.06,0.11784826041866103,0.05431083557950027,0.8278409040018387
0.08,0.11784826041866103,0.05431083557950027,0.8278409040018387
0.1,0.11784826041866103,0.05431083557950027,0.8278409040018387
0.12,0.11784826041866103,0.05431083557950027,0.8278409040018387
0.14,0.11784826041866103,0.05431083557950027,0.8278409040018387
0.16,0.11784826041866103,0.05431083557950027,0.8278409040018387
0.18,0.11784826041866103,0.05431083557950027,0.8278409040018387
0.2,0.11784826041866103,0.05431083557950027,0.8278409040018387
0.22,0.11784826041866103,0.05431083557950027,0.8278409040018387
0.24,0.11784826041866103,0.05431083557950027,0.8278409040018387
0.26,0.11784826041866103,0.05431083557950027,0.8278409040018387
0.28,0.11784826041866103,0.05431083557950027,0.8278409040018387
0.3,0.11784826041866103,0.05431083557950027,0.8278409040018387
0.32,0.11784826041866103,0.05431083557950027,0.8278409040018387
0.34,0.11784826041866103,0.05431083557950027,0.8278409040018387
0.36,0.11784826041866103,0.05431083557950027,0.8278409040018387
0.38,0.11784826041866103,0.05431083557950027,0.8278409040018387
0.4,0.11784826041866103,0.05431083557950027,0.8278409040018387
0.42,0.13196832273266026,0.08777857941852074,0.780253097848819
0.44,0.14608838504665952,0.12124632325754121,0.7326652916957993
0.46,0.16020844736065876,0.15471406709656169,0.6850774855427796
0.48,0.17432850967465802,0.18818181093558217,0.6374896793897599
0.5,0.18844857198865725,0.22164955477460263,0.5899018732367401
0.52,0.20256863430265648,0.2551172986136231,0.5423140670837205
0.54,0.21668869661665574,0.2885850424526436,0.49472626093070077
0.56,0.230808758930655,0.32205278629166406,0.44713845477768105
0.58,0.24492882124465423,0.3555205301306845,0.39955064862466133
0.6,0.25904888355865346,0.388988273969705,0.3519628424716416
0.62,0.2731689458726527,0.4224560178087255,0.30437503631862195
0.64,0.28728900818665193,0.45592376164774595,0.25678723016560223
0.66,0.30140907050065124,0.4893915054867664,0.2091994240125825
0.68,0.31552913281465045,0.5228592493257869,0.1616116178595628
0.7000000000000001,0.31552913281465045,0.5228592493257869,0.1616116178595628
0.72,0.31552913281465045,0.5228592493257869,0.1616116178595628
0.74,0.31552913281465045,0.5228592493257869,0.1616116178595628
0.76,0.31552913281465045,0.5228592493257869,0.1616116178595628
0.78,0.31552913281465045,0.5228592493257869,0.1616116178595628
0.8,0.31552913281465045,0.5228592493257869,0.1616116178595628
0.8200000000000001,0.31552913281465045,0.5228592493257869,0.1616116178595628
0.84,0.31552913281465045,0.5228592493257869,0.1616116178595628
0.86,0.31552913281465045,0.5228592493257869,0.1616116178595628
0.88,0.31552913281465045,0.5228592493257869,0.1616116178595628
0.9,0.31552913281465045,0.5228592493257869,0.1616116178595628
0.92,0.31552913281465045,0.5228592493257869,0.1616116178595628
0.9400000000000001,0.31552913281465045,0.5228592493257869,0.1616116178595628
0.96,0.31552913281465045,0.5228592493257869,0.1616116178595628
0.98,0.31552913281465045,0.5228592493257869,0.1616116178595628
1.0,0.31552913281465045,0.5228592493257869,0.1616116178595628
