fraction_of_volc,OH,H2O2,TMI
0.0,0.05792086203719691,0.12222835496464955,0.8198507829981535
0.02,0.05792086203719691,0.12222835496464955,0.8198507829981535
0.04,0.05792086203719691,0.12222835496464955,0.8198507829981535
0.06,0.05792086203719691,0.12222835496464955,0.8198507829981535
0.08,0.05792086203719691,0.12222835496464955,0.8198507829981535
0.1,0.05792086203719691,0.12222835496464955,0.8198507829981535
0.12,0.05792086203719691,0.12222835496464955,0.8198507829981535
0.14,0.05792086203719691,0.12222835496464955,0.8198507829981535
0.16,0.05792086203719691,0.12222835496464955,0.8198507829981535
0.18,0.05792086203719691,0.12222835496464955,0.8198507829981535
0.2,0.05792086203719691,0.12222835496464955,0.8198507829981535
0.22,0.05792086203719691,0.12222835496464955,0.8198507829981535
0.24,0.05792086203719691,0.12222835496464955,0.8198507829981535
0.26,0.05792086203719691,0.12222835496464955,0.8198507829981535
0.28,0.05792086203719691,0.12222835496464955,0.8198507829981535
0.3,0.05792086203719691,0.12222835496464955,0.8198507829981535
0.32,0.05792086203719691,0.12222835496464955,0.8198507829981535
0.34,0.05792086203719691,0.12222835496464955,0.8198507829981535
0.36,0.05792086203719691,0.12222835496464955,0.8198507829981535
0.38,0.05792086203719691,0.12222835496464955,0.8198507829981535
0.4,0.05792086203719691,0.12222835496464955,0.8198507829981535
0.42,0.05792086203719691,0.12222835496464955,0.8198507829981535
0.44,0.05792086203719691,0.12222835496464955,0.8198507829981535
0.46,0.05792086203719691,0.12222835496464955,0.8198507829981535
0.48,0.05792086203719691,0.12222835496464955,0.8198507829981535
0.5,0.05792086203719691,0.12222835496464955,0.8198507829981535
0.52,0.05792086203719691,0.12222835496464955,0.8198507829981535
0.54,0.05792086203719691,0.12222835496464955,0.8198507829981535
0.56,0.05792086203719691,0.12222835496464955,0.8198507829981535
0.58,0.05792086203719691,0.12222835496464955,0.8198507829981535
0.6,0.05792086203719691,0.12222835496464955,0.8198507829981535
0.62,0.05792086203719691,0.12222835496464955,0.8198507829981535
0.64,0.057081401042461295,0.13471118214685926,0.8082074168106794
0.66,0.05624194004772568,0.14719400932906895,0.7965640506232053
0.68,0.05540247905299007,0.15967683651127867,0.7849206844357313
0.7000000000000001,0.05456301805825445,0.17215966369348837,0.7732773182482571
0.72,0.053723557063518834,0.1846424908756981,0.761633952060783
0.74,0.05288409606878322,0.19712531805790778,0.7499905858733089
0.76,0.05204463507404761,0.2096081452401175,0.7383472196858348
0.78,0.051205174079311994,0.2220909724223272,0.7267038534983608
0.8,0.05036571308457638,0.2345737996045369,0.7150604873108867
0.8200000000000001,0.04952625208984077,0.2470566267867466,0.7034171211234126
0.84,0.04868679109510515,0.25953945396895634,0.6917737549359384
0.86,0.04784733010036953,0.272022281151166,0.6801303887484643
0.88,0.04700786910563392,0.2845051083333757,0.6684870225609902
0.9,0.046168408110898305,0.29698793551558544,0.6568436563735162
0.92,0.046168408110898305,0.29698793551558544,0.6568436563735162
0.9400000000000001,0.046168408110898305,0.29698793551558544,0.6568436563735162
0.96,0.046168408110898305,0.29698793551558544,0.6568436563735162
0.98,0.046168408110898305,0.29698793551558544,0.6568436563735162
1.0,0.046168408110898305,0.29698793551558544,0.6568436563735162
