fraction_of_volc,OH,H2O2,TMI
0.0,0.8792775456970554,0.033068877518351254,0.08765357678459347
0.02,0.8792775456970554,0.033068877518351254,0.08765357678459347
0.04,0.8792775456970554,0.033068877518351254,0.08765357678459347
0.06,0.8792775456970554,0.033068877518351254,0.08765357678459347
0.08,0.8792775456970554,0.033068877518351254,0.08765357678459347
0.1,0.8792775456970554,0.033068877518351254,0.08765357678459347
0.12,0.8792775456970554,0.033068877518351254,0.08765357678459347
0.14,0.8792775456970554,0.033068877518351254,0.08765357678459347
0.16,0.8792775456970554,0.033068877518351254,0.08765357678459347
0.18,0.8792775456970554,0.033068877518351254,0.08765357678459347
0.2,0.8792775456970554,0.033068877518351254,0.08765357678459347
0.22,0.8792775456970554,0.033068877518351254,0.08765357678459347
0.24,0.8792775456970554,0.033068877518351254,0.08765357678459347
0.26,0.8792775456970554,0.033068877518351254,0.08765357678459347
0.28,0.8792775456970554,0.033068877518351254,0.08765357678459347
0.3,0.8792775456970554,0.033068877518351254,0.08765357678459347
0.32,0.8792775456970554,0.033068877518351254,0.08765357678459347
0.34,0.8792775456970554,0.033068877518351254,0.08765357678459347
0.36,0.8792775456970554,0.033068877518351254,0.08765357678459347
0.38,0.8792775456970554,0.033068877518351254,0.08765357678459347
0.4,0.8792775456970554,0.033068877518351254,0.08765357678459347
0.42,0.8792775456970554,0.033068877518351254,0.08765357678459347
0.44,0.8792775456970554,0.033068877518351254,0.08765357678459347
0.46,0.8792775456970554,0.033068877518351254,0.08765357678459347
0.48,0.8792775456970554,0.033068877518351254,0.08765357678459347
0.5,0.8792775456970554,0.033068877518351254,0.08765357678459347
0.52,0.8792775456970554,0.033068877518351254,0.08765357678459347
0.54,0.8792775456970554,0.033068877518351254,0.08765357678459347
0.56,0.8792775456970554,0.033068877518351254,0.08765357678459347
0.58,0.8792775456970554,0.033068877518351254,0.08765357678459347
0.6,0.8792775456970554,0.033068877518351254,0.08765357678459347
0.62,0.8792775456970554,0.033068877518351254,0.08765357678459347
0.64,0.8792775456970554,0.033068877518351254,0.08765357678459347
0.66,0.8792775456970554,0.033068877518351254,0.08765357678459347
0.68,0.8792775456970554,0.033068877518351254,0.08765357678459347
0.7000000000000001,0.8792775456970554,0.033068877518351254,0.08765357678459347
0.72,0.8792775456970554,0.033068877518351254,0.08765357678459347
0.74,0.8598207296919418,0.03894598600374993,0.10123328430430836
0.76,0.8403639136868283,0.04482309448914862,0.11481299182402327
0.78,0.8209070976817147,0.0507002029745473,0.12839269934373815
0.8,0.801450281676601,0.056577311459945975,0.14197240686345305
0.8200000000000001,0.7819934656714875,0.06245441994534466,0.15555211438316796
0.84,0.7625366496663739,0.06833152843074333,0.16913182190288284
0.86,0.7430798336612603,0.07420863691614202,0.18271152942259775
0.88,0.7236230176561467,0.0800857454015407,0.19629123694231265
0.9,0.7041662016510332,0.08596285388693939,0.20987094446202753
0.92,0.6847093856459195,0.09183996237233807,0.2234506519817424
0.9400000000000001,0.665252569640806,0.09771707085773676,0.23703035950145734
0.96,0.6457957536356924,0.10359417934313542,0.2506100670211722
0.98,0.6263389376305788,0.10947128782853412,0.2641897745408871
1.0,0.6263389376305788,0.10947128782853412,0.2641897745408871
