fraction_of_volc,OH,H2O2,TMI
0.0,0.8279868303367618,0.08762582214656632,0.0843873475166717
0.02,0.8279868303367618,0.08762582214656632,0.0843873475166717
0.04,0.8279868303367618,0.08762582214656632,0.0843873475166717
0.06,0.8279868303367618,0.08762582214656632,0.0843873475166717
0.08,0.8279868303367618,0.08762582214656632,0.0843873475166717
0.1,0.8279868303367618,0.08762582214656632,0.0843873475166717
0.12,0.8279868303367618,0.08762582214656632,0.0843873475166717
0.14,0.8279868303367618,0.08762582214656632,0.0843873475166717
0.16,0.8279868303367618,0.08762582214656632,0.0843873475166717
0.18,0.8279868303367618,0.08762582214656632,0.0843873475166717
0.2,0.8279868303367618,0.08762582214656632,0.0843873475166717
0.22,0.8279868303367618,0.08762582214656632,0.0843873475166717
0.24,0.8279868303367618,0.08762582214656632,0.0843873475166717
0.26,0.8279868303367618,0.08762582214656632,0.0843873475166717
0.28,0.8143795717713996,0.09554972648024498,0.09007070174835519
0.3,0.8007723132060375,0.10347363081392366,0.09575405598003865
0.32,0.7871650546406754,0.11139753514760233,0.10143741021172213
0.34,0.7735577960753133,0.11932143948128099,0.1071207644434056
0.36,0.7599505375099511,0.12724534381495967,0.11280411867508908
0.38,0.746343278944589,0.13516924814863832,0.11848747290677256
0.4,0.7327360203792269,0.143093152482317,0.12417082713845604
0.42,0.7191287618138648,0.15101705681599564,0.1298541813701395
0.44,0.7055215032485026,0.15894096114967432,0.13553753560182297
0.46,0.6919142446831404,0.166864865483353,0.14122088983350645
0.48,0.6783069861177784,0.17478876981703168,0.14690424406518993
0.5,0.6646997275524162,0.18271267415071032,0.1525875982968734
0.52,0.6510924689870541,0.19063657848438897,0.15827095252855689
0.54,0.6374852104216919,0.19856048281806765,0.16395430676024036
0.56,0.6238779518563298,0.20648438715174633,0.16963766099192382
0.58,0.6102706932909677,0.214408291485425,0.1753210152236073
0.6,0.5966634347256056,0.22233219581910366,0.18100436945529078
0.62,0.5966634347256056,0.22233219581910366,0.18100436945529078
0.64,0.5966634347256056,0.22233219581910366,0.18100436945529078
0.66,0.5966634347256056,0.22233219581910366,0.18100436945529078
0.68,0.5966634347256056,0.22233219581910366,0.18100436945529078
0.7000000000000001,0.5966634347256056,0.22233219581910366,0.18100436945529078
0.72,0.5966634347256056,0.22233219581910366,0.18100436945529078
0.74,0.5966634347256056,0.22233219581910366,0.18100436945529078
0.76,0.5966634347256056,0.22233219581910366,0.18100436945529078
0.78,0.5966634347256056,0.22233219581910366,0.18100436945529078
0.8,0.5966634347256056,0.22233219581910366,0.18100436945529078
0.8200000000000001,0.5966634347256056,0.22233219581910366,0.18100436945529078
0.84,0.5966634347256056,0.22233219581910366,0.18100436945529078
0.86,0.5966634347256056,0.22233219581910366,0.18100436945529078
0.88,0.5966634347256056,0.22233219581910366,0.18100436945529078
0.9,0.5966634347256056,0.22233219581910366,0.18100436945529078
0.92,0.5966634347256056,0.22233219581910366,0.18100436945529078
0.9400000000000001,0.5966634347256056,0.22233219581910366,0.18100436945529078
0.96,0.5966634347256056,0.22233219581910366,0.18100436945529078
0.98,0.5966634347256056,0.22233219581910366,0.18100436945529078
1.0,0.5966634347256056,0.22233219581910366,0.18100436945529078
