fraction_of_volc,OH,H2O2,TMI
0.0,0.6249477784242665,0.029227669633304046,0.3458245519424293
0.02,0.6249477784242665,0.029227669633304046,0.3458245519424293
0.04,0.6249477784242665,0.029227669633304046,0.3458245519424293
0.06,0.6249477784242665,0.029227669633304046,0.3458245519424293
0.08,0.6249477784242665,0.029227669633304046,0.3458245519424293
0.1,0.6249477784242665,0.029227669633304046,0.3458245519424293
0.12,0.6249477784242665,0.029227669633304046,0.3458245519424293
0.14,0.6249477784242665,0.029227669633304046,0.3458245519424293
0.16,0.6249477784242665,0.029227669633304046,0.3458245519424293
0.18,0.6249477784242665,0.029227669633304046,0.3458245519424293
0.2,0.6249477784242665,0.029227669633304046,0.3458245519424293
0.22,0.6249477784242665,0.029227669633304046,0.3458245519424293
0.24,0.6249477784242665,0.029227669633304046,0.3458245519424293
0.26,0.6249477784242665,0.029227669633304046,0.3458245519424293
0.28,0.6249477784242665,0.029227669633304046,0.3458245519424293
0.3,0.6249477784242665,0.029227669633304046,0.3458245519424293
0.32,0.6249477784242665,0.029227669633304046,0.3458245519424293
0.34,0.6249477784242665,0.029227669633304046,0.3458245519424293
0.36,0.6249477784242665,0.029227669633304046,0.3458245519424293
0.38,0.6249477784242665,0.029227669633304046,0.3458245519424293
0.4,0.6249477784242665,0.029227669633304046,0.3458245519424293
0.42,0.6249477784242665,0.029227669633304046,0.3458245519424293
0.44,0.6249477784242665,0.029227669633304046,0.3458245519424293
0.46,0.6029118332680414,0.04978214037298269,0.34730602635897573
0.48,0.5808758881118163,0.07033661111266132,0.3487875007755221
0.5,0.5588399429555914,0.09089108185233996,0.35026897519206857
0.52,0.5368039977993663,0.1114455525920186,0.35175044960861496
0.54,0.5147680526431412,0.13200002333169725,0.3532319240251614
0.56,0.49273210748691615,0.1525544940713759,0.35471339844170785
0.58,0.4706961623306911,0.17310896481105453,0.35619487285825424
0.6,0.448660217174466,0.19366343555073318,0.3576763472748007
0.62,0.42662427201824094,0.21421790629041182,0.35915782169134713
0.64,0.4045883268620159,0.23477237703009046,0.3606392961078935
0.66,0.38255238170579087,0.2553268477697691,0.36212077052443997
0.68,0.3605164365495658,0.2758813185094477,0.36360224494098636
0.7000000000000001,0.3384804913933407,0.29643578924912634,0.3650837193575328
0.72,0.31644454623711565,0.316990259988805,0.36656519377407926
0.74,0.2944086010808906,0.3375447307284836,0.36804666819062565
0.76,0.27237265592466553,0.35809920146816226,0.3695281426071721
0.78,0.25033671076844044,0.3786536722078409,0.3710096170237185
0.8,0.2283007656122154,0.39920814294751955,0.37249109144026493
0.8200000000000001,0.20626482045599037,0.4197626136871982,0.3739725658568114
0.84,0.18422887529976528,0.44031708442687684,0.37545404027335777
0.86,0.1621929301435402,0.4608715551665555,0.3769355146899042
0.88,0.14015698498731516,0.4814260259062341,0.3784169891064506
0.9,0.11812103983109018,0.5019804966459127,0.37989846352299705
0.92,0.11812103983109018,0.5019804966459127,0.37989846352299705
0.9400000000000001,0.11812103983109018,0.5019804966459127,0.37989846352299705
0.96,0.11812103983109018,0.5019804966459127,0.37989846352299705
0.98,0.11812103983109018,0.5019804966459127,0.37989846352299705
1.0,0.11812103983109018,0.5019804966459127,0.37989846352299705
