fraction_of_volc,OH,H2O2,TMI
0.0,0.13336070295955604,0.0990687724412661,0.767570524599178
0.02,0.13336070295955604,0.0990687724412661,0.767570524599178
0.04,0.13336070295955604,0.0990687724412661,0.767570524599178
0.06,0.13336070295955604,0.0990687724412661,0.767570524599178
0.08,0.13336070295955604,0.0990687724412661,0.767570524599178
0.1,0.13336070295955604,0.0990687724412661,0.767570524599178
0.12,0.13336070295955604,0.0990687724412661,0.767570524599178
0.14,0.13336070295955604,0.0990687724412661,0.767570524599178
0.16,0.13336070295955604,0.0990687724412661,0.767570524599178
0.18,0.12900036143549803,0.10161815533168397,0.7693814832328181
0.2,0.12464001991144004,0.10416753822210185,0.7711924418664582
0.22,0.12027967838738204,0.10671692111251972,0.7730034005000983
0.24,0.11591933686332404,0.1092663040029376,0.7748143591337384
0.26,0.11155899533926604,0.11181568689335547,0.7766253177673785
0.28,0.10719865381520804,0.11436506978377335,0.7784362764010186
0.3,0.10283831229115004,0.11691445267419122,0.7802472350346588
0.32,0.09847797076709204,0.1194638355646091,0.7820581936682989
0.34,0.09411762924303405,0.12201321845502697,0.783869152301939
0.36,0.08975728771897604,0.12456260134544485,0.7856801109355791
0.38,0.08539694619491804,0.12711198423586273,0.7874910695692192
0.4,0.08103660467086005,0.1296613671262806,0.7893020282028594
0.42,0.07667626314680204,0.13221075001669846,0.7911129868364996
0.44,0.07231592162274404,0.13476013290711633,0.7929239454701397
0.46,0.06795558009868603,0.1373095157975342,0.7947349041037798
0.48,0.06359523857462804,0.1398588986879521,0.7965458627374199
0.5,0.05923489705057004,0.14240828157836996,0.79835682137106
0.52,0.054874555526512034,0.14495766446878783,0.8001677800047001
0.54,0.05051421400245404,0.14750704735920572,0.8019787386383402
0.56,0.04615387247839603,0.1500564302496236,0.8037896972719804
0.58,0.041793530954338035,0.15260581314004146,0.8056006559056205
0.6,0.041793530954338035,0.15260581314004146,0.8056006559056205
0.62,0.041793530954338035,0.15260581314004146,0.8056006559056205
0.64,0.041793530954338035,0.15260581314004146,0.8056006559056205
0.66,0.041793530954338035,0.15260581314004146,0.8056006559056205
0.68,0.041793530954338035,0.15260581314004146,0.8056006559056205
0.7000000000000001,0.041793530954338035,0.15260581314004146,0.8056006559056205
0.72,0.041793530954338035,0.15260581314004146,0.8056006559056205
0.74,0.041793530954338035,0.15260581314004146,0.8056006559056205
0.76,0.041793530954338035,0.15260581314004146,0.8056006559056205
0.78,0.041793530954338035,0.15260581314004146,0.8056006559056205
0.8,0.041793530954338035,0.15260581314004146,0.8056006559056205
0.8200000000000001,0.041793530954338035,0.15260581314004146,0.8056006559056205
0.84,0.041793530954338035,0.15260581314004146,0.8056006559056205
0.86,0.041793530954338035,0.15260581314004146,0.8056006559056205
0.88,0.041793530954338035,0.15260581314004146,0.8056006559056205
0.9,0.041793530954338035,0.15260581314004146,0.8056006559056205
0.92,0.041793530954338035,0.15260581314004146,0.8056006559056205
0.9400000000000001,0.041793530954338035,0.15260581314004146,0.8056006559056205
0.96,0.041793530954338035,0.15260581314004146,0.8056006559056205
0.98,0.041793530954338035,0.15260581314004146,0.8056006559056205
1.0,0.041793530954338035,0.15260581314004146,0.8056006559056205
