fraction_of_volc,OH,H2O2,TMI
0.0,0.144535749956726,0.23763109651066228,0.6178331535326116
0.02,0.144535749956726,0.23763109651066228,0.6178331535326116
0.04,0.144535749956726,0.23763109651066228,0.6178331535326116
0.06,0.144535749956726,0.23763109651066228,0.6178331535326116
0.08,0.14487114007784474,0.23345590121474,0.6216729587074151
0.1,0.1452065301989635,0.22928070591881772,0.6255127638822187
0.12,0.14554192032008226,0.22510551062289547,0.6293525690570222
0.14,0.145877310441201,0.2209303153269732,0.6331923742318257
0.16,0.14621270056231975,0.2167551200310509,0.6370321794066293
0.18,0.14654809068343852,0.21257992473512866,0.6408719845814328
0.2,0.14688348080455726,0.20840472943920638,0.6447117897562362
0.22,0.147218870925676,0.2042295341432841,0.6485515949310398
0.24,0.14755426104679475,0.20005433884736182,0.6523914001058433
0.26,0.14788965116791353,0.19587914355143954,0.6562312052806468
0.28,0.14822504128903227,0.1917039482555173,0.6600710104554504
0.3,0.14856043141015102,0.187528752959595,0.6639108156302539
0.32,0.14889582153126976,0.18335355766367273,0.6677506208050574
0.34,0.14923121165238853,0.17917836236775048,0.671590425979861
0.36,0.14956660177350728,0.1750031670718282,0.6754302311546645
0.38,0.14990199189462602,0.17082797177590592,0.679270036329468
0.4,0.15023738201574477,0.16665277647998364,0.6831098415042716
0.42,0.15057277213686354,0.16247758118406136,0.686949646679075
0.44,0.1509081622579823,0.1583023858881391,0.6907894518538785
0.46,0.15124355237910103,0.15412719059221683,0.6946292570286821
0.48,0.1515789425002198,0.14995199529629455,0.6984690622034856
0.5,0.15191433262133855,0.1457768000003723,0.7023088673782891
0.52,0.1522497227424573,0.14160160470445002,0.7061486725530927
0.54,0.1522497227424573,0.14160160470445002,0.7061486725530927
0.56,0.1522497227424573,0.14160160470445002,0.7061486725530927
0.58,0.1522497227424573,0.14160160470445002,0.7061486725530927
0.6,0.1522497227424573,0.14160160470445002,0.7061486725530927
0.62,0.1522497227424573,0.14160160470445002,0.7061486725530927
0.64,0.1522497227424573,0.14160160470445002,0.7061486725530927
0.66,0.1522497227424573,0.14160160470445002,0.7061486725530927
0.68,0.1522497227424573,0.14160160470445002,0.7061486725530927
0.7000000000000001,0.1522497227424573,0.14160160470445002,0.7061486725530927
0.72,0.1522497227424573,0.14160160470445002,0.7061486725530927
0.74,0.1522497227424573,0.14160160470445002,0.7061486725530927
0.76,0.1522497227424573,0.14160160470445002,0.7061486725530927
0.78,0.1522497227424573,0.14160160470445002,0.7061486725530927
0.8,0.1522497227424573,0.14160160470445002,0.7061486725530927
0.8200000000000001,0.1522497227424573,0.14160160470445002,0.7061486725530927
0.84,0.1522497227424573,0.14160160470445002,0.7061486725530927
0.86,0.1522497227424573,0.14160160470445002,0.7061486725530927
0.88,0.1522497227424573,0.14160160470445002,0.7061486725530927
0.9,0.1522497227424573,0.14160160470445002,0.7061486725530927
0.92,0.1522497227424573,0.14160160470445002,0.7061486725530927
0.9400000000000001,0.1522497227424573,0.14160160470445002,0.7061486725530927
0.96,0.1522497227424573,0.14160160470445002,0.7061486725530927
0.98,0.1522497227424573,0.14160160470445002,0.7061486725530927
1.0,0.1522497227424573,0.14160160470445002,0.7061486725530927
