fraction_of_volc,OH,H2O2,TMI
0.0,0.43979619676655385,0.5563335183974046,0.0038702848360414677
0.02,0.43979619676655385,0.5563335183974046,0.0038702848360414677
0.04,0.43979619676655385,0.5563335183974046,0.0038702848360414677
0.06,0.43979619676655385,0.5563335183974046,0.0038702848360414677
0.08,0.4358609125506468,0.5550384965700265,0.009100590879326766
0.1,0.4319256283347397,0.5537434747426482,0.014330896922612066
0.12,0.42799034411883263,0.55244845291527,0.019561202965897362
0.14,0.4240550599029256,0.5511534310878917,0.02479150900918266
0.16,0.4201197756870185,0.5498584092605135,0.03002181505246796
0.18,0.4161844914711114,0.5485633874331353,0.03525212109575326
0.2,0.41224920725520436,0.5472683656057571,0.04048242713903856
0.22,0.4083139230392973,0.5459733437783788,0.045712733182323856
0.24,0.4043786388233902,0.5446783219510006,0.05094303922560915
0.26,0.40044335460748315,0.5433833001236223,0.056173345268894455
0.28,0.3965080703915761,0.5420882782962442,0.06140365131217975
0.3,0.39257278617566904,0.5407932564688659,0.06663395735546505
0.32,0.38863750195976193,0.5394982346414877,0.07186426339875035
0.34,0.3847022177438549,0.5382032128141094,0.07709456944203566
0.36,0.38076693352794777,0.5369081909867313,0.08232487548532096
0.38,0.3768316493120407,0.5356131691593531,0.08755518152860625
0.4,0.37289636509613366,0.5343181473319748,0.09278548757189155
0.42,0.3689610808802266,0.5330231255045966,0.09801579361517684
0.44,0.3650257966643195,0.5317281036772183,0.10324609965846215
0.46,0.36109051244841245,0.5304330818498402,0.10847640570174745
0.48,0.3571552282325054,0.5291380600224619,0.11370671174503275
0.5,0.3532199440165983,0.5278430381950837,0.11893701778831804
0.52,0.34928465980069123,0.5265480163677054,0.12416732383160334
0.54,0.3453493755847842,0.5252529945403273,0.12939762987488862
0.56,0.3414140913688771,0.523957972712949,0.13462793591817393
0.58,0.33747880715297,0.5226629508855708,0.1398582419614592
0.6,0.33354352293706296,0.5213679290581925,0.14508854800474452
0.62,0.3296082387211559,0.5200729072308143,0.15031885404802983
0.64,0.3256729545052488,0.5187778854034361,0.15554916009131511
0.66,0.32173767028934175,0.5174828635760579,0.16077946613460042
0.68,0.3178023860734347,0.5161878417486796,0.1660097721778857
0.7000000000000001,0.31386710185752764,0.5148928199213014,0.17124007822117102
0.72,0.30993181764162053,0.5135977980939233,0.17647038426445633
0.74,0.3059965334257135,0.512302776266545,0.1817006903077416
0.76,0.30206124920980637,0.5110077544391668,0.18693099635102692
0.78,0.2981259649938993,0.5097127326117885,0.1921613023943122
0.8,0.29419068077799226,0.5084177107844103,0.1973916084375975
0.8200000000000001,0.2902553965620852,0.507122688957032,0.20262191448088282
0.84,0.28632011234617816,0.5058276671296539,0.2078522205241681
0.86,0.28238482813027105,0.5045326453022756,0.2130825265674534
0.88,0.278449543914364,0.5032376234748974,0.2183128326107387
0.9,0.2745142596984569,0.5019426016475191,0.223543138654024
0.92,0.27057897548254983,0.500647579820141,0.2287734446973093
0.9400000000000001,0.2666436912666428,0.49935255799276274,0.2340037507405946
0.96,0.2666436912666428,0.49935255799276274,0.2340037507405946
0.98,0.2666436912666428,0.49935255799276274,0.2340037507405946
1.0,0.2666436912666428,0.49935255799276274,0.2340037507405946
