fraction_of_volc,OH,H2O2,TMI
0.0,0.6729330351801832,0.11538551339651068,0.21168145142330616
0.02,0.6729330351801832,0.11538551339651068,0.21168145142330616
0.04,0.6729330351801832,0.11538551339651068,0.21168145142330616
0.06,0.6729330351801832,0.11538551339651068,0.21168145142330616
0.08,0.6729330351801832,0.11538551339651068,0.21168145142330616
0.1,0.6729330351801832,0.11538551339651068,0.21168145142330616
0.12,0.6729330351801832,0.11538551339651068,0.21168145142330616
0.14,0.6729330351801832,0.11538551339651068,0.21168145142330616
0.16,0.6729330351801832,0.11538551339651068,0.21168145142330616
0.18,0.6729330351801832,0.11538551339651068,0.21168145142330616
0.2,0.6729330351801832,0.11538551339651068,0.21168145142330616
0.22,0.6729330351801832,0.11538551339651068,0.21168145142330616
0.24,0.6729330351801832,0.11538551339651068,0.21168145142330616
0.26,0.6729330351801832,0.11538551339651068,0.21168145142330616
0.28,0.6729330351801832,0.11538551339651068,0.21168145142330616
0.3,0.6729330351801832,0.11538551339651068,0.21168145142330616
0.32,0.6581676749568219,0.12319712449089766,0.21863520055228047
0.34,0.6434023147334607,0.13100873558528464,0.22558894968125476
0.36,0.6286369545100994,0.1388203466796716,0.23254269881022907
0.38,0.6138715942867381,0.14663195777405857,0.23949644793920336
0.4,0.5991062340633768,0.15444356886844557,0.24645019706817767
0.42,0.5843408738400155,0.16225517996283254,0.25340394619715195
0.44,0.5695755136166543,0.1700667910572195,0.2603576953261263
0.46,0.554810153393293,0.1778784021516065,0.2673114444551006
0.48,0.5400447931699317,0.1856900132459935,0.27426519358407486
0.5,0.5252794329465704,0.19350162434038046,0.28121894271304915
0.52,0.5105140727232091,0.20131323543476742,0.28817269184202343
0.54,0.49574871249984787,0.20912484652915442,0.29512644097099777
0.56,0.4809833522764866,0.21693645762354138,0.30208019009997206
0.58,0.4662179920531253,0.22474806871792835,0.3090339392289464
0.6,0.45145263182976403,0.23255967981231535,0.3159876883579207
0.62,0.43668727160640275,0.2403712909067023,0.32294143748689497
0.64,0.42192191138304147,0.24818290200108928,0.32989518661586925
0.66,0.4071565511596802,0.2559945130954763,0.33684893574484354
0.68,0.3923911909363189,0.26380612418986327,0.3438026848738179
0.7000000000000001,0.37762583071295763,0.27161773528425026,0.35075643400279216
0.72,0.36286047048959635,0.2794293463786372,0.3577101831317665
0.74,0.3480951102662351,0.28724095747302414,0.3646639322607408
0.76,0.3333297500428738,0.29505256856741113,0.37161768138971507
0.78,0.3185643898195125,0.3028641796617981,0.37857143051868936
0.8,0.30379902959615124,0.3106757907561851,0.38552517964766364
0.8200000000000001,0.28903366937278996,0.3184874018505721,0.392478928776638
0.84,0.2742683091494287,0.32629901294495905,0.39943267790561227
0.86,0.2595029489260674,0.334110624039346,0.4063864270345866
0.88,0.24473758870270612,0.341922235133733,0.4133401761635609
0.9,0.22997222847934484,0.34973384622812,0.4202939252925352
0.92,0.21520686825598354,0.357545457322507,0.42724767442150946
0.9400000000000001,0.21520686825598354,0.357545457322507,0.42724767442150946
0.96,0.21520686825598354,0.357545457322507,0.42724767442150946
0.98,0.21520686825598354,0.357545457322507,0.42724767442150946
1.0,0.21520686825598354,0.357545457322507,0.42724767442150946
