fraction_of_volc,OH,H2O2,TMI
0.0,0.30796243580604027,0.1345059402203245,0.5575316239736352
0.02,0.30796243580604027,0.1345059402203245,0.5575316239736352
0.04,0.30796243580604027,0.1345059402203245,0.5575316239736352
0.06,0.30796243580604027,0.1345059402203245,0.5575316239736352
0.08,0.30796243580604027,0.1345059402203245,0.5575316239736352
0.1,0.30796243580604027,0.1345059402203245,0.5575316239736352
0.12,0.30796243580604027,0.1345059402203245,0.5575316239736352
0.14,0.30796243580604027,0.1345059402203245,0.5575316239736352
0.16,0.30796243580604027,0.1345059402203245,0.5575316239736352
0.18,0.30796243580604027,0.1345059402203245,0.5575316239736352
0.2,0.30796243580604027,0.1345059402203245,0.5575316239736352
0.22,0.30796243580604027,0.1345059402203245,0.5575316239736352
0.24,0.30796243580604027,0.1345059402203245,0.5575316239736352
0.26,0.30796243580604027,0.1345059402203245,0.5575316239736352
0.28,0.30796243580604027,0.1345059402203245,0.5575316239736352
0.3,0.30796243580604027,0.1345059402203245,0.5575316239736352
0.32,0.30796243580604027,0.1345059402203245,0.5575316239736352
0.34,0.30796243580604027,0.1345059402203245,0.5575316239736352
0.36,0.30796243580604027,0.1345059402203245,0.5575316239736352
0.38,0.30498459864705313,0.15210574086746625,0.5429096604854806
0.4,0.302006761488066,0.16970554151460798,0.528287696997326
0.42,0.29902892432907885,0.1873053421617497,0.5136657335091713
0.44,0.2960510871700917,0.20490514280889147,0.49904377002101674
0.46,0.29307325001110457,0.22250494345603322,0.48442180653286215
0.48,0.29009541285211743,0.24010474410317495,0.46979984304470757
0.5,0.2871175756931303,0.2577045447503167,0.4551778795565529
0.52,0.2841397385341432,0.2753043453974584,0.44055591606839833
0.54,0.28116190137515606,0.29290414604460013,0.4259339525802437
0.56,0.2781840642161689,0.3105039466917419,0.4113119890920891
0.58,0.2752062270571818,0.3281037473388837,0.3966900256039345
0.6,0.27222838989819464,0.34570354798602543,0.38206806211577987
0.62,0.2692505527392075,0.36330334863316716,0.36744609862762523
0.64,0.26627271558022036,0.3809031492803089,0.35282413513947064
0.66,0.2632948784212332,0.3985029499274506,0.33820217165131605
0.68,0.2603170412622461,0.41610275057459234,0.32358020816316146
0.7000000000000001,0.25733920410325895,0.43370255122173407,0.3089582446750068
0.72,0.2543613669442718,0.4513023518688758,0.29433628118685223
0.74,0.25138352978528467,0.46890215251601763,0.2797143176986976
0.76,0.24840569262629753,0.48650195316315936,0.265092354210543
0.78,0.24542785546731039,0.5041017538103011,0.25047039072238836
0.8,0.24245001830832327,0.5217015544574428,0.23584842723423377
0.8200000000000001,0.23947218114933613,0.5393013551045845,0.22122646374607918
0.84,0.23947218114933613,0.5393013551045845,0.22122646374607918
0.86,0.23947218114933613,0.5393013551045845,0.22122646374607918
0.88,0.23947218114933613,0.5393013551045845,0.22122646374607918
0.9,0.23947218114933613,0.5393013551045845,0.22122646374607918
0.92,0.23947218114933613,0.5393013551045845,0.22122646374607918
0.9400000000000001,0.23947218114933613,0.5393013551045845,0.22122646374607918
0.96,0.23947218114933613,0.5393013551045845,0.22122646374607918
0.98,0.23947218114933613,0.5393013551045845,0.22122646374607918
1.0,0.23947218114933613,0.5393013551045845,0.22122646374607918
