fraction_of_volc,OH,H2O2,TMI
0.0,0.15859735740688036,0.628571920428798,0.21283072216432172
0.02,0.15859735740688036,0.628571920428798,0.21283072216432172
0.04,0.15859735740688036,0.628571920428798,0.21283072216432172
0.06,0.15859735740688036,0.628571920428798,0.21283072216432172
0.08,0.15859735740688036,0.628571920428798,0.21283072216432172
0.1,0.15859735740688036,0.628571920428798,0.21283072216432172
0.12,0.15859735740688036,0.628571920428798,0.21283072216432172
0.14,0.15859735740688036,0.628571920428798,0.21283072216432172
0.16,0.15859735740688036,0.628571920428798,0.21283072216432172
0.18,0.15859735740688036,0.628571920428798,0.21283072216432172
0.2,0.15859735740688036,0.628571920428798,0.21283072216432172
0.22,0.15859735740688036,0.628571920428798,0.21283072216432172
0.24,0.15859735740688036,0.628571920428798,0.21283072216432172
0.26,0.15859735740688036,0.628571920428798,0.21283072216432172
0.28,0.15859735740688036,0.628571920428798,0.21283072216432172
0.3,0.15859735740688036,0.628571920428798,0.21283072216432172
0.32,0.15859735740688036,0.628571920428798,0.21283072216432172
0.34,0.15859735740688036,0.628571920428798,0.21283072216432172
0.36,0.15859735740688036,0.628571920428798,0.21283072216432172
0.38,0.15859735740688036,0.628571920428798,0.21283072216432172
0.4,0.15859735740688036,0.628571920428798,0.21283072216432172
0.42,0.15859735740688036,0.628571920428798,0.21283072216432172
0.44,0.15859735740688036,0.628571920428798,0.21283072216432172
0.46,0.15859735740688036,0.628571920428798,0.21283072216432172
0.48,0.15859735740688036,0.628571920428798,0.21283072216432172
0.5,0.15859735740688036,0.628571920428798,0.21283072216432172
0.52,0.15859735740688036,0.628571920428798,0.21283072216432172
0.54,0.15859735740688036,0.628571920428798,0.21283072216432172
0.56,0.15859735740688036,0.628571920428798,0.21283072216432172
0.58,0.15859735740688036,0.628571920428798,0.21283072216432172
0.6,0.15859735740688036,0.628571920428798,0.21283072216432172
0.62,0.15859735740688036,0.628571920428798,0.21283072216432172
0.64,0.15859735740688036,0.628571920428798,0.21283072216432172
0.66,0.15859735740688036,0.628571920428798,0.21283072216432172
0.68,0.16328494158121437,0.6293133347708129,0.20740172364797285
0.7000000000000001,0.16797252575554836,0.6300547491128277,0.20197272513162398
0.72,0.17266010992988237,0.6307961634548426,0.19654372661527508
0.74,0.17734769410421639,0.6315375777968574,0.1911147280989262
0.76,0.18203527827855037,0.6322789921388723,0.18568572958257734
0.78,0.18672286245288439,0.6330204064808871,0.18025673106622847
0.8,0.1914104466272184,0.633761820822902,0.1748277325498796
0.8200000000000001,0.1960980308015524,0.6345032351649168,0.16939873403353073
0.84,0.2007856149758864,0.6352446495069317,0.16396973551718183
0.86,0.2054731991502204,0.6359860638489465,0.15854073700083296
0.88,0.2101607833245544,0.6367274781909614,0.1531117384844841
0.9,0.21484836749888842,0.6374688925329762,0.14768273996813522
0.92,0.21953595167322243,0.6382103068749911,0.14225374145178632
0.9400000000000001,0.22422353584755642,0.6389517212170059,0.13682474293543745
0.96,0.22891112002189043,0.6396931355590209,0.13139574441908858
0.98,0.22891112002189043,0.6396931355590209,0.13139574441908858
1.0,0.22891112002189043,0.6396931355590209,0.13139574441908858
