fraction_of_volc,OH,H2O2,TMI
0.0,0.33461792763496967,0.044965702444413266,0.6204163699206171
0.02,0.33461792763496967,0.044965702444413266,0.6204163699206171
0.04,0.33461792763496967,0.044965702444413266,0.6204163699206171
0.06,0.33461792763496967,0.044965702444413266,0.6204163699206171
0.08,0.33461792763496967,0.044965702444413266,0.6204163699206171
0.1,0.33461792763496967,0.044965702444413266,0.6204163699206171
0.12,0.33461792763496967,0.044965702444413266,0.6204163699206171
0.14,0.33461792763496967,0.044965702444413266,0.6204163699206171
0.16,0.33461792763496967,0.044965702444413266,0.6204163699206171
0.18,0.33461792763496967,0.044965702444413266,0.6204163699206171
0.2,0.33461792763496967,0.044965702444413266,0.6204163699206171
0.22,0.32577534581382483,0.048235089660280756,0.6259895645258945
0.24,0.31693276399268,0.05150447687614825,0.6315627591311718
0.26,0.30809018217153517,0.05477386409201574,0.6371359537364492
0.28,0.29924760035039033,0.05804325130788323,0.6427091483417264
0.3,0.2904050185292455,0.061312638523750726,0.6482823429470038
0.32,0.28156243670810066,0.06458202573961822,0.6538555375522811
0.34,0.2727198548869558,0.0678514129554857,0.6594287321575585
0.36,0.263877273065811,0.0711208001713532,0.6650019267628358
0.38,0.25503469124466616,0.0743901873872207,0.6705751213681131
0.4,0.24619210942352135,0.07765957460308817,0.6761483159733904
0.42,0.23734952760237654,0.08092896181895567,0.6817215105786678
0.44,0.2285069457812317,0.08419834903482316,0.6872947051839451
0.46,0.21966436396008687,0.08746773625069065,0.6928678997892225
0.48,0.21082178213894204,0.09073712346655814,0.6984410943944999
0.5,0.2019792003177972,0.09400651068242563,0.7040142889997771
0.52,0.19313661849665237,0.09727589789829313,0.7095874836050544
0.54,0.18429403667550753,0.10054528511416061,0.7151606782103318
0.56,0.1754514548543627,0.10381467233002811,0.7207338728156092
0.58,0.16660887303321786,0.1070840595458956,0.7263070674208865
0.6,0.15776629121207303,0.11035344676176309,0.7318802620261639
0.62,0.14892370939092822,0.11362283397763058,0.7374534566314411
0.64,0.1400811275697834,0.11689222119349807,0.7430266512367185
0.66,0.13123854574863855,0.12016160840936557,0.7485998458419958
0.68,0.12239596392749372,0.12343099562523306,0.7541730404472732
0.7000000000000001,0.11355338210634888,0.12670038284110055,0.7597462350525505
0.72,0.10471080028520405,0.12996977005696803,0.7653194296578278
0.74,0.09586821846405921,0.13323915727283553,0.7708926242631051
0.76,0.0870256366429144,0.13650854448870303,0.7764658188683825
0.78,0.07818305482176957,0.13977793170457053,0.7820390134736599
0.8,0.06934047300062472,0.143047318920438,0.7876122080789372
0.8200000000000001,0.06934047300062472,0.143047318920438,0.7876122080789372
0.84,0.06934047300062472,0.143047318920438,0.7876122080789372
0.86,0.06934047300062472,0.143047318920438,0.7876122080789372
0.88,0.06934047300062472,0.143047318920438,0.7876122080789372
0.9,0.06934047300062472,0.143047318920438,0.7876122080789372
0.92,0.06934047300062472,0.143047318920438,0.7876122080789372
0.9400000000000001,0.06934047300062472,0.143047318920438,0.7876122080789372
0.96,0.06934047300062472,0.143047318920438,0.7876122080789372
0.98,0.06934047300062472,0.143047318920438,0.7876122080789372
1.0,0.06934047300062472,0.143047318920438,0.7876122080789372
