fraction_of_volc,OH,H2O2,TMI
0.0,0.05224802678964233,0.8571971802272036,0.09055479298315405
0.02,0.05224802678964233,0.8571971802272036,0.09055479298315405
0.04,0.05224802678964233,0.8571971802272036,0.09055479298315405
0.06,0.05224802678964233,0.8571971802272036,0.09055479298315405
0.08,0.05224802678964233,0.8571971802272036,0.09055479298315405
0.1,0.05224802678964233,0.8571971802272036,0.09055479298315405
0.12,0.05224802678964233,0.8571971802272036,0.09055479298315405
0.14,0.05224802678964233,0.8571971802272036,0.09055479298315405
0.16,0.05224802678964233,0.8571971802272036,0.09055479298315405
0.18,0.05224802678964233,0.8571971802272036,0.09055479298315405
0.2,0.05224802678964233,0.8571971802272036,0.09055479298315405
0.22,0.05224802678964233,0.8571971802272036,0.09055479298315405
0.24,0.05224802678964233,0.8571971802272036,0.09055479298315405
0.26,0.05224802678964233,0.8571971802272036,0.09055479298315405
0.28,0.05224802678964233,0.8571971802272036,0.09055479298315405
0.3,0.05224802678964233,0.8571971802272036,0.09055479298315405
0.32,0.05224802678964233,0.8571971802272036,0.09055479298315405
0.34,0.05224802678964233,0.8571971802272036,0.09055479298315405
0.36,0.05224802678964233,0.8571971802272036,0.09055479298315405
0.38,0.05224802678964233,0.8571971802272036,0.09055479298315405
0.4,0.05224802678964233,0.8571971802272036,0.09055479298315405
0.42,0.05224802678964233,0.8571971802272036,0.09055479298315405
0.44,0.05224802678964233,0.8571971802272036,0.09055479298315405
0.46,0.05224802678964233,0.8571971802272036,0.09055479298315405
0.48,0.05224802678964233,0.8571971802272036,0.09055479298315405
0.5,0.05224802678964233,0.8571971802272036,0.09055479298315405
0.52,0.05224802678964233,0.8571971802272036,0.09055479298315405
0.54,0.05224802678964233,0.8571971802272036,0.09055479298315405
0.56,0.05224802678964233,0.8571971802272036,0.09055479298315405
0.58,0.05224802678964233,0.8571971802272036,0.09055479298315405
0.6,0.05224802678964233,0.8571971802272036,0.09055479298315405
0.62,0.05224802678964233,0.8571971802272036,0.09055479298315405
0.64,0.05224802678964233,0.8571971802272036,0.09055479298315405
0.66,0.05224802678964233,0.8571971802272036,0.09055479298315405
0.68,0.05224802678964233,0.8571971802272036,0.09055479298315405
0.7000000000000001,0.05224802678964233,0.8571971802272036,0.09055479298315405
0.72,0.05224802678964233,0.8571971802272036,0.09055479298315405
0.74,0.05224802678964233,0.8571971802272036,0.09055479298315405
0.76,0.05224802678964233,0.8571971802272036,0.09055479298315405
0.78,0.05224802678964233,0.8571971802272036,0.09055479298315405
0.8,0.05224802678964233,0.8571971802272036,0.09055479298315405
0.8200000000000001,0.12071264766968741,0.752846983932636,0.12644036839767653
0.84,0.1891772685497325,0.6484967876380685,0.162325943812199
0.86,0.2576418894297776,0.5441465913435009,0.1982115192267215
0.88,0.32610651030982263,0.43979639504893336,0.23409709464124398
0.9,0.39457113118986775,0.33544619875436577,0.2699826700557665
0.92,0.4630357520699129,0.23109600245979822,0.30586824547028896
0.9400000000000001,0.5315003729499579,0.12674580616523068,0.34175382088481143
0.96,0.599964993830003,0.02239560987066314,0.3776393962993339
0.98,0.599964993830003,0.02239560987066314,0.3776393962993339
1.0,0.599964993830003,0.02239560987066314,0.3776393962993339
