fraction_of_volc,OH,H2O2,TMI
0.0,0.16908024685144196,0.36542969710193823,0.4654900560466197
0.02,0.16908024685144196,0.36542969710193823,0.4654900560466197
0.04,0.16908024685144196,0.36542969710193823,0.4654900560466197
0.06,0.16908024685144196,0.36542969710193823,0.4654900560466197
0.08,0.16908024685144196,0.36542969710193823,0.4654900560466197
0.1,0.16908024685144196,0.36542969710193823,0.4654900560466197
0.12,0.16908024685144196,0.36542969710193823,0.4654900560466197
0.14,0.16908024685144196,0.36542969710193823,0.4654900560466197
0.16,0.16908024685144196,0.36542969710193823,0.4654900560466197
0.18,0.16908024685144196,0.36542969710193823,0.4654900560466197
0.2,0.16659717829766937,0.37237993568235034,0.46102288601998015
0.22,0.1641141097438968,0.37933017426276244,0.45655571599334066
0.24,0.16163104119012422,0.38628041284317455,0.4520885459667011
0.26,0.15914797263635164,0.39323065142358665,0.44762137594006157
0.28,0.15666490408257908,0.4001808900039987,0.4431542059134221
0.3,0.1541818355288065,0.4071311285844108,0.43868703588678254
0.32,0.15169876697503393,0.4140813671648229,0.43421986586014305
0.34,0.14921569842126134,0.421031605745235,0.4297526958335035
0.36,0.14673262986748875,0.4279818443256471,0.42528552580686396
0.38,0.1442495613137162,0.4349320829060592,0.4208183557802245
0.4,0.1417664927599436,0.44188232148647133,0.41635118575358493
0.42,0.1417664927599436,0.44188232148647133,0.41635118575358493
0.44,0.1417664927599436,0.44188232148647133,0.41635118575358493
0.46,0.1417664927599436,0.44188232148647133,0.41635118575358493
0.48,0.1417664927599436,0.44188232148647133,0.41635118575358493
0.5,0.1417664927599436,0.44188232148647133,0.41635118575358493
0.52,0.1417664927599436,0.44188232148647133,0.41635118575358493
0.54,0.1417664927599436,0.44188232148647133,0.41635118575358493
0.56,0.1417664927599436,0.44188232148647133,0.41635118575358493
0.58,0.1417664927599436,0.44188232148647133,0.41635118575358493
0.6,0.1417664927599436,0.44188232148647133,0.41635118575358493
0.62,0.1417664927599436,0.44188232148647133,0.41635118575358493
0.64,0.1417664927599436,0.44188232148647133,0.41635118575358493
0.66,0.1417664927599436,0.44188232148647133,0.41635118575358493
0.68,0.1417664927599436,0.44188232148647133,0.41635118575358493
0.7000000000000001,0.1417664927599436,0.44188232148647133,0.41635118575358493
0.72,0.1417664927599436,0.44188232148647133,0.41635118575358493
0.74,0.1417664927599436,0.44188232148647133,0.41635118575358493
0.76,0.1417664927599436,0.44188232148647133,0.41635118575358493
0.78,0.1417664927599436,0.44188232148647133,0.41635118575358493
0.8,0.1417664927599436,0.44188232148647133,0.41635118575358493
0.8200000000000001,0.1417664927599436,0.44188232148647133,0.41635118575358493
0.84,0.1417664927599436,0.44188232148647133,0.41635118575358493
0.86,0.1417664927599436,0.44188232148647133,0.41635118575358493
0.88,0.1417664927599436,0.44188232148647133,0.41635118575358493
0.9,0.1417664927599436,0.44188232148647133,0.41635118575358493
0.92,0.1417664927599436,0.44188232148647133,0.41635118575358493
0.9400000000000001,0.1417664927599436,0.44188232148647133,0.41635118575358493
0.96,0.1417664927599436,0.44188232148647133,0.41635118575358493
0.98,0.1417664927599436,0.44188232148647133,0.41635118575358493
1.0,0.1417664927599436,0.44188232148647133,0.41635118575358493
