fraction_of_volc,OH,H2O2,TMI
0.0,0.4124470344318153,0.4561529522999582,0.13140001326822642
0.02,0.4124470344318153,0.4561529522999582,0.13140001326822642
0.04,0.4124470344318153,0.4561529522999582,0.13140001326822642
0.06,0.4124470344318153,0.4561529522999582,0.13140001326822642
0.08,0.4124470344318153,0.4561529522999582,0.13140001326822642
0.1,0.4124470344318153,0.4561529522999582,0.13140001326822642
0.12,0.4124470344318153,0.4561529522999582,0.13140001326822642
0.14,0.4124470344318153,0.4561529522999582,0.13140001326822642
0.16,0.4124470344318153,0.4561529522999582,0.13140001326822642
0.18,0.4124470344318153,0.4561529522999582,0.13140001326822642
0.2,0.4124470344318153,0.4561529522999582,0.13140001326822642
0.22,0.4017151184068197,0.464100044335117,0.13418483725806327
0.24,0.3909832023818241,0.47204713637027573,0.1369696612479001
0.26,0.38025128635682853,0.4799942284054345,0.13975448523773695
0.28,0.3695193703318329,0.48794132044059324,0.1425393092275738
0.3,0.35878745430683734,0.495888412475752,0.14532413321741064
0.32,0.34805553828184177,0.5038355045109107,0.14810895720724748
0.34,0.33732362225684615,0.5117825965460695,0.15089378119708433
0.36,0.3265917062318505,0.5197296885812283,0.15367860518692117
0.38,0.31585979020685495,0.527676780616387,0.156463429176758
0.4,0.3051278741818594,0.5356238726515458,0.15924825316659486
0.42,0.29439595815686376,0.5435709646867045,0.16203307715643173
0.44,0.2836640421318682,0.5515180567218633,0.16481790114626854
0.46,0.27293212610687256,0.559465148757022,0.1676027251361054
0.48,0.262200210081877,0.5674122407921808,0.17038754912594226
0.5,0.2514682940568814,0.5753593328273395,0.1731723731157791
0.52,0.2407363780318858,0.5833064248624983,0.17595719710561594
0.54,0.2300044620068902,0.591253516897657,0.17874202109545279
0.56,0.2192725459818946,0.5992006089328158,0.18152684508528963
0.58,0.208540629956899,0.6071477009679745,0.18431166907512647
0.6,0.1978087139319034,0.6150947930031333,0.18709649306496332
0.62,0.18707679790690784,0.623041885038292,0.18988131705480016
0.64,0.17634488188191225,0.6309889770734508,0.192666141044637
0.66,0.17634488188191225,0.6309889770734508,0.192666141044637
0.68,0.17634488188191225,0.6309889770734508,0.192666141044637
0.7000000000000001,0.17634488188191225,0.6309889770734508,0.192666141044637
0.72,0.17634488188191225,0.6309889770734508,0.192666141044637
0.74,0.17634488188191225,0.6309889770734508,0.192666141044637
0.76,0.17634488188191225,0.6309889770734508,0.192666141044637
0.78,0.17634488188191225,0.6309889770734508,0.192666141044637
0.8,0.17634488188191225,0.6309889770734508,0.192666141044637
0.8200000000000001,0.17634488188191225,0.6309889770734508,0.192666141044637
0.84,0.17634488188191225,0.6309889770734508,0.192666141044637
0.86,0.17634488188191225,0.6309889770734508,0.192666141044637
0.88,0.17634488188191225,0.6309889770734508,0.192666141044637
0.9,0.17634488188191225,0.6309889770734508,0.192666141044637
0.92,0.17634488188191225,0.6309889770734508,0.192666141044637
0.9400000000000001,0.17634488188191225,0.6309889770734508,0.192666141044637
0.96,0.17634488188191225,0.6309889770734508,0.192666141044637
0.98,0.17634488188191225,0.6309889770734508,0.192666141044637
1.0,0.17634488188191225,0.6309889770734508,0.192666141044637
