fraction_of_volc,OH,H2O2,TMI
0.0,0.8237306720960956,0.17130603206747233,0.00496329583643207
0.02,0.8237306720960956,0.17130603206747233,0.00496329583643207
0.04,0.8237306720960956,0.17130603206747233,0.00496329583643207
0.06,0.8237306720960956,0.17130603206747233,0.00496329583643207
0.08,0.8237306720960956,0.17130603206747233,0.00496329583643207
0.1,0.8237306720960956,0.17130603206747233,0.00496329583643207
0.12,0.7617439501673693,0.18262825430093202,0.05562779553169868
0.14,0.699757228238643,0.1939504765343917,0.10629229522696529
0.16,0.6377705063099166,0.20527269876785142,0.1569567949222319
0.18,0.5757837843811904,0.2165949210013111,0.2076212946174985
0.2,0.5137970624524639,0.2279171432347708,0.2582857943127651
0.22,0.4518103405237377,0.2392393654682305,0.30895029400803176
0.24,0.38982361859501136,0.2505615877016902,0.35961479370329835
0.26,0.327836896666285,0.26188380993514987,0.41027929339856495
0.28,0.327836896666285,0.26188380993514987,0.41027929339856495
0.3,0.327836896666285,0.26188380993514987,0.41027929339856495
0.32,0.327836896666285,0.26188380993514987,0.41027929339856495
0.34,0.327836896666285,0.26188380993514987,0.41027929339856495
0.36,0.327836896666285,0.26188380993514987,0.41027929339856495
0.38,0.327836896666285,0.26188380993514987,0.41027929339856495
0.4,0.327836896666285,0.26188380993514987,0.41027929339856495
0.42,0.327836896666285,0.26188380993514987,0.41027929339856495
0.44,0.327836896666285,0.26188380993514987,0.41027929339856495
0.46,0.327836896666285,0.26188380993514987,0.41027929339856495
0.48,0.327836896666285,0.26188380993514987,0.41027929339856495
0.5,0.327836896666285,0.26188380993514987,0.41027929339856495
0.52,0.327836896666285,0.26188380993514987,0.41027929339856495
0.54,0.327836896666285,0.26188380993514987,0.41027929339856495
0.56,0.327836896666285,0.26188380993514987,0.41027929339856495
0.58,0.327836896666285,0.26188380993514987,0.41027929339856495
0.6,0.327836896666285,0.26188380993514987,0.41027929339856495
0.62,0.327836896666285,0.26188380993514987,0.41027929339856495
0.64,0.327836896666285,0.26188380993514987,0.41027929339856495
0.66,0.327836896666285,0.26188380993514987,0.41027929339856495
0.68,0.327836896666285,0.26188380993514987,0.41027929339856495
0.7000000000000001,0.327836896666285,0.26188380993514987,0.41027929339856495
0.72,0.327836896666285,0.26188380993514987,0.41027929339856495
0.74,0.327836896666285,0.26188380993514987,0.41027929339856495
0.76,0.327836896666285,0.26188380993514987,0.41027929339856495
0.78,0.327836896666285,0.26188380993514987,0.41027929339856495
0.8,0.327836896666285,0.26188380993514987,0.41027929339856495
0.8200000000000001,0.327836896666285,0.26188380993514987,0.41027929339856495
0.84,0.327836896666285,0.26188380993514987,0.41027929339856495
0.86,0.327836896666285,0.26188380993514987,0.41027929339856495
0.88,0.327836896666285,0.26188380993514987,0.41027929339856495
0.9,0.327836896666285,0.26188380993514987,0.41027929339856495
0.92,0.327836896666285,0.26188380993514987,0.41027929339856495
0.9400000000000001,0.327836896666285,0.26188380993514987,0.41027929339856495
0.96,0.327836896666285,0.26188380993514987,0.41027929339856495
0.98,0.327836896666285,0.26188380993514987,0.41027929339856495
1.0,0.327836896666285,0.26188380993514987,0.41027929339856495
