fraction_of_volc,OH,H2O2,TMI
0.0,0.6624986629179384,0.2707630161222084,0.06673832095985326
0.02,0.6624986629179384,0.2707630161222084,0.06673832095985326
0.04,0.6624986629179384,0.2707630161222084,0.06673832095985326
0.06,0.6624986629179384,0.2707630161222084,0.06673832095985326
0.08,0.6624986629179384,0.2707630161222084,0.06673832095985326
0.1,0.6624986629179384,0.2707630161222084,0.06673832095985326
0.12,0.6624986629179384,0.2707630161222084,0.06673832095985326
0.14,0.6624986629179384,0.2707630161222084,0.06673832095985326
0.16,0.6624986629179384,0.2707630161222084,0.06673832095985326
0.18,0.6624986629179384,0.2707630161222084,0.06673832095985326
0.2,0.6624986629179384,0.2707630161222084,0.06673832095985326
0.22,0.6624986629179384,0.2707630161222084,0.06673832095985326
0.24,0.6624986629179384,0.2707630161222084,0.06673832095985326
0.26,0.6624986629179384,0.2707630161222084,0.06673832095985326
0.28,0.6624986629179384,0.2707630161222084,0.06673832095985326
0.3,0.6624986629179384,0.2707630161222084,0.06673832095985326
0.32,0.6624986629179384,0.2707630161222084,0.06673832095985326
0.34,0.6624986629179384,0.2707630161222084,0.06673832095985326
0.36,0.6624986629179384,0.2707630161222084,0.06673832095985326
0.38,0.6624986629179384,0.2707630161222084,0.06673832095985326
0.4,0.6624986629179384,0.2707630161222084,0.06673832095985326
0.42,0.6624986629179384,0.2707630161222084,0.06673832095985326
0.44,0.6734967177150806,0.2553108046173516,0.07119247766756774
0.46,0.6844947725122229,0.23985859311249486,0.07564663437528223
0.48,0.6954928273093652,0.2244063816076381,0.08010079108299671
0.5,0.7064908821065075,0.20895417010278133,0.0845549477907112
0.52,0.7174889369036497,0.19350195859792457,0.08900910449842568
0.54,0.728486991700792,0.1780497470930678,0.09346326120614015
0.56,0.7394850464979343,0.16259753558821105,0.09791741791385464
0.58,0.7504831012950766,0.1471453240833543,0.10237157462156912
0.6,0.7614811560922188,0.13169311257849753,0.10682573132928361
0.62,0.7724792108893611,0.11624090107364077,0.11127988803699809
0.64,0.7834772656865034,0.100788689568784,0.11573404474471258
0.66,0.7944753204836457,0.08533647806392725,0.12018820145242706
0.68,0.8054733752807879,0.06988426655907048,0.12464235816014155
0.7000000000000001,0.8164714300779302,0.054432055054213724,0.12909651486785603
0.72,0.8274694848750725,0.03897984354935696,0.13355067157557052
0.74,0.8384675396722148,0.023527632044500205,0.138004828283285
0.76,0.8384675396722148,0.023527632044500205,0.138004828283285
0.78,0.8384675396722148,0.023527632044500205,0.138004828283285
0.8,0.8384675396722148,0.023527632044500205,0.138004828283285
0.8200000000000001,0.8384675396722148,0.023527632044500205,0.138004828283285
0.84,0.8384675396722148,0.023527632044500205,0.138004828283285
0.86,0.8384675396722148,0.023527632044500205,0.138004828283285
0.88,0.8384675396722148,0.023527632044500205,0.138004828283285
0.9,0.8384675396722148,0.023527632044500205,0.138004828283285
0.92,0.8384675396722148,0.023527632044500205,0.138004828283285
0.9400000000000001,0.8384675396722148,0.023527632044500205,0.138004828283285
0.96,0.8384675396722148,0.023527632044500205,0.138004828283285
0.98,0.8384675396722148,0.023527632044500205,0.138004828283285
1.0,0.8384675396722148,0.023527632044500205,0.138004828283285
