fraction_of_volc,OH,H2O2,TMI
0.0,0.03596568043011663,0.6960367766643004,0.26799754290558286
0.02,0.03596568043011663,0.6960367766643004,0.26799754290558286
0.04,0.03596568043011663,0.6960367766643004,0.26799754290558286
0.06,0.03596568043011663,0.6960367766643004,0.26799754290558286
0.08,0.03596568043011663,0.6960367766643004,0.26799754290558286
0.1,0.03596568043011663,0.6960367766643004,0.26799754290558286
0.12,0.03596568043011663,0.6960367766643004,0.26799754290558286
0.14,0.03596568043011663,0.6960367766643004,0.26799754290558286
0.16,0.03596568043011663,0.6960367766643004,0.26799754290558286
0.18,0.03596568043011663,0.6960367766643004,0.26799754290558286
0.2,0.03596568043011663,0.6960367766643004,0.26799754290558286
0.22,0.03596568043011663,0.6960367766643004,0.26799754290558286
0.24,0.03596568043011663,0.6960367766643004,0.26799754290558286
0.26,0.03596568043011663,0.6960367766643004,0.26799754290558286
0.28,0.03596568043011663,0.6960367766643004,0.26799754290558286
0.3,0.03596568043011663,0.6960367766643004,0.26799754290558286
0.32,0.03596568043011663,0.6960367766643004,0.26799754290558286
0.34,0.03596568043011663,0.6960367766643004,0.26799754290558286
0.36,0.03596568043011663,0.6960367766643004,0.26799754290558286
0.38,0.03596568043011663,0.6960367766643004,0.26799754290558286
0.4,0.03596568043011663,0.6960367766643004,0.26799754290558286
0.42,0.03596568043011663,0.6960367766643004,0.26799754290558286
0.44,0.03596568043011663,0.6960367766643004,0.26799754290558286
0.46,0.03596568043011663,0.6960367766643004,0.26799754290558286
0.48,0.03596568043011663,0.6960367766643004,0.26799754290558286
0.5,0.03596568043011663,0.6960367766643004,0.26799754290558286
0.52,0.03596568043011663,0.6960367766643004,0.26799754290558286
0.54,0.10185262530467598,0.6475362479052859,0.2506111267900381
0.56,0.16773957017923535,0.5990357191462713,0.2332247106744933
0.58,0.2336265150537947,0.5505351903872566,0.21583829455894854
0.6,0.29951345992835404,0.5020346616282421,0.19845187844340376
0.62,0.3654004048029134,0.4535341328692275,0.18106546232785897
0.64,0.43128734967747273,0.40503360411021294,0.16367904621231422
0.66,0.4971742945520321,0.3565330753511983,0.14629263009676943
0.68,0.5630612394265915,0.30803254659218376,0.12890621398122465
0.7000000000000001,0.6289481843011508,0.2595320178331692,0.11151979786567986
0.72,0.6948351291757102,0.21103148907415456,0.0941333817501351
0.74,0.6948351291757102,0.21103148907415456,0.0941333817501351
0.76,0.6948351291757102,0.21103148907415456,0.0941333817501351
0.78,0.6948351291757102,0.21103148907415456,0.0941333817501351
0.8,0.6948351291757102,0.21103148907415456,0.0941333817501351
0.8200000000000001,0.6948351291757102,0.21103148907415456,0.0941333817501351
0.84,0.6948351291757102,0.21103148907415456,0.0941333817501351
0.86,0.6948351291757102,0.21103148907415456,0.0941333817501351
0.88,0.6948351291757102,0.21103148907415456,0.0941333817501351
0.9,0.6948351291757102,0.21103148907415456,0.0941333817501351
0.92,0.6948351291757102,0.21103148907415456,0.0941333817501351
0.9400000000000001,0.6948351291757102,0.21103148907415456,0.0941333817501351
0.96,0.6948351291757102,0.21103148907415456,0.0941333817501351
0.98,0.6948351291757102,0.21103148907415456,0.0941333817501351
1.0,0.6948351291757102,0.21103148907415456,0.0941333817501351
