fraction_of_volc,OH,H2O2,TMI
0.0,0.9095959781402181,0.00549649376086289,0.08490752809891913
0.02,0.9095959781402181,0.00549649376086289,0.08490752809891913
0.04,0.9095959781402181,0.00549649376086289,0.08490752809891913
0.06,0.9095959781402181,0.00549649376086289,0.08490752809891913
0.08,0.9095959781402181,0.00549649376086289,0.08490752809891913
0.1,0.9095959781402181,0.00549649376086289,0.08490752809891913
0.12,0.9095959781402181,0.00549649376086289,0.08490752809891913
0.14,0.9095959781402181,0.00549649376086289,0.08490752809891913
0.16,0.9095959781402181,0.00549649376086289,0.08490752809891913
0.18,0.9095959781402181,0.00549649376086289,0.08490752809891913
0.2,0.9095959781402181,0.00549649376086289,0.08490752809891913
0.22,0.9095959781402181,0.00549649376086289,0.08490752809891913
0.24,0.9095959781402181,0.00549649376086289,0.08490752809891913
0.26,0.9095959781402181,0.00549649376086289,0.08490752809891913
0.28,0.9095959781402181,0.00549649376086289,0.08490752809891913
0.3,0.9095959781402181,0.00549649376086289,0.08490752809891913
0.32,0.9095959781402181,0.00549649376086289,0.08490752809891913
0.34,0.9095959781402181,0.00549649376086289,0.08490752809891913
0.36,0.9095959781402181,0.00549649376086289,0.08490752809891913
0.38,0.9095959781402181,0.00549649376086289,0.08490752809891913
0.4,0.9095959781402181,0.00549649376086289,0.08490752809891913
0.42,0.8917417267032389,0.025055869845995213,0.08320240345076595
0.44,0.8738874752662598,0.04461524593112754,0.08149727880261275
0.46,0.8560332238292807,0.06417462201625987,0.07979215415445956
0.48,0.8381789723923015,0.08373399810139219,0.07808702950630636
0.5,0.8203247209553224,0.10329337418652451,0.07638190485815317
0.52,0.8024704695183432,0.12285275027165685,0.07467678020999999
0.54,0.7846162180813641,0.14241212635678915,0.07297165556184679
0.56,0.766761966644385,0.1619715024419215,0.0712665309136936
0.58,0.7489077152074058,0.18153087852705382,0.06956140626554042
0.6,0.7310534637704267,0.20109025461218613,0.06785628161738722
0.62,0.7131992123334475,0.22064963069731847,0.06615115696923403
0.64,0.6953449608964684,0.2402090067824508,0.06444603232108083
0.66,0.6774907094594893,0.2597683828675831,0.06274090767292764
0.68,0.65963645802251,0.2793277589527154,0.06103578302477445
0.7000000000000001,0.641782206585531,0.29888713503784775,0.059330658376621256
0.72,0.6239279551485518,0.31844651112298006,0.05762553372846807
0.74,0.6060737037115727,0.33800588720811237,0.05592040908031487
0.76,0.5882194522745936,0.35756526329324473,0.054215284432161684
0.78,0.5703652008376143,0.37712463937837704,0.05251015978400849
0.8,0.5525109494006353,0.39668401546350934,0.0508050351358553
0.8200000000000001,0.5346566979636561,0.4162433915486417,0.04909991048770211
0.84,0.516802446526677,0.435802767633774,0.04739478583954892
0.86,0.49894819508969784,0.4553621437189063,0.045689661191395725
0.88,0.4810939436527187,0.4749215198040387,0.04398453654324253
0.9,0.4810939436527187,0.4749215198040387,0.04398453654324253
0.92,0.4810939436527187,0.4749215198040387,0.04398453654324253
0.9400000000000001,0.4810939436527187,0.4749215198040387,0.04398453654324253
0.96,0.4810939436527187,0.4749215198040387,0.04398453654324253
0.98,0.4810939436527187,0.4749215198040387,0.04398453654324253
1.0,0.4810939436527187,0.4749215198040387,0.04398453654324253
