fraction_of_volc,OH,H2O2,TMI
0.0,0.28821292786849945,0.21999394501345276,0.4917931271180477
0.02,0.28821292786849945,0.21999394501345276,0.4917931271180477
0.04,0.28821292786849945,0.21999394501345276,0.4917931271180477
0.06,0.28821292786849945,0.21999394501345276,0.4917931271180477
0.08,0.28821292786849945,0.21999394501345276,0.4917931271180477
0.1,0.28821292786849945,0.21999394501345276,0.4917931271180477
0.12,0.28821292786849945,0.21999394501345276,0.4917931271180477
0.14,0.28821292786849945,0.21999394501345276,0.4917931271180477
0.16,0.28821292786849945,0.21999394501345276,0.4917931271180477
0.18,0.28821292786849945,0.21999394501345276,0.4917931271180477
0.2,0.28821292786849945,0.21999394501345276,0.4917931271180477
0.22,0.28821292786849945,0.21999394501345276,0.4917931271180477
0.24,0.28821292786849945,0.21999394501345276,0.4917931271180477
0.26,0.28821292786849945,0.21999394501345276,0.4917931271180477
0.28,0.2863858576980175,0.27434503501898533,0.43926910728299706
0.3,0.2845587875275355,0.32869612502451795,0.3867450874479465
0.32,0.28273171735705355,0.38304721503005057,0.3342210676128959
0.34,0.28090464718657154,0.43739830503558313,0.2816970477778453
0.36,0.2790775770160896,0.49174939504111576,0.2291730279427947
0.38,0.2772505068456076,0.5461004850466483,0.1766490081077441
0.4,0.27542343667512564,0.6004515750521808,0.12412498827269353
0.42,0.27359636650464364,0.6548026650577135,0.07160096843764291
0.44,0.2717692963341617,0.7091537550632461,0.019076948602592268
0.46,0.2717692963341617,0.7091537550632461,0.019076948602592268
0.48,0.2717692963341617,0.7091537550632461,0.019076948602592268
0.5,0.2717692963341617,0.7091537550632461,0.019076948602592268
0.52,0.2717692963341617,0.7091537550632461,0.019076948602592268
0.54,0.2717692963341617,0.7091537550632461,0.019076948602592268
0.56,0.2717692963341617,0.7091537550632461,0.019076948602592268
0.58,0.2717692963341617,0.7091537550632461,0.019076948602592268
0.6,0.2717692963341617,0.7091537550632461,0.019076948602592268
0.62,0.2717692963341617,0.7091537550632461,0.019076948602592268
0.64,0.2717692963341617,0.7091537550632461,0.019076948602592268
0.66,0.2717692963341617,0.7091537550632461,0.019076948602592268
0.68,0.2717692963341617,0.7091537550632461,0.019076948602592268
0.7000000000000001,0.2717692963341617,0.7091537550632461,0.019076948602592268
0.72,0.2717692963341617,0.7091537550632461,0.019076948602592268
0.74,0.2717692963341617,0.7091537550632461,0.019076948602592268
0.76,0.2717692963341617,0.7091537550632461,0.019076948602592268
0.78,0.2717692963341617,0.7091537550632461,0.019076948602592268
0.8,0.2717692963341617,0.7091537550632461,0.019076948602592268
0.8200000000000001,0.2717692963341617,0.7091537550632461,0.019076948602592268
0.84,0.2717692963341617,0.7091537550632461,0.019076948602592268
0.86,0.2717692963341617,0.7091537550632461,0.019076948602592268
0.88,0.2717692963341617,0.7091537550632461,0.019076948602592268
0.9,0.2717692963341617,0.7091537550632461,0.019076948602592268
0.92,0.2717692963341617,0.7091537550632461,0.019076948602592268
0.9400000000000001,0.2717692963341617,0.7091537550632461,0.019076948602592268
0.96,0.2717692963341617,0.7091537550632461,0.019076948602592268
0.98,0.2717692963341617,0.7091537550632461,0.019076948602592268
1.0,0.2717692963341617,0.7091537550632461,0.019076948602592268
