fraction_of_volc,OH,H2O2,TMI
0.0,0.04838724259364933,0.45855173868599824,0.4930610187203523
0.02,0.04838724259364933,0.45855173868599824,0.4930610187203523
0.04,0.04838724259364933,0.45855173868599824,0.4930610187203523
0.06,0.04838724259364933,0.45855173868599824,0.4930610187203523
0.08,0.04838724259364933,0.45855173868599824,0.4930610187203523
0.1,0.0543335388243206,0.4618933979012991,0.48377306327438024
0.12,0.06027983505499186,0.46523505711659985,0.47448510782840814
0.14,0.06622613128566313,0.4685767163319007,0.4651971523824361
0.16,0.0721724275163344,0.4719183755472015,0.455909196936464
0.18,0.07811872374700568,0.4752600347625023,0.4466212414904919
0.2,0.08406501997767693,0.4786016939778031,0.4373332860445198
0.22,0.09001131620834821,0.4819433531931039,0.42804533059854777
0.24,0.09595761243901949,0.4852850124084047,0.4187573751525757
0.26,0.10190390866969075,0.48862667162370554,0.4094694197066036
0.28,0.10785020490036201,0.4919683308390063,0.40018146426063156
0.3,0.11379650113103329,0.49530999005430715,0.39089350881465945
0.32,0.11974279736170454,0.4986516492696079,0.3816055533686874
0.34,0.12568909359237582,0.5019933084849088,0.37231759792271535
0.36,0.1316353898230471,0.5053349677002096,0.3630296424767433
0.38,0.13758168605371837,0.5086766269155104,0.3537416870307712
0.4,0.14352798228438962,0.5120182861308111,0.3444537315847991
0.42,0.1494742785150609,0.515359945346112,0.33516577613882703
0.44,0.15542057474573218,0.5187016045614128,0.325877820692855
0.46,0.16136687097640343,0.5220432637767136,0.31658986524688293
0.48,0.1673131672070747,0.5253849229920144,0.3073019098009108
0.5,0.17325946343774598,0.5287265822073153,0.2980139543549387
0.52,0.17920575966841723,0.532068241422616,0.28872599890896666
0.54,0.1851520558990885,0.5354099006379168,0.2794380434629946
0.56,0.19109835212975976,0.5387515598532177,0.2701500880170225
0.58,0.19704464836043104,0.5420932190685185,0.26086213257105045
0.6,0.2029909445911023,0.5454348782838193,0.25157417712507835
0.62,0.2089372408217736,0.54877653749912,0.2422862216791063
0.64,0.21488353705244484,0.5521181967144209,0.23299826623313424
0.66,0.22082983328311612,0.5554598559297217,0.22371031078716214
0.68,0.2267761295137874,0.5588015151450225,0.21442235534119009
0.7000000000000001,0.23272242574445864,0.5621431743603233,0.20513439989521798
0.72,0.23866872197512992,0.5654848335756242,0.19584644444924593
0.74,0.2446150182058012,0.5688264927909249,0.18655848900327388
0.76,0.25056131443647245,0.5721681520062257,0.17727053355730177
0.78,0.2565076106671437,0.5755098112215266,0.1679825781113297
0.8,0.2565076106671437,0.5755098112215266,0.1679825781113297
0.8200000000000001,0.2565076106671437,0.5755098112215266,0.1679825781113297
0.84,0.2565076106671437,0.5755098112215266,0.1679825781113297
0.86,0.2565076106671437,0.5755098112215266,0.1679825781113297
0.88,0.2565076106671437,0.5755098112215266,0.1679825781113297
0.9,0.2565076106671437,0.5755098112215266,0.1679825781113297
0.92,0.2565076106671437,0.5755098112215266,0.1679825781113297
0.9400000000000001,0.2565076106671437,0.5755098112215266,0.1679825781113297
0.96,0.2565076106671437,0.5755098112215266,0.1679825781113297
0.98,0.2565076106671437,0.5755098112215266,0.1679825781113297
1.0,0.2565076106671437,0.5755098112215266,0.1679825781113297
