fraction_of_volc,OH,H2O2,TMI
0.0,0.12503791709049364,0.7514910219756546,0.12347106093385161
0.02,0.12503791709049364,0.7514910219756546,0.12347106093385161
0.04,0.12503791709049364,0.7514910219756546,0.12347106093385161
0.06,0.12503791709049364,0.7514910219756546,0.12347106093385161
0.08,0.12503791709049364,0.7514910219756546,0.12347106093385161
0.1,0.12503791709049364,0.7514910219756546,0.12347106093385161
0.12,0.12503791709049364,0.7514910219756546,0.12347106093385161
0.14,0.12503791709049364,0.7514910219756546,0.12347106093385161
0.16,0.12503791709049364,0.7514910219756546,0.12347106093385161
0.18,0.12503791709049364,0.7514910219756546,0.12347106093385161
0.2,0.12503791709049364,0.7514910219756546,0.12347106093385161
0.22,0.12503791709049364,0.7514910219756546,0.12347106093385161
0.24,0.12503791709049364,0.7514910219756546,0.12347106093385161
0.26,0.12503791709049364,0.7514910219756546,0.12347106093385161
0.28,0.12503791709049364,0.7514910219756546,0.12347106093385161
0.3,0.12503791709049364,0.7514910219756546,0.12347106093385161
0.32,0.12503791709049364,0.7514910219756546,0.12347106093385161
0.34,0.12503791709049364,0.7514910219756546,0.12347106093385161
0.36,0.12503791709049364,0.7514910219756546,0.12347106093385161
0.38,0.12503791709049364,0.7514910219756546,0.12347106093385161
0.4,0.12503791709049364,0.7514910219756546,0.12347106093385161
0.42,0.12503791709049364,0.7514910219756546,0.12347106093385161
0.44,0.12503791709049364,0.7514910219756546,0.12347106093385161
0.46,0.12503791709049364,0.7514910219756546,0.12347106093385161
0.48,0.13261178400095808,0.7452360788894589,0.12215213710958295
0.5,0.14018565091142254,0.7389811358032631,0.12083321328531428
0.52,0.14775951782188698,0.7327261927170673,0.11951428946104561
0.54,0.15533338473235145,0.7264712496308715,0.11819536563677693
0.56,0.1629072516428159,0.7202163065446757,0.11687644181250827
0.58,0.17048111855328035,0.71396136345848,0.1155575179882396
0.6,0.1780549854637448,0.7077064203722843,0.11423859416397093
0.62,0.18562885237420923,0.7014514772860885,0.11291967033970227
0.64,0.1932027192846737,0.6951965341998927,0.1116007465154336
0.66,0.20077658619513816,0.6889415911136969,0.11028182269116493
0.68,0.2083504531056026,0.6826866480275011,0.10896289886689627
0.7000000000000001,0.21592432001606704,0.6764317049413053,0.1076439750426276
0.72,0.2234981869265315,0.6701767618551095,0.10632505121835892
0.74,0.23107205383699594,0.6639218187689138,0.10500612739409025
0.76,0.23864592074746038,0.657666875682718,0.10368720356982158
0.78,0.24621978765792485,0.6514119325965222,0.10236827974555292
0.8,0.2537936545683893,0.6451569895103264,0.10104935592128425
0.8200000000000001,0.2613675214788538,0.6389020464241306,0.09973043209701558
0.84,0.2689413883893182,0.632647103337935,0.09841150827274692
0.86,0.27651525529978266,0.6263921602517392,0.09709258444847824
0.88,0.28408912221024707,0.6201372171655434,0.09577366062420958
0.9,0.29166298912071154,0.6138822740793476,0.0944547367999409
0.92,0.299236856031176,0.6076273309931518,0.09313581297567224
0.9400000000000001,0.299236856031176,0.6076273309931518,0.09313581297567224
0.96,0.299236856031176,0.6076273309931518,0.09313581297567224
0.98,0.299236856031176,0.6076273309931518,0.09313581297567224
1.0,0.299236856031176,0.6076273309931518,0.09313581297567224
