fraction_of_volc,OH,H2O2,TMI
0.0,0.006387959771424195,0.9414519492697397,0.052160090958836065
0.02,0.006387959771424195,0.9414519492697397,0.052160090958836065
0.04,0.006387959771424195,0.9414519492697397,0.052160090958836065
0.06,0.006387959771424195,0.9414519492697397,0.052160090958836065
0.08,0.006387959771424195,0.9414519492697397,0.052160090958836065
0.1,0.006387959771424195,0.9414519492697397,0.052160090958836065
0.12,0.006387959771424195,0.9414519492697397,0.052160090958836065
0.14,0.006387959771424195,0.9414519492697397,0.052160090958836065
0.16,0.006387959771424195,0.9414519492697397,0.052160090958836065
0.18,0.006387959771424195,0.9414519492697397,0.052160090958836065
0.2,0.006387959771424195,0.9414519492697397,0.052160090958836065
0.22,0.006387959771424195,0.9414519492697397,0.052160090958836065
0.24,0.006387959771424195,0.9414519492697397,0.052160090958836065
0.26,0.006387959771424195,0.9414519492697397,0.052160090958836065
0.28,0.006387959771424195,0.9414519492697397,0.052160090958836065
0.3,0.006387959771424195,0.9414519492697397,0.052160090958836065
0.32,0.006387959771424195,0.9414519492697397,0.052160090958836065
0.34,0.006387959771424195,0.9414519492697397,0.052160090958836065
0.36,0.006387959771424195,0.9414519492697397,0.052160090958836065
0.38,0.006387959771424195,0.9414519492697397,0.052160090958836065
0.4,0.006387959771424195,0.9414519492697397,0.052160090958836065
0.42,0.006387959771424195,0.9414519492697397,0.052160090958836065
0.44,0.033186206411517746,0.8902636557181166,0.07655013787036564
0.46,0.0599844530516113,0.8390753621664935,0.10094018478189522
0.48,0.08678269969170485,0.7878870686148703,0.1253302316934248
0.5,0.11358094633179841,0.7366987750632472,0.14972027860495438
0.52,0.14037919297189197,0.6855104815116241,0.17411032551648395
0.54,0.1671774396119855,0.634322187960001,0.19850037242801352
0.56,0.19397568625207906,0.5831338944083778,0.2228904193395431
0.58,0.22077393289217262,0.5319456008567547,0.24728046625107267
0.6,0.24757217953226618,0.48075730730513155,0.27167051316260227
0.62,0.27437042617235974,0.4295690137535084,0.29606056007413184
0.64,0.3011686728124533,0.3783807202018853,0.3204506069856614
0.66,0.3279669194525468,0.32719242665026216,0.344840653897191
0.68,0.35476516609264036,0.276004133098639,0.36923070080872056
0.7000000000000001,0.3815634127327339,0.22481583954701584,0.39362074772025013
0.72,0.3815634127327339,0.22481583954701584,0.39362074772025013
0.74,0.3815634127327339,0.22481583954701584,0.39362074772025013
0.76,0.3815634127327339,0.22481583954701584,0.39362074772025013
0.78,0.3815634127327339,0.22481583954701584,0.39362074772025013
0.8,0.3815634127327339,0.22481583954701584,0.39362074772025013
0.8200000000000001,0.3815634127327339,0.22481583954701584,0.39362074772025013
0.84,0.3815634127327339,0.22481583954701584,0.39362074772025013
0.86,0.3815634127327339,0.22481583954701584,0.39362074772025013
0.88,0.3815634127327339,0.22481583954701584,0.39362074772025013
0.9,0.3815634127327339,0.22481583954701584,0.39362074772025013
0.92,0.3815634127327339,0.22481583954701584,0.39362074772025013
0.9400000000000001,0.3815634127327339,0.22481583954701584,0.39362074772025013
0.96,0.3815634127327339,0.22481583954701584,0.39362074772025013
0.98,0.3815634127327339,0.22481583954701584,0.39362074772025013
1.0,0.3815634127327339,0.22481583954701584,0.39362074772025013
