fraction_of_volc,OH,H2O2,TMI
0.0,0.6470424372734485,0.23897003738610306,0.11398752534044841
0.02,0.6470424372734485,0.23897003738610306,0.11398752534044841
0.04,0.6470424372734485,0.23897003738610306,0.11398752534044841
0.06,0.6470424372734485,0.23897003738610306,0.11398752534044841
0.08,0.6470424372734485,0.23897003738610306,0.11398752534044841
0.1,0.6470424372734485,0.23897003738610306,0.11398752534044841
0.12,0.6470424372734485,0.23897003738610306,0.11398752534044841
0.14,0.6470424372734485,0.23897003738610306,0.11398752534044841
0.16,0.6470424372734485,0.23897003738610306,0.11398752534044841
0.18,0.6470424372734485,0.23897003738610306,0.11398752534044841
0.2,0.6470424372734485,0.23897003738610306,0.11398752534044841
0.22,0.6470424372734485,0.23897003738610306,0.11398752534044841
0.24,0.6470424372734485,0.23897003738610306,0.11398752534044841
0.26,0.6470424372734485,0.23897003738610306,0.11398752534044841
0.28,0.6470424372734485,0.23897003738610306,0.11398752534044841
0.3,0.6470424372734485,0.23897003738610306,0.11398752534044841
0.32,0.6470424372734485,0.23897003738610306,0.11398752534044841
0.34,0.6470424372734485,0.23897003738610306,0.11398752534044841
0.36,0.6470424372734485,0.23897003738610306,0.11398752534044841
0.38,0.6470424372734485,0.23897003738610306,0.11398752534044841
0.4,0.6470424372734485,0.23897003738610306,0.11398752534044841
0.42,0.6470424372734485,0.23897003738610306,0.11398752534044841
0.44,0.6470424372734485,0.23897003738610306,0.11398752534044841
0.46,0.6470424372734485,0.23897003738610306,0.11398752534044841
0.48,0.6470424372734485,0.23897003738610306,0.11398752534044841
0.5,0.6470424372734485,0.23897003738610306,0.11398752534044841
0.52,0.6470424372734485,0.23897003738610306,0.11398752534044841
0.54,0.6470424372734485,0.23897003738610306,0.11398752534044841
0.56,0.6245560456713286,0.24679938224186465,0.12864457208680666
0.58,0.6020696540692088,0.25462872709762624,0.1433016188331649
0.6,0.5795832624670889,0.2624580719533879,0.15795866557952312
0.62,0.5570968708649692,0.27028741680914947,0.17261571232588135
0.64,0.5346104792628493,0.27811676166491106,0.1872727590722396
0.66,0.5121240876607295,0.28594610652067265,0.20192980581859782
0.68,0.48963769605860963,0.29377545137643424,0.21658685256495608
0.7000000000000001,0.4671513044564898,0.3016047962321958,0.23124389931131428
0.72,0.44466491285437,0.3094341410879574,0.24590094605767254
0.74,0.42217852125225014,0.317263485943719,0.26055799280403075
0.76,0.39969212965013035,0.32509283079948065,0.275215039550389
0.78,0.3772057380480105,0.33292217565524224,0.28987208629674727
0.8,0.35471934644589065,0.3407515205110038,0.30452913304310547
0.8200000000000001,0.3322329548437708,0.3485808653667654,0.31918617978946373
0.84,0.3322329548437708,0.3485808653667654,0.31918617978946373
0.86,0.3322329548437708,0.3485808653667654,0.31918617978946373
0.88,0.3322329548437708,0.3485808653667654,0.31918617978946373
0.9,0.3322329548437708,0.3485808653667654,0.31918617978946373
0.92,0.3322329548437708,0.3485808653667654,0.31918617978946373
0.9400000000000001,0.3322329548437708,0.3485808653667654,0.31918617978946373
0.96,0.3322329548437708,0.3485808653667654,0.31918617978946373
0.98,0.3322329548437708,0.3485808653667654,0.31918617978946373
1.0,0.3322329548437708,0.3485808653667654,0.31918617978946373
