fraction_of_volc,OH,H2O2,TMI
0.0,0.15051141940747875,0.6478409194850818,0.2016476611074395
0.02,0.15051141940747875,0.6478409194850818,0.2016476611074395
0.04,0.15051141940747875,0.6478409194850818,0.2016476611074395
0.06,0.15051141940747875,0.6478409194850818,0.2016476611074395
0.08,0.15051141940747875,0.6478409194850818,0.2016476611074395
0.1,0.15051141940747875,0.6478409194850818,0.2016476611074395
0.12,0.15051141940747875,0.6478409194850818,0.2016476611074395
0.14,0.1633208760681575,0.6391665903410965,0.19751253359074614
0.16,0.17613033272883627,0.6304922611971111,0.19337740607405274
0.18,0.188939789389515,0.6218179320531257,0.18924227855735937
0.2,0.2017492460501938,0.6131436029091403,0.18510715104066597
0.22,0.21455870271087252,0.6044692737651549,0.1809720235239726
0.24,0.22736815937155128,0.5957949446211696,0.1768368960072792
0.26,0.24017761603223003,0.5871206154771842,0.17270176849058583
0.28,0.25298707269290877,0.5784462863331988,0.16856664097389243
0.3,0.26579652935358755,0.5697719571892135,0.16443151345719906
0.32,0.27860598601426634,0.5610976280452281,0.16029638594050566
0.34,0.29141544267494507,0.5524232989012428,0.1561612584238123
0.36,0.3042248993356238,0.5437489697572573,0.15202613090711892
0.38,0.3170343559963026,0.5350746406132719,0.14789100339042552
0.4,0.3298438126569813,0.5264003114692866,0.14375587587373212
0.42,0.34265326931766005,0.5177259823253012,0.13962074835703875
0.44,0.35546272597833883,0.5090516531813158,0.13548562084034538
0.46,0.3682721826390176,0.5003773240373304,0.13135049332365198
0.48,0.38108163929969635,0.49170299489334507,0.12721536580695858
0.5,0.3938910959603751,0.48302866574935965,0.12308023829026521
0.52,0.40670055262105387,0.4743543366053743,0.11894511077357182
0.54,0.4195100092817326,0.46568000746138893,0.11480998325687844
0.56,0.4195100092817326,0.46568000746138893,0.11480998325687844
0.58,0.4195100092817326,0.46568000746138893,0.11480998325687844
0.6,0.4195100092817326,0.46568000746138893,0.11480998325687844
0.62,0.4195100092817326,0.46568000746138893,0.11480998325687844
0.64,0.4195100092817326,0.46568000746138893,0.11480998325687844
0.66,0.4195100092817326,0.46568000746138893,0.11480998325687844
0.68,0.4195100092817326,0.46568000746138893,0.11480998325687844
0.7000000000000001,0.4195100092817326,0.46568000746138893,0.11480998325687844
0.72,0.4195100092817326,0.46568000746138893,0.11480998325687844
0.74,0.4195100092817326,0.46568000746138893,0.11480998325687844
0.76,0.4195100092817326,0.46568000746138893,0.11480998325687844
0.78,0.4195100092817326,0.46568000746138893,0.11480998325687844
0.8,0.4195100092817326,0.46568000746138893,0.11480998325687844
0.8200000000000001,0.4195100092817326,0.46568000746138893,0.11480998325687844
0.84,0.4195100092817326,0.46568000746138893,0.11480998325687844
0.86,0.4195100092817326,0.46568000746138893,0.11480998325687844
0.88,0.4195100092817326,0.46568000746138893,0.11480998325687844
0.9,0.4195100092817326,0.46568000746138893,0.11480998325687844
0.92,0.4195100092817326,0.46568000746138893,0.11480998325687844
0.9400000000000001,0.4195100092817326,0.46568000746138893,0.11480998325687844
0.96,0.4195100092817326,0.46568000746138893,0.11480998325687844
0.98,0.4195100092817326,0.46568000746138893,0.11480998325687844
1.0,0.4195100092817326,0.46568000746138893,0.11480998325687844
