fraction_of_volc,OH,H2O2,TMI
0.0,0.7113591317445014,0.12678637231467524,0.1618544959408234
0.02,0.7113591317445014,0.12678637231467524,0.1618544959408234
0.04,0.7113591317445014,0.12678637231467524,0.1618544959408234
0.06,0.7113591317445014,0.12678637231467524,0.1618544959408234
0.08,0.7113591317445014,0.12678637231467524,0.1618544959408234
0.1,0.7113591317445014,0.12678637231467524,0.1618544959408234
0.12,0.7113591317445014,0.12678637231467524,0.1618544959408234
0.14,0.7113591317445014,0.12678637231467524,0.1618544959408234
0.16,0.7113591317445014,0.12678637231467524,0.1618544959408234
0.18,0.7069893166978144,0.12624241749999618,0.16676826580218948
0.2,0.7026195016511274,0.12569846268531712,0.17168203566355555
0.22,0.6982496866044403,0.12515450787063806,0.1765958055249216
0.24,0.6938798715577533,0.12461055305595901,0.18150957538628767
0.26,0.6895100565110663,0.12406659824127995,0.18642334524765375
0.28,0.6851402414643794,0.12352264342660091,0.19133711510901982
0.3,0.6807704264176923,0.12297868861192185,0.1962508849703859
0.32,0.6764006113710053,0.12243473379724279,0.20116465483175197
0.34,0.6720307963243183,0.12189077898256373,0.20607842469311805
0.36,0.6676609812776313,0.12134682416788468,0.2109921945544841
0.38,0.6632911662309442,0.12080286935320562,0.21590596441585017
0.4,0.6589213511842572,0.12025891453852657,0.22081973427721624
0.42,0.6545515361375702,0.1197149597238475,0.2257335041385823
0.44,0.6501817210908832,0.11917100490916846,0.2306472739999484
0.46,0.6458119060441962,0.1186270500944894,0.23556104386131443
0.48,0.6414420909975092,0.11808309527981034,0.24047481372268054
0.5,0.6370722759508222,0.11753914046513128,0.24538858358404658
0.52,0.6327024609041352,0.11699518565045224,0.25030235344541263
0.54,0.6283326458574482,0.11645123083577318,0.25521612330677873
0.56,0.6239628308107612,0.11590727602109412,0.26012989316814483
0.58,0.6195930157640741,0.11536332120641506,0.2650436630295109
0.6,0.6152232007173871,0.11481936639173601,0.2699574328908769
0.62,0.6108533856707001,0.11427541157705695,0.274871202752243
0.64,0.606483570624013,0.11373145676237789,0.2797849726136091
0.66,0.602113755577326,0.11318750194769883,0.2846987424749752
0.68,0.5977439405306391,0.11264354713301979,0.2896125123363412
0.7000000000000001,0.5933741254839521,0.11209959231834073,0.29452628219770727
0.72,0.5890043104372651,0.11155563750366167,0.29944005205907337
0.74,0.584634495390578,0.11101168268898262,0.3043538219204394
0.76,0.580264680343891,0.11046772787430356,0.3092675917818055
0.78,0.575894865297204,0.1099237730596245,0.31418136164317156
0.8,0.575894865297204,0.1099237730596245,0.31418136164317156
0.8200000000000001,0.575894865297204,0.1099237730596245,0.31418136164317156
0.84,0.575894865297204,0.1099237730596245,0.31418136164317156
0.86,0.575894865297204,0.1099237730596245,0.31418136164317156
0.88,0.575894865297204,0.1099237730596245,0.31418136164317156
0.9,0.575894865297204,0.1099237730596245,0.31418136164317156
0.92,0.575894865297204,0.1099237730596245,0.31418136164317156
0.9400000000000001,0.575894865297204,0.1099237730596245,0.31418136164317156
0.96,0.575894865297204,0.1099237730596245,0.31418136164317156
0.98,0.575894865297204,0.1099237730596245,0.31418136164317156
1.0,0.575894865297204,0.1099237730596245,0.31418136164317156
