fraction_of_volc,OH,H2O2,TMI
0.0,0.2888127643175393,0.42062814297489387,0.2905590927075667
0.02,0.2888127643175393,0.42062814297489387,0.2905590927075667
0.04,0.2888127643175393,0.42062814297489387,0.2905590927075667
0.06,0.2888127643175393,0.42062814297489387,0.2905590927075667
0.08,0.2888127643175393,0.42062814297489387,0.2905590927075667
0.1,0.2888127643175393,0.42062814297489387,0.2905590927075667
0.12,0.2888127643175393,0.42062814297489387,0.2905590927075667
0.14,0.2888127643175393,0.42062814297489387,0.2905590927075667
0.16,0.2888127643175393,0.42062814297489387,0.2905590927075667
0.18,0.2888127643175393,0.42062814297489387,0.2905590927075667
0.2,0.2888127643175393,0.42062814297489387,0.2905590927075667
0.22,0.2888127643175393,0.42062814297489387,0.2905590927075667
0.24,0.2888127643175393,0.42062814297489387,0.2905590927075667
0.26,0.2888127643175393,0.42062814297489387,0.2905590927075667
0.28,0.2888127643175393,0.42062814297489387,0.2905590927075667
0.3,0.2888127643175393,0.42062814297489387,0.2905590927075667
0.32,0.2888127643175393,0.42062814297489387,0.2905590927075667
0.34,0.2888127643175393,0.42062814297489387,0.2905590927075667
0.36,0.2888127643175393,0.42062814297489387,0.2905590927075667
0.38,0.2888127643175393,0.42062814297489387,0.2905590927075667
0.4,0.2888127643175393,0.42062814297489387,0.2905590927075667
0.42,0.2888127643175393,0.42062814297489387,0.2905590927075667
0.44,0.2888127643175393,0.42062814297489387,0.2905590927075667
0.46,0.2888127643175393,0.42062814297489387,0.2905590927075667
0.48,0.2888127643175393,0.42062814297489387,0.2905590927075667
0.5,0.2888127643175393,0.42062814297489387,0.2905590927075667
0.52,0.2888127643175393,0.42062814297489387,0.2905590927075667
0.54,0.2888127643175393,0.42062814297489387,0.2905590927075667
0.56,0.2888127643175393,0.42062814297489387,0.2905590927075667
0.58,0.2888127643175393,0.42062814297489387,0.2905590927075667
0.6,0.2888127643175393,0.42062814297489387,0.2905590927075667
0.62,0.2888127643175393,0.42062814297489387,0.2905590927075667
0.64,0.2888127643175393,0.42062814297489387,0.2905590927075667
0.66,0.2888127643175393,0.42062814297489387,0.2905590927075667
0.68,0.2888127643175393,0.42062814297489387,0.2905590927075667
0.7000000000000001,0.2888127643175393,0.42062814297489387,0.2905590927075667
0.72,0.2888127643175393,0.42062814297489387,0.2905590927075667
0.74,0.2888127643175393,0.42062814297489387,0.2905590927075667
0.76,0.2888127643175393,0.42062814297489387,0.2905590927075667
0.78,0.2723491720402989,0.42856260350413644,0.2990882244555645
0.8,0.2558855797630586,0.43649706403337896,0.30761735620356234
0.8200000000000001,0.23942198748581822,0.4444315245626215,0.31614648795156014
0.84,0.22295839520857785,0.4523659850918641,0.324675619699558
0.86,0.20649480293133748,0.4603004456211066,0.3332047514475558
0.88,0.19003121065409714,0.4682349061503492,0.34173388319555364
0.9,0.1735676183768568,0.4761693666795917,0.35026301494355144
0.92,0.15710402609961643,0.48410382720883427,0.3587921466915493
0.9400000000000001,0.14064043382237607,0.4920382877380768,0.3673212784395471
0.96,0.12417684154513572,0.49997274826731936,0.37585041018754495
0.98,0.1077132492678954,0.5079072087965619,0.38437954193554275
1.0,0.1077132492678954,0.5079072087965619,0.38437954193554275
