fraction_of_volc,OH,H2O2,TMI
0.0,0.8387029553949393,0.1231111916025729,0.03818585300248775
0.02,0.8387029553949393,0.1231111916025729,0.03818585300248775
0.04,0.8387029553949393,0.1231111916025729,0.03818585300248775
0.06,0.8387029553949393,0.1231111916025729,0.03818585300248775
0.08,0.8387029553949393,0.1231111916025729,0.03818585300248775
0.1,0.8387029553949393,0.1231111916025729,0.03818585300248775
0.12,0.8387029553949393,0.1231111916025729,0.03818585300248775
0.14,0.8387029553949393,0.1231111916025729,0.03818585300248775
0.16,0.8387029553949393,0.1231111916025729,0.03818585300248775
0.18,0.8387029553949393,0.1231111916025729,0.03818585300248775
0.2,0.8083338892716763,0.1417539343983774,0.0499121763299463
0.22,0.7779648231484132,0.16039667719418194,0.06163849965740485
0.24,0.7475957570251501,0.17903941998998646,0.07336482298486341
0.26,0.7172266909018871,0.19768216278579098,0.08509114631232195
0.28,0.686857624778624,0.2163249055815955,0.09681746963978051
0.3,0.6564885586553609,0.23496764837740003,0.10854379296723907
0.32,0.6261194925320979,0.25361039117320455,0.12027011629469761
0.34,0.5957504264088348,0.2722531339690091,0.13199643962215618
0.36,0.5653813602855717,0.2908958767648136,0.14372276294961472
0.38,0.5350122941623087,0.3095386195606181,0.15544908627707327
0.4,0.5046432280390456,0.32818136235642265,0.1671754096045318
0.42,0.47427416191578253,0.34682410515222717,0.17890173293199038
0.44,0.44390509579251947,0.3654668479480317,0.19062805625944892
0.46,0.4135360296692564,0.3841095907438362,0.20235437958690747
0.48,0.38316696354599333,0.40275233353964074,0.21408070291436604
0.5,0.35279789742273027,0.42139507633544526,0.22580702624182458
0.52,0.3224288312994672,0.4400378191312498,0.23753334956928313
0.54,0.2920597651762041,0.4586805619270543,0.2492596728967417
0.56,0.2920597651762041,0.4586805619270543,0.2492596728967417
0.58,0.2920597651762041,0.4586805619270543,0.2492596728967417
0.6,0.2920597651762041,0.4586805619270543,0.2492596728967417
0.62,0.2920597651762041,0.4586805619270543,0.2492596728967417
0.64,0.2920597651762041,0.4586805619270543,0.2492596728967417
0.66,0.2920597651762041,0.4586805619270543,0.2492596728967417
0.68,0.2920597651762041,0.4586805619270543,0.2492596728967417
0.7000000000000001,0.2920597651762041,0.4586805619270543,0.2492596728967417
0.72,0.2920597651762041,0.4586805619270543,0.2492596728967417
0.74,0.2920597651762041,0.4586805619270543,0.2492596728967417
0.76,0.2920597651762041,0.4586805619270543,0.2492596728967417
0.78,0.2920597651762041,0.4586805619270543,0.2492596728967417
0.8,0.2920597651762041,0.4586805619270543,0.2492596728967417
0.8200000000000001,0.2920597651762041,0.4586805619270543,0.2492596728967417
0.84,0.2920597651762041,0.4586805619270543,0.2492596728967417
0.86,0.2920597651762041,0.4586805619270543,0.2492596728967417
0.88,0.2920597651762041,0.4586805619270543,0.2492596728967417
0.9,0.2920597651762041,0.4586805619270543,0.2492596728967417
0.92,0.2920597651762041,0.4586805619270543,0.2492596728967417
0.9400000000000001,0.2920597651762041,0.4586805619270543,0.2492596728967417
0.96,0.2920597651762041,0.4586805619270543,0.2492596728967417
0.98,0.2920597651762041,0.4586805619270543,0.2492596728967417
1.0,0.2920597651762041,0.4586805619270543,0.2492596728967417
