fraction_of_volc,OH,H2O2,TMI
0.0,0.2412060983675186,0.18105268245224165,0.5777412191802396
0.02,0.2412060983675186,0.18105268245224165,0.5777412191802396
0.04,0.2412060983675186,0.18105268245224165,0.5777412191802396
0.06,0.2412060983675186,0.18105268245224165,0.5777412191802396
0.08,0.2412060983675186,0.18105268245224165,0.5777412191802396
0.1,0.2412060983675186,0.18105268245224165,0.5777412191802396
0.12,0.23228386537347795,0.18143259943898013,0.5862835351875417
0.14,0.2233616323794373,0.1818125164257186,0.594825851194844
0.16,0.21443939938539663,0.18219243341245708,0.6033681672021461
0.18,0.20551716639135598,0.18257235039919556,0.6119104832094483
0.2,0.19659493339731532,0.18295226738593404,0.6204527992167506
0.22,0.18767270040327463,0.1833321843726725,0.6289951152240527
0.24,0.17875046740923398,0.183712101359411,0.6375374312313549
0.26,0.16982823441519332,0.18409201834614947,0.6460797472386571
0.28,0.16090600142115266,0.18447193533288794,0.6546220632459593
0.3,0.151983768427112,0.18485185231962642,0.6631643792532614
0.32,0.14306153543307132,0.1852317693063649,0.6717066952605637
0.34,0.13413930243903066,0.18561168629310337,0.6802490112678659
0.36,0.12521706944499,0.18599160327984185,0.688791327275168
0.38,0.11629483645094935,0.18637152026658033,0.6973336432824703
0.4,0.10737260345690869,0.1867514372533188,0.7058759592897724
0.42,0.09845037046286803,0.18713135424005728,0.7144182752970746
0.44,0.08952813746882737,0.18751127122679576,0.7229605913043768
0.46,0.08060590447478672,0.18789118821353423,0.731502907311679
0.48,0.07168367148074606,0.1882711052002727,0.7400452233189811
0.5,0.0627614384867054,0.18865102218701119,0.7485875393262833
0.52,0.053839205492664716,0.18903093917374966,0.7571298553335856
0.54,0.04491697249862406,0.18941085616048814,0.7656721713408877
0.56,0.0359947395045834,0.18979077314722662,0.77421448734819
0.58,0.027072506510542743,0.1901706901339651,0.7827568033554921
0.6,0.018150273516502086,0.19055060712070357,0.7912991193627943
0.62,0.009228040522461428,0.19093052410744205,0.7998414353700964
0.64,0.0003058075284207826,0.19131044109418052,0.8083837513773987
0.66,0.0003058075284207826,0.19131044109418052,0.8083837513773987
0.68,0.0003058075284207826,0.19131044109418052,0.8083837513773987
0.7000000000000001,0.0003058075284207826,0.19131044109418052,0.8083837513773987
0.72,0.0003058075284207826,0.19131044109418052,0.8083837513773987
0.74,0.0003058075284207826,0.19131044109418052,0.8083837513773987
0.76,0.0003058075284207826,0.19131044109418052,0.8083837513773987
0.78,0.0003058075284207826,0.19131044109418052,0.8083837513773987
0.8,0.0003058075284207826,0.19131044109418052,0.8083837513773987
0.8200000000000001,0.0003058075284207826,0.19131044109418052,0.8083837513773987
0.84,0.0003058075284207826,0.19131044109418052,0.8083837513773987
0.86,0.0003058075284207826,0.19131044109418052,0.8083837513773987
0.88,0.0003058075284207826,0.19131044109418052,0.8083837513773987
0.9,0.0003058075284207826,0.19131044109418052,0.8083837513773987
0.92,0.0003058075284207826,0.19131044109418052,0.8083837513773987
0.9400000000000001,0.0003058075284207826,0.19131044109418052,0.8083837513773987
0.96,0.0003058075284207826,0.19131044109418052,0.8083837513773987
0.98,0.0003058075284207826,0.19131044109418052,0.8083837513773987
1.0,0.0003058075284207826,0.19131044109418052,0.8083837513773987
