fraction_of_volc,OH,H2O2,TMI
0.0,0.5022361173006549,0.10116508420193208,0.3965987984974129
0.02,0.5022361173006549,0.10116508420193208,0.3965987984974129
0.04,0.5022361173006549,0.10116508420193208,0.3965987984974129
0.06,0.5022361173006549,0.10116508420193208,0.3965987984974129
0.08,0.5022361173006549,0.10116508420193208,0.3965987984974129
0.1,0.5022361173006549,0.10116508420193208,0.3965987984974129
0.12,0.5022361173006549,0.10116508420193208,0.3965987984974129
0.14,0.5022361173006549,0.10116508420193208,0.3965987984974129
0.16,0.5022361173006549,0.10116508420193208,0.3965987984974129
0.18,0.5022361173006549,0.10116508420193208,0.3965987984974129
0.2,0.5022361173006549,0.10116508420193208,0.3965987984974129
0.22,0.5022361173006549,0.10116508420193208,0.3965987984974129
0.24,0.5022361173006549,0.10116508420193208,0.3965987984974129
0.26,0.5022361173006549,0.10116508420193208,0.3965987984974129
0.28,0.5022361173006549,0.10116508420193208,0.3965987984974129
0.3,0.5022361173006549,0.10116508420193208,0.3965987984974129
0.32,0.5022361173006549,0.10116508420193208,0.3965987984974129
0.34,0.5022361173006549,0.10116508420193208,0.3965987984974129
0.36,0.5022361173006549,0.10116508420193208,0.3965987984974129
0.38,0.5022361173006549,0.10116508420193208,0.3965987984974129
0.4,0.5022361173006549,0.10116508420193208,0.3965987984974129
0.42,0.5022361173006549,0.10116508420193208,0.3965987984974129
0.44,0.5022361173006549,0.10116508420193208,0.3965987984974129
0.46,0.5022361173006549,0.10116508420193208,0.3965987984974129
0.48,0.5022361173006549,0.10116508420193208,0.3965987984974129
0.5,0.5022361173006549,0.10116508420193208,0.3965987984974129
0.52,0.5022361173006549,0.10116508420193208,0.3965987984974129
0.54,0.5022361173006549,0.10116508420193208,0.3965987984974129
0.56,0.5022361173006549,0.10116508420193208,0.3965987984974129
0.58,0.5022361173006549,0.10116508420193208,0.3965987984974129
0.6,0.5022361173006549,0.10116508420193208,0.3965987984974129
0.62,0.48429018037386706,0.10635374255681566,0.40935607706931715
0.64,0.4663442434470793,0.11154240091169924,0.4221133556412214
0.66,0.4483983065202915,0.11673105926658282,0.43487063421312555
0.68,0.4304523695935037,0.1219197176214664,0.4476279127850298
0.7000000000000001,0.41250643266671594,0.12710837597634997,0.460385191356934
0.72,0.39456049573992813,0.13229703433123355,0.47314246992883824
0.74,0.3766145588131403,0.13748569268611713,0.48589974850074247
0.76,0.3586686218863525,0.1426743510410007,0.4986570270726467
0.78,0.34072268495956476,0.1478630093958843,0.5114143056445509
0.8,0.32277674803277695,0.15305166775076787,0.5241715842164552
0.8200000000000001,0.3048308111059892,0.15824032610565145,0.5369288627883594
0.84,0.2868848741792014,0.16342898446053503,0.5496861413602636
0.86,0.2689389372524136,0.1686176428154186,0.5624434199321677
0.88,0.25099300032562577,0.17380630117030219,0.5752006985040721
0.9,0.23304706339883802,0.17899495952518577,0.5879579770759762
0.92,0.2151011264720502,0.18418361788006934,0.6007152556478804
0.9400000000000001,0.1971551895452624,0.18937227623495292,0.6134725342197846
0.96,0.17920925261847462,0.1945609345898365,0.6262298127916889
0.98,0.17920925261847462,0.1945609345898365,0.6262298127916889
1.0,0.17920925261847462,0.1945609345898365,0.6262298127916889
