fraction_of_volc,OH,H2O2,TMI
0.0,0.2089407705284227,0.3385562137381974,0.45250301573338
0.02,0.2089407705284227,0.3385562137381974,0.45250301573338
0.04,0.2089407705284227,0.3385562137381974,0.45250301573338
0.06,0.2089407705284227,0.3385562137381974,0.45250301573338
0.08,0.2089407705284227,0.3385562137381974,0.45250301573338
0.1,0.2089407705284227,0.3385562137381974,0.45250301573338
0.12,0.2089407705284227,0.3385562137381974,0.45250301573338
0.14,0.2089407705284227,0.3385562137381974,0.45250301573338
0.16,0.2089407705284227,0.3385562137381974,0.45250301573338
0.18,0.2089407705284227,0.3385562137381974,0.45250301573338
0.2,0.2089407705284227,0.3385562137381974,0.45250301573338
0.22,0.2089407705284227,0.3385562137381974,0.45250301573338
0.24,0.2089407705284227,0.3385562137381974,0.45250301573338
0.26,0.2089407705284227,0.3385562137381974,0.45250301573338
0.28,0.2089407705284227,0.3385562137381974,0.45250301573338
0.3,0.2089407705284227,0.3385562137381974,0.45250301573338
0.32,0.2089407705284227,0.3385562137381974,0.45250301573338
0.34,0.20332248672260728,0.35959188538837106,0.4370856278890217
0.36,0.19770420291679183,0.3806275570385448,0.4216682400446634
0.38,0.19208591911097642,0.4016632286887185,0.40625085220030516
0.4,0.18646763530516097,0.4226989003388922,0.3908334643559469
0.42,0.18084935149934556,0.44373457198906585,0.3754160765115886
0.44,0.17523106769353014,0.4647702436392396,0.35999868866723034
0.46,0.1696127838877147,0.4858059152894133,0.3445813008228721
0.48,0.16399450008189928,0.506841586939587,0.3291639129785138
0.5,0.15837621627608384,0.5278772585897606,0.3137465251341555
0.52,0.15275793247026842,0.5489129302399344,0.29832913728979726
0.54,0.147139648664453,0.5699486018901081,0.28291174944543895
0.56,0.14152136485863756,0.5909842735402817,0.2674943616010807
0.58,0.13590308105282212,0.6120199451904555,0.25207697375672244
0.6,0.1302847972470067,0.6330556168406292,0.23665958591236416
0.62,0.12466651344119128,0.6540912884908028,0.2212421980680059
0.64,0.11904822963537585,0.6751269601409766,0.20582481022364763
0.66,0.11342994582956042,0.6961626317911502,0.19040742237928937
0.68,0.107811662023745,0.717198303441324,0.17499003453493106
0.7000000000000001,0.10219337821792958,0.7382339750914977,0.1595726466905728
0.72,0.09657509441211415,0.7592696467416713,0.14415525884621455
0.74,0.09095681060629872,0.7803053183918451,0.12873787100185624
0.76,0.08533852680048329,0.8013409900420188,0.11332048315749799
0.78,0.07972024299466787,0.8223766616921924,0.09790309531313973
0.8,0.07410195918885243,0.8434123333423662,0.08248570746878142
0.8200000000000001,0.06848367538303701,0.8644480049925398,0.06706831962442317
0.84,0.06286539157722157,0.8854836766427137,0.05165093178006491
0.86,0.05724710777140615,0.9065193482928873,0.03623354393570666
0.88,0.05162882396559074,0.9275550199430609,0.020816156091348348
0.9,0.04601054015977528,0.9485906915932347,0.005398768246990101
0.92,0.04601054015977528,0.9485906915932347,0.005398768246990101
0.9400000000000001,0.04601054015977528,0.9485906915932347,0.005398768246990101
0.96,0.04601054015977528,0.9485906915932347,0.005398768246990101
0.98,0.04601054015977528,0.9485906915932347,0.005398768246990101
1.0,0.04601054015977528,0.9485906915932347,0.005398768246990101
