fraction_of_volc,OH,H2O2,TMI
0.0,0.8078921679031609,0.09720199099223246,0.09490584110460656
0.02,0.8078921679031609,0.09720199099223246,0.09490584110460656
0.04,0.8078921679031609,0.09720199099223246,0.09490584110460656
0.06,0.8078921679031609,0.09720199099223246,0.09490584110460656
0.08,0.8078921679031609,0.09720199099223246,0.09490584110460656
0.1,0.8078921679031609,0.09720199099223246,0.09490584110460656
0.12,0.8078921679031609,0.09720199099223246,0.09490584110460656
0.14,0.8078921679031609,0.09720199099223246,0.09490584110460656
0.16,0.8078921679031609,0.09720199099223246,0.09490584110460656
0.18,0.8078921679031609,0.09720199099223246,0.09490584110460656
0.2,0.8078921679031609,0.09720199099223246,0.09490584110460656
0.22,0.8078921679031609,0.09720199099223246,0.09490584110460656
0.24,0.8078921679031609,0.09720199099223246,0.09490584110460656
0.26,0.8078921679031609,0.09720199099223246,0.09490584110460656
0.28,0.8078921679031609,0.09720199099223246,0.09490584110460656
0.3,0.8078921679031609,0.09720199099223246,0.09490584110460656
0.32,0.8078921679031609,0.09720199099223246,0.09490584110460656
0.34,0.8078921679031609,0.09720199099223246,0.09490584110460656
0.36,0.8078921679031609,0.09720199099223246,0.09490584110460656
0.38,0.8078921679031609,0.09720199099223246,0.09490584110460656
0.4,0.8078921679031609,0.09720199099223246,0.09490584110460656
0.42,0.8078921679031609,0.09720199099223246,0.09490584110460656
0.44,0.8078921679031609,0.09720199099223246,0.09490584110460656
0.46,0.8078921679031609,0.09720199099223246,0.09490584110460656
0.48,0.8078921679031609,0.09720199099223246,0.09490584110460656
0.5,0.8078921679031609,0.09720199099223246,0.09490584110460656
0.52,0.8078921679031609,0.09720199099223246,0.09490584110460656
0.54,0.8078921679031609,0.09720199099223246,0.09490584110460656
0.56,0.8078921679031609,0.09720199099223246,0.09490584110460656
0.58,0.8078921679031609,0.09720199099223246,0.09490584110460656
0.6,0.8078921679031609,0.09720199099223246,0.09490584110460656
0.62,0.8078921679031609,0.09720199099223246,0.09490584110460656
0.64,0.8078921679031609,0.09720199099223246,0.09490584110460656
0.66,0.8078921679031609,0.09720199099223246,0.09490584110460656
0.68,0.8078921679031609,0.09720199099223246,0.09490584110460656
0.7000000000000001,0.8078921679031609,0.09720199099223246,0.09490584110460656
0.72,0.7174586106445963,0.15789549420187698,0.12464589515352667
0.74,0.6270250533860316,0.2185889974115215,0.15438594920244678
0.76,0.5365914961274671,0.279282500621166,0.18412600325136685
0.78,0.4461579388689025,0.3399760038308105,0.21386605730028696
0.8,0.35572438161033787,0.400669507040455,0.24360611134920707
0.8200000000000001,0.2652908243517733,0.4613630102500995,0.27334616539812717
0.84,0.17485726709320873,0.522056513459744,0.3030862194470473
0.86,0.17485726709320873,0.522056513459744,0.3030862194470473
0.88,0.17485726709320873,0.522056513459744,0.3030862194470473
0.9,0.17485726709320873,0.522056513459744,0.3030862194470473
0.92,0.17485726709320873,0.522056513459744,0.3030862194470473
0.9400000000000001,0.17485726709320873,0.522056513459744,0.3030862194470473
0.96,0.17485726709320873,0.522056513459744,0.3030862194470473
0.98,0.17485726709320873,0.522056513459744,0.3030862194470473
1.0,0.17485726709320873,0.522056513459744,0.3030862194470473
