fraction_of_volc,OH,H2O2,TMI
0.0,0.03793538543811439,0.12529516137309143,0.8367694531887943
0.02,0.03793538543811439,0.12529516137309143,0.8367694531887943
0.04,0.03793538543811439,0.12529516137309143,0.8367694531887943
0.06,0.03793538543811439,0.12529516137309143,0.8367694531887943
0.08,0.03793538543811439,0.12529516137309143,0.8367694531887943
0.1,0.03793538543811439,0.12529516137309143,0.8367694531887943
0.12,0.03793538543811439,0.12529516137309143,0.8367694531887943
0.14,0.03793538543811439,0.12529516137309143,0.8367694531887943
0.16,0.1143772708366036,0.12880183390510047,0.756820895258296
0.18,0.1908191562350928,0.13230850643710948,0.6768723373277978
0.2,0.267261041633582,0.1358151789691185,0.5969237793972996
0.22,0.34370292703207117,0.13932185150112752,0.5169752214668013
0.24,0.42014481243056034,0.14282852403313656,0.43702666353630304
0.26,0.4965866978290496,0.14633519656514557,0.35707810560580483
0.28,0.5730285832275388,0.14984186909715458,0.2771295476753066
0.3,0.649470468626028,0.15334854162916361,0.1971809897448083
0.32,0.649470468626028,0.15334854162916361,0.1971809897448083
0.34,0.649470468626028,0.15334854162916361,0.1971809897448083
0.36,0.649470468626028,0.15334854162916361,0.1971809897448083
0.38,0.649470468626028,0.15334854162916361,0.1971809897448083
0.4,0.649470468626028,0.15334854162916361,0.1971809897448083
0.42,0.649470468626028,0.15334854162916361,0.1971809897448083
0.44,0.649470468626028,0.15334854162916361,0.1971809897448083
0.46,0.649470468626028,0.15334854162916361,0.1971809897448083
0.48,0.649470468626028,0.15334854162916361,0.1971809897448083
0.5,0.649470468626028,0.15334854162916361,0.1971809897448083
0.52,0.649470468626028,0.15334854162916361,0.1971809897448083
0.54,0.649470468626028,0.15334854162916361,0.1971809897448083
0.56,0.649470468626028,0.15334854162916361,0.1971809897448083
0.58,0.649470468626028,0.15334854162916361,0.1971809897448083
0.6,0.649470468626028,0.15334854162916361,0.1971809897448083
0.62,0.649470468626028,0.15334854162916361,0.1971809897448083
0.64,0.649470468626028,0.15334854162916361,0.1971809897448083
0.66,0.649470468626028,0.15334854162916361,0.1971809897448083
0.68,0.649470468626028,0.15334854162916361,0.1971809897448083
0.7000000000000001,0.649470468626028,0.15334854162916361,0.1971809897448083
0.72,0.649470468626028,0.15334854162916361,0.1971809897448083
0.74,0.649470468626028,0.15334854162916361,0.1971809897448083
0.76,0.649470468626028,0.15334854162916361,0.1971809897448083
0.78,0.649470468626028,0.15334854162916361,0.1971809897448083
0.8,0.649470468626028,0.15334854162916361,0.1971809897448083
0.8200000000000001,0.649470468626028,0.15334854162916361,0.1971809897448083
0.84,0.649470468626028,0.15334854162916361,0.1971809897448083
0.86,0.649470468626028,0.15334854162916361,0.1971809897448083
0.88,0.649470468626028,0.15334854162916361,0.1971809897448083
0.9,0.649470468626028,0.15334854162916361,0.1971809897448083
0.92,0.649470468626028,0.15334854162916361,0.1971809897448083
0.9400000000000001,0.649470468626028,0.15334854162916361,0.1971809897448083
0.96,0.649470468626028,0.15334854162916361,0.1971809897448083
0.98,0.649470468626028,0.15334854162916361,0.1971809897448083
1.0,0.649470468626028,0.15334854162916361,0.1971809897448083
