fraction_of_volc,OH,H2O2,TMI
0.0,0.5936960904661387,0.20283356190589055,0.20347034762797064
0.02,0.5936960904661387,0.20283356190589055,0.20347034762797064
0.04,0.5936960904661387,0.20283356190589055,0.20347034762797064
0.06,0.5936960904661387,0.20283356190589055,0.20347034762797064
0.08,0.5936960904661387,0.20283356190589055,0.20347034762797064
0.1,0.5936960904661387,0.20283356190589055,0.20347034762797064
0.12,0.598537436994005,0.20743415805131205,0.19402840495468296
0.14,0.6033787835218711,0.21203475419673354,0.18458646228139527
0.16,0.6082201300497374,0.216635350342155,0.17514451960810756
0.18,0.6130614765776036,0.2212359464875765,0.16570257693481988
0.2,0.6179028231054698,0.225836542632998,0.1562606342615322
0.22,0.622744169633336,0.23043713877841948,0.1468186915882445
0.24,0.6275855161612023,0.23503773492384097,0.13737674891495683
0.26,0.6324268626890684,0.23963833106926247,0.12793480624166914
0.28,0.6372682092169347,0.24423892721468393,0.11849286356838144
0.3,0.6421095557448009,0.24883952336010542,0.10905092089509374
0.32,0.6469509022726672,0.2534401195055269,0.09960897822180606
0.34,0.6469509022726672,0.2534401195055269,0.09960897822180606
0.36,0.6469509022726672,0.2534401195055269,0.09960897822180606
0.38,0.6469509022726672,0.2534401195055269,0.09960897822180606
0.4,0.6469509022726672,0.2534401195055269,0.09960897822180606
0.42,0.6469509022726672,0.2534401195055269,0.09960897822180606
0.44,0.6469509022726672,0.2534401195055269,0.09960897822180606
0.46,0.6469509022726672,0.2534401195055269,0.09960897822180606
0.48,0.6469509022726672,0.2534401195055269,0.09960897822180606
0.5,0.6469509022726672,0.2534401195055269,0.09960897822180606
0.52,0.6469509022726672,0.2534401195055269,0.09960897822180606
0.54,0.6469509022726672,0.2534401195055269,0.09960897822180606
0.56,0.6469509022726672,0.2534401195055269,0.09960897822180606
0.58,0.6469509022726672,0.2534401195055269,0.09960897822180606
0.6,0.6469509022726672,0.2534401195055269,0.09960897822180606
0.62,0.6469509022726672,0.2534401195055269,0.09960897822180606
0.64,0.6469509022726672,0.2534401195055269,0.09960897822180606
0.66,0.6469509022726672,0.2534401195055269,0.09960897822180606
0.68,0.6469509022726672,0.2534401195055269,0.09960897822180606
0.7000000000000001,0.6469509022726672,0.2534401195055269,0.09960897822180606
0.72,0.6469509022726672,0.2534401195055269,0.09960897822180606
0.74,0.6469509022726672,0.2534401195055269,0.09960897822180606
0.76,0.6469509022726672,0.2534401195055269,0.09960897822180606
0.78,0.6469509022726672,0.2534401195055269,0.09960897822180606
0.8,0.6469509022726672,0.2534401195055269,0.09960897822180606
0.8200000000000001,0.6469509022726672,0.2534401195055269,0.09960897822180606
0.84,0.6469509022726672,0.2534401195055269,0.09960897822180606
0.86,0.6469509022726672,0.2534401195055269,0.09960897822180606
0.88,0.6469509022726672,0.2534401195055269,0.09960897822180606
0.9,0.6469509022726672,0.2534401195055269,0.09960897822180606
0.92,0.6469509022726672,0.2534401195055269,0.09960897822180606
0.9400000000000001,0.6469509022726672,0.2534401195055269,0.09960897822180606
0.96,0.6469509022726672,0.2534401195055269,0.09960897822180606
0.98,0.6469509022726672,0.2534401195055269,0.09960897822180606
1.0,0.6469509022726672,0.2534401195055269,0.09960897822180606
