fraction_of_volc,OH,H2O2,TMI
0.0,0.704991545525229,0.17497024580459647,0.12003820867017435
0.02,0.704991545525229,0.17497024580459647,0.12003820867017435
0.04,0.704991545525229,0.17497024580459647,0.12003820867017435
0.06,0.704991545525229,0.17497024580459647,0.12003820867017435
0.08,0.704991545525229,0.17497024580459647,0.12003820867017435
0.1,0.704991545525229,0.17497024580459647,0.12003820867017435
0.12,0.704991545525229,0.17497024580459647,0.12003820867017435
0.14,0.704991545525229,0.17497024580459647,0.12003820867017435
0.16,0.704991545525229,0.17497024580459647,0.12003820867017435
0.18,0.704991545525229,0.17497024580459647,0.12003820867017435
0.2,0.704991545525229,0.17497024580459647,0.12003820867017435
0.22,0.704991545525229,0.17497024580459647,0.12003820867017435
0.24,0.704991545525229,0.17497024580459647,0.12003820867017435
0.26,0.704991545525229,0.17497024580459647,0.12003820867017435
0.28,0.704991545525229,0.17497024580459647,0.12003820867017435
0.3,0.704991545525229,0.17497024580459647,0.12003820867017435
0.32,0.704991545525229,0.17497024580459647,0.12003820867017435
0.34,0.704991545525229,0.17497024580459647,0.12003820867017435
0.36,0.679578539600643,0.16800088745530042,0.15242057294405645
0.38,0.654165533676057,0.16103152910600435,0.18480293721793856
0.4,0.628752527751471,0.1540621707567083,0.21718530149182064
0.42,0.6033395218268849,0.14709281240741226,0.24956766576570272
0.44,0.5779265159022988,0.14012345405811621,0.2819500300395848
0.46,0.5525135099777129,0.13315409570882014,0.31433239431346693
0.48,0.5271005040531268,0.1261847373595241,0.346714758587349
0.5,0.5016874981285407,0.11921537901022805,0.3790971228612311
0.52,0.47627449220395474,0.11224602066093199,0.4114794871351132
0.54,0.45086148627936873,0.10527666231163593,0.44386185140899526
0.56,0.42544848035478267,0.09830730396233989,0.4762442156828774
0.58,0.40003547443019666,0.09133794561304383,0.5086265799567595
0.6,0.3746224685056106,0.08436858726374778,0.5410089442306416
0.62,0.3492094625810246,0.07739922891445172,0.5733913085045237
0.64,0.3237964566564385,0.07042987056515568,0.6057736727784058
0.66,0.2983834507318525,0.06346051221585962,0.6381560370522879
0.68,0.2729704448072665,0.05649115386656356,0.6705384013261699
0.7000000000000001,0.24755743888268045,0.049521795517267514,0.702920765600052
0.72,0.22214443295809444,0.04255243716797147,0.7353031298739341
0.74,0.19673142703350843,0.035583078818675395,0.7676854941478162
0.76,0.17131842110892237,0.02861372046937935,0.8000678584216984
0.78,0.1459054151843363,0.021644362120083305,0.8324502226955804
0.8,0.12049240925975024,0.01467500377078726,0.8648325869694625
0.8200000000000001,0.09507940333516429,0.0077056454214911845,0.8972149512433446
0.84,0.09507940333516429,0.0077056454214911845,0.8972149512433446
0.86,0.09507940333516429,0.0077056454214911845,0.8972149512433446
0.88,0.09507940333516429,0.0077056454214911845,0.8972149512433446
0.9,0.09507940333516429,0.0077056454214911845,0.8972149512433446
0.92,0.09507940333516429,0.0077056454214911845,0.8972149512433446
0.9400000000000001,0.09507940333516429,0.0077056454214911845,0.8972149512433446
0.96,0.09507940333516429,0.0077056454214911845,0.8972149512433446
0.98,0.09507940333516429,0.0077056454214911845,0.8972149512433446
1.0,0.09507940333516429,0.0077056454214911845,0.8972149512433446
