fraction_of_volc,OH,H2O2,TMI
0.0,0.7540309654340951,0.08419606798190338,0.16177296658400142
0.02,0.7540309654340951,0.08419606798190338,0.16177296658400142
0.04,0.7540309654340951,0.08419606798190338,0.16177296658400142
0.06,0.7434184411846658,0.09110443143341534,0.1654771273819187
0.08,0.7328059169352366,0.09801279488492731,0.169181288179836
0.1,0.7221933926858073,0.10492115833643928,0.17288544897775326
0.12,0.7115808684363781,0.11182952178795125,0.17658960977567054
0.14,0.7009683441869489,0.11873788523946321,0.1802937705735878
0.16,0.6903558199375196,0.12564624869097518,0.1839979313715051
0.18,0.6797432956880903,0.13255461214248715,0.18770209216942238
0.2,0.6691307714386611,0.13946297559399912,0.19140625296733965
0.22,0.6585182471892319,0.14637133904551108,0.19511041376525695
0.24,0.6479057229398026,0.15327970249702305,0.19881457456317422
0.26,0.6372931986903734,0.16018806594853502,0.2025187353610915
0.28,0.6266806744409441,0.167096429400047,0.2062228961590088
0.3,0.6160681501915148,0.17400479285155895,0.20992705695692607
0.32,0.6054556259420856,0.18091315630307092,0.21363121775484334
0.34,0.5948431016926563,0.1878215197545829,0.21733537855276064
0.36,0.5842305774432272,0.19472988320609486,0.2210395393506779
0.38,0.5736180531937979,0.20163824665760682,0.22474370014859518
0.4,0.5630055289443686,0.2085466101091188,0.22844786094651248
0.42,0.5523930046949393,0.21545497356063076,0.23215202174442973
0.44,0.5417804804455102,0.22236333701214273,0.23585618254234703
0.46,0.5311679561960809,0.2292717004636547,0.2395603433402643
0.48,0.5205554319466517,0.23618006391516666,0.24326450413818157
0.5,0.5099429076972224,0.24308842736667863,0.24696866493609887
0.52,0.4993303834477931,0.2499967908181906,0.25067282573401617
0.54,0.4887178591983639,0.25690515426970256,0.2543769865319334
0.56,0.47810533494893465,0.26381351772121453,0.2580811473298507
0.58,0.4674928106995054,0.2707218811727265,0.261785308127768
0.6,0.45688028645007617,0.27763024462423846,0.26548946892568526
0.62,0.4462677622006469,0.28453860807575043,0.26919362972360256
0.64,0.43565523795121763,0.2914469715272624,0.27289779052151986
0.66,0.4250427137017884,0.29835533497877437,0.2766019513194371
0.68,0.41443018945235915,0.30526369843028633,0.2803061121173544
0.7000000000000001,0.4038176652029299,0.3121720618817983,0.2840102729152717
0.72,0.3932051409535007,0.31908042533331027,0.28771443371318894
0.74,0.3825926167040714,0.32598878878482224,0.2914185945111062
0.76,0.37198009245464214,0.3328971522363342,0.29512275530902354
0.78,0.36136756820521293,0.33980551568784617,0.2988269161069408
0.8,0.35075504395578366,0.34671387913935814,0.30253107690485803
0.8200000000000001,0.3401425197063544,0.3536222425908701,0.3062352377027754
0.84,0.3295299954569252,0.3605306060423821,0.30993939850069263
0.86,0.3295299954569252,0.3605306060423821,0.30993939850069263
0.88,0.3295299954569252,0.3605306060423821,0.30993939850069263
0.9,0.3295299954569252,0.3605306060423821,0.30993939850069263
0.92,0.3295299954569252,0.3605306060423821,0.30993939850069263
0.9400000000000001,0.3295299954569252,0.3605306060423821,0.30993939850069263
0.96,0.3295299954569252,0.3605306060423821,0.30993939850069263
0.98,0.3295299954569252,0.3605306060423821,0.30993939850069263
1.0,0.3295299954569252,0.3605306060423821,0.30993939850069263
