fraction_of_volc,OH,H2O2,TMI
0.0,0.4099018585085946,0.2909125583941034,0.299185583097302
0.02,0.4099018585085946,0.2909125583941034,0.299185583097302
0.04,0.4099018585085946,0.2909125583941034,0.299185583097302
0.06,0.4099018585085946,0.2909125583941034,0.299185583097302
0.08,0.4099018585085946,0.2909125583941034,0.299185583097302
0.1,0.4099018585085946,0.2909125583941034,0.299185583097302
0.12,0.4099018585085946,0.2909125583941034,0.299185583097302
0.14,0.4099018585085946,0.2909125583941034,0.299185583097302
0.16,0.4099018585085946,0.2909125583941034,0.299185583097302
0.18,0.4099018585085946,0.2909125583941034,0.299185583097302
0.2,0.4099018585085946,0.2909125583941034,0.299185583097302
0.22,0.4099018585085946,0.2909125583941034,0.299185583097302
0.24,0.4099018585085946,0.2909125583941034,0.299185583097302
0.26,0.4099018585085946,0.2909125583941034,0.299185583097302
0.28,0.4099018585085946,0.2909125583941034,0.299185583097302
0.3,0.4099018585085946,0.2909125583941034,0.299185583097302
0.32,0.4099018585085946,0.2909125583941034,0.299185583097302
0.34,0.4099018585085946,0.2909125583941034,0.299185583097302
0.36,0.4099018585085946,0.2909125583941034,0.299185583097302
0.38,0.4099018585085946,0.2909125583941034,0.299185583097302
0.4,0.4099018585085946,0.2909125583941034,0.299185583097302
0.42,0.4099018585085946,0.2909125583941034,0.299185583097302
0.44,0.4099018585085946,0.2909125583941034,0.299185583097302
0.46,0.4099018585085946,0.2909125583941034,0.299185583097302
0.48,0.4099018585085946,0.2909125583941034,0.299185583097302
0.5,0.4099018585085946,0.2909125583941034,0.299185583097302
0.52,0.38215036182894163,0.281140399593469,0.3367092385775894
0.54,0.35439886514928864,0.27136824079283456,0.37423289405787674
0.56,0.3266473684696357,0.2615960819922002,0.41175654953816415
0.58,0.2988958717899827,0.25182392319156577,0.44928020501845156
0.6,0.27114437511032974,0.24205176439093135,0.4868038604987389
0.62,0.24339287843067675,0.23227960559029692,0.5243275159790264
0.64,0.2156413817510238,0.2225074467896625,0.5618511714593137
0.66,0.1878898850713708,0.21273528798902808,0.5993748269396011
0.68,0.16013838839171782,0.20296312918839368,0.6368984824198884
0.7000000000000001,0.13238689171206486,0.19319097038775926,0.6744221379001758
0.72,0.10463539503241187,0.18341881158712486,0.7119457933804633
0.74,0.0768838983527589,0.17364665278649044,0.7494694488607506
0.76,0.0768838983527589,0.17364665278649044,0.7494694488607506
0.78,0.0768838983527589,0.17364665278649044,0.7494694488607506
0.8,0.0768838983527589,0.17364665278649044,0.7494694488607506
0.8200000000000001,0.0768838983527589,0.17364665278649044,0.7494694488607506
0.84,0.0768838983527589,0.17364665278649044,0.7494694488607506
0.86,0.0768838983527589,0.17364665278649044,0.7494694488607506
0.88,0.0768838983527589,0.17364665278649044,0.7494694488607506
0.9,0.0768838983527589,0.17364665278649044,0.7494694488607506
0.92,0.0768838983527589,0.17364665278649044,0.7494694488607506
0.9400000000000001,0.0768838983527589,0.17364665278649044,0.7494694488607506
0.96,0.0768838983527589,0.17364665278649044,0.7494694488607506
0.98,0.0768838983527589,0.17364665278649044,0.7494694488607506
1.0,0.0768838983527589,0.17364665278649044,0.7494694488607506
