fraction_of_volc,OH,H2O2,TMI
0.0,0.8021434885291573,0.02199125910496136,0.17586525236588135
0.02,0.8021434885291573,0.02199125910496136,0.17586525236588135
0.04,0.8021434885291573,0.02199125910496136,0.17586525236588135
0.06,0.8021434885291573,0.02199125910496136,0.17586525236588135
0.08,0.8021434885291573,0.02199125910496136,0.17586525236588135
0.1,0.8021434885291573,0.02199125910496136,0.17586525236588135
0.12,0.8021434885291573,0.02199125910496136,0.17586525236588135
0.14,0.8021434885291573,0.02199125910496136,0.17586525236588135
0.16,0.8021434885291573,0.02199125910496136,0.17586525236588135
0.18,0.8021434885291573,0.02199125910496136,0.17586525236588135
0.2,0.8021434885291573,0.02199125910496136,0.17586525236588135
0.22,0.8021434885291573,0.02199125910496136,0.17586525236588135
0.24,0.8021434885291573,0.02199125910496136,0.17586525236588135
0.26,0.8021434885291573,0.02199125910496136,0.17586525236588135
0.28,0.8021434885291573,0.02199125910496136,0.17586525236588135
0.3,0.8021434885291573,0.02199125910496136,0.17586525236588135
0.32,0.8021434885291573,0.02199125910496136,0.17586525236588135
0.34,0.8021434885291573,0.02199125910496136,0.17586525236588135
0.36,0.8021434885291573,0.02199125910496136,0.17586525236588135
0.38,0.8021434885291573,0.02199125910496136,0.17586525236588135
0.4,0.8021434885291573,0.02199125910496136,0.17586525236588135
0.42,0.8021434885291573,0.02199125910496136,0.17586525236588135
0.44,0.8021434885291573,0.02199125910496136,0.17586525236588135
0.46,0.8021434885291573,0.02199125910496136,0.17586525236588135
0.48,0.8021434885291573,0.02199125910496136,0.17586525236588135
0.5,0.8021434885291573,0.02199125910496136,0.17586525236588135
0.52,0.8021434885291573,0.02199125910496136,0.17586525236588135
0.54,0.8021434885291573,0.02199125910496136,0.17586525236588135
0.56,0.8021434885291573,0.02199125910496136,0.17586525236588135
0.58,0.8021434885291573,0.02199125910496136,0.17586525236588135
0.6,0.8021434885291573,0.02199125910496136,0.17586525236588135
0.62,0.8021434885291573,0.02199125910496136,0.17586525236588135
0.64,0.8021434885291573,0.02199125910496136,0.17586525236588135
0.66,0.8021434885291573,0.02199125910496136,0.17586525236588135
0.68,0.8021434885291573,0.02199125910496136,0.17586525236588135
0.7000000000000001,0.8021434885291573,0.02199125910496136,0.17586525236588135
0.72,0.8021434885291573,0.02199125910496136,0.17586525236588135
0.74,0.8021434885291573,0.02199125910496136,0.17586525236588135
0.76,0.737235141950869,0.02606245248112682,0.2367024055680042
0.78,0.6723267953725807,0.03013364585729228,0.29753955877012705
0.8,0.6074184487942924,0.03420483923345774,0.35837671197224996
0.8200000000000001,0.5425101022160042,0.0382760326096232,0.41921386517437276
0.84,0.4776017556377158,0.04234722598578866,0.48005101837649566
0.86,0.41269340905942753,0.046418419361954115,0.5408881715786185
0.88,0.3477850624811392,0.050489612738119576,0.6017253247807414
0.9,0.3477850624811392,0.050489612738119576,0.6017253247807414
0.92,0.3477850624811392,0.050489612738119576,0.6017253247807414
0.9400000000000001,0.3477850624811392,0.050489612738119576,0.6017253247807414
0.96,0.3477850624811392,0.050489612738119576,0.6017253247807414
0.98,0.3477850624811392,0.050489612738119576,0.6017253247807414
1.0,0.3477850624811392,0.050489612738119576,0.6017253247807414
