fraction_of_volc,OH,H2O2,TMI
0.0,0.041110152133858456,0.6033007142203658,0.35558913364577577
0.02,0.041110152133858456,0.6033007142203658,0.35558913364577577
0.04,0.041110152133858456,0.6033007142203658,0.35558913364577577
0.06,0.041110152133858456,0.6033007142203658,0.35558913364577577
0.08,0.041110152133858456,0.6033007142203658,0.35558913364577577
0.1,0.041110152133858456,0.6033007142203658,0.35558913364577577
0.12,0.041110152133858456,0.6033007142203658,0.35558913364577577
0.14,0.041110152133858456,0.6033007142203658,0.35558913364577577
0.16,0.041110152133858456,0.6033007142203658,0.35558913364577577
0.18,0.041110152133858456,0.6033007142203658,0.35558913364577577
0.2,0.041110152133858456,0.6033007142203658,0.35558913364577577
0.22,0.041110152133858456,0.6033007142203658,0.35558913364577577
0.24,0.041110152133858456,0.6033007142203658,0.35558913364577577
0.26,0.041110152133858456,0.6033007142203658,0.35558913364577577
0.28,0.041110152133858456,0.6033007142203658,0.35558913364577577
0.3,0.041110152133858456,0.6033007142203658,0.35558913364577577
0.32,0.041110152133858456,0.6033007142203658,0.35558913364577577
0.34,0.041110152133858456,0.6033007142203658,0.35558913364577577
0.36,0.041110152133858456,0.6033007142203658,0.35558913364577577
0.38,0.041110152133858456,0.6033007142203658,0.35558913364577577
0.4,0.041110152133858456,0.6033007142203658,0.35558913364577577
0.42,0.041110152133858456,0.6033007142203658,0.35558913364577577
0.44,0.041110152133858456,0.6033007142203658,0.35558913364577577
0.46,0.041110152133858456,0.6033007142203658,0.35558913364577577
0.48,0.041110152133858456,0.6033007142203658,0.35558913364577577
0.5,0.041110152133858456,0.6033007142203658,0.35558913364577577
0.52,0.041110152133858456,0.6033007142203658,0.35558913364577577
0.54,0.041110152133858456,0.6033007142203658,0.35558913364577577
0.56,0.041110152133858456,0.6033007142203658,0.35558913364577577
0.58,0.041110152133858456,0.6033007142203658,0.35558913364577577
0.6,0.041110152133858456,0.6033007142203658,0.35558913364577577
0.62,0.041110152133858456,0.6033007142203658,0.35558913364577577
0.64,0.041110152133858456,0.6033007142203658,0.35558913364577577
0.66,0.041110152133858456,0.6033007142203658,0.35558913364577577
0.68,0.041110152133858456,0.6033007142203658,0.35558913364577577
0.7000000000000001,0.041110152133858456,0.6033007142203658,0.35558913364577577
0.72,0.041110152133858456,0.6033007142203658,0.35558913364577577
0.74,0.041110152133858456,0.6033007142203658,0.35558913364577577
0.76,0.041110152133858456,0.6033007142203658,0.35558913364577577
0.78,0.041110152133858456,0.6033007142203658,0.35558913364577577
0.8,0.112810756865729,0.5638229120542468,0.3233663310800241
0.8200000000000001,0.18451136159759957,0.524345109888128,0.2911435285142725
0.84,0.2562119663294701,0.48486730772200903,0.25892072594852084
0.86,0.32791257106134064,0.44538950555589013,0.22669792338276917
0.88,0.3996131757932112,0.40591170338977123,0.1944751208170175
0.9,0.4713137805250817,0.36643390122365227,0.16225231825126588
0.92,0.5430143852569523,0.32695609905753337,0.13002951568551424
0.9400000000000001,0.6147149899888229,0.28747829689141446,0.09780671311976258
0.96,0.6864155947206935,0.24800049472529556,0.06558391055401092
0.98,0.758116199452564,0.20852269255917663,0.033361107988259274
1.0,0.758116199452564,0.20852269255917663,0.033361107988259274
