fraction_of_volc,OH,H2O2,TMI
0.0,0.33538960600412343,0.1261931616016443,0.5384172323942323
0.02,0.33538960600412343,0.1261931616016443,0.5384172323942323
0.04,0.33538960600412343,0.1261931616016443,0.5384172323942323
0.06,0.33538960600412343,0.1261931616016443,0.5384172323942323
0.08,0.33538960600412343,0.1261931616016443,0.5384172323942323
0.1,0.33538960600412343,0.1261931616016443,0.5384172323942323
0.12,0.33538960600412343,0.1261931616016443,0.5384172323942323
0.14,0.33538960600412343,0.1261931616016443,0.5384172323942323
0.16,0.33538960600412343,0.1261931616016443,0.5384172323942323
0.18,0.33538960600412343,0.1261931616016443,0.5384172323942323
0.2,0.33538960600412343,0.1261931616016443,0.5384172323942323
0.22,0.33538960600412343,0.1261931616016443,0.5384172323942323
0.24,0.33538960600412343,0.1261931616016443,0.5384172323942323
0.26,0.32593561688249423,0.12696411246613884,0.547100270651367
0.28,0.316481627760865,0.1277350633306334,0.5557833089085017
0.3,0.3070276386392358,0.12850601419512794,0.5644663471656363
0.32,0.29757364951760656,0.12927696505962252,0.5731493854227709
0.34,0.28811966039597736,0.13004791592411707,0.5818324236799056
0.36,0.27866567127434816,0.13081886678861163,0.5905154619370403
0.38,0.26921168215271896,0.13158981765310618,0.599198500194175
0.4,0.25975769303108975,0.13236076851760073,0.6078815384513095
0.42,0.25030370390946055,0.13313171938209528,0.6165645767084442
0.44,0.24084971478783135,0.13390267024658986,0.6252476149655789
0.46,0.23139572566620212,0.1346736211110844,0.6339306532227136
0.48,0.22194173654457292,0.13544457197557896,0.6426136914798481
0.5,0.2124877474229437,0.13621552284007352,0.6512967297369828
0.52,0.20303375830131448,0.13698647370456807,0.6599797679941175
0.54,0.19357976917968528,0.13775742456906262,0.6686628062512522
0.56,0.18412578005805608,0.13852837543355717,0.6773458445083869
0.58,0.17467179093642687,0.13929932629805175,0.6860288827655214
0.6,0.16521780181479767,0.1400702771625463,0.6947119210226561
0.62,0.15576381269316844,0.14084122802704085,0.7033949592797908
0.64,0.15576381269316844,0.14084122802704085,0.7033949592797908
0.66,0.15576381269316844,0.14084122802704085,0.7033949592797908
0.68,0.15576381269316844,0.14084122802704085,0.7033949592797908
0.7000000000000001,0.15576381269316844,0.14084122802704085,0.7033949592797908
0.72,0.15576381269316844,0.14084122802704085,0.7033949592797908
0.74,0.15576381269316844,0.14084122802704085,0.7033949592797908
0.76,0.15576381269316844,0.14084122802704085,0.7033949592797908
0.78,0.15576381269316844,0.14084122802704085,0.7033949592797908
0.8,0.15576381269316844,0.14084122802704085,0.7033949592797908
0.8200000000000001,0.15576381269316844,0.14084122802704085,0.7033949592797908
0.84,0.15576381269316844,0.14084122802704085,0.7033949592797908
0.86,0.15576381269316844,0.14084122802704085,0.7033949592797908
0.88,0.15576381269316844,0.14084122802704085,0.7033949592797908
0.9,0.15576381269316844,0.14084122802704085,0.7033949592797908
0.92,0.15576381269316844,0.14084122802704085,0.7033949592797908
0.9400000000000001,0.15576381269316844,0.14084122802704085,0.7033949592797908
0.96,0.15576381269316844,0.14084122802704085,0.7033949592797908
0.98,0.15576381269316844,0.14084122802704085,0.7033949592797908
1.0,0.15576381269316844,0.14084122802704085,0.7033949592797908
