fraction_of_volc,OH,H2O2,TMI
0.0,0.08084422237342033,0.8761587489611694,0.04299702866541029
0.02,0.08084422237342033,0.8761587489611694,0.04299702866541029
0.04,0.08084422237342033,0.8761587489611694,0.04299702866541029
0.06,0.08084422237342033,0.8761587489611694,0.04299702866541029
0.08,0.08084422237342033,0.8761587489611694,0.04299702866541029
0.1,0.08084422237342033,0.8761587489611694,0.04299702866541029
0.12,0.08084422237342033,0.8761587489611694,0.04299702866541029
0.14,0.08084422237342033,0.8761587489611694,0.04299702866541029
0.16,0.08084422237342033,0.8761587489611694,0.04299702866541029
0.18,0.08084422237342033,0.8761587489611694,0.04299702866541029
0.2,0.08084422237342033,0.8761587489611694,0.04299702866541029
0.22,0.08084422237342033,0.8761587489611694,0.04299702866541029
0.24,0.08084422237342033,0.8761587489611694,0.04299702866541029
0.26,0.08084422237342033,0.8761587489611694,0.04299702866541029
0.28,0.08084422237342033,0.8761587489611694,0.04299702866541029
0.3,0.08084422237342033,0.8761587489611694,0.04299702866541029
0.32,0.08084422237342033,0.8761587489611694,0.04299702866541029
0.34,0.08084422237342033,0.8761587489611694,0.04299702866541029
0.36,0.08084422237342033,0.8761587489611694,0.04299702866541029
0.38,0.08084422237342033,0.8761587489611694,0.04299702866541029
0.4,0.08084422237342033,0.8761587489611694,0.04299702866541029
0.42,0.08084422237342033,0.8761587489611694,0.04299702866541029
0.44,0.08149076438830333,0.863011826299363,0.05549740931233367
0.46,0.08213730640318632,0.8498649036375566,0.06799778995925707
0.48,0.08278384841806932,0.8367179809757502,0.08049817060618045
0.5,0.08343039043295232,0.8235710583139438,0.09299855125310383
0.52,0.08407693244783532,0.8104241356521374,0.10549893190002721
0.54,0.08472347446271832,0.7972772129903312,0.1179993125469506
0.56,0.08537001647760131,0.7841302903285248,0.130499693193874
0.58,0.08601655849248431,0.7709833676667184,0.14300007384079738
0.6,0.08666310050736731,0.757836445004912,0.15550045448772076
0.62,0.0873096425222503,0.7446895223431056,0.16800083513464414
0.64,0.0879561845371333,0.7315425996812992,0.18050121578156753
0.66,0.08860272655201629,0.7183956770194928,0.1930015964284909
0.68,0.0892492685668993,0.7052487543576864,0.2055019770754143
0.7000000000000001,0.08989581058178228,0.69210183169588,0.21800235772233767
0.72,0.09054235259666528,0.6789549090340736,0.23050273836926105
0.74,0.09118889461154828,0.6658079863722672,0.24300311901618443
0.76,0.09183543662643127,0.6526610637104608,0.2555034996631078
0.78,0.09248197864131427,0.6395141410486544,0.2680038803100312
0.8,0.09312852065619727,0.6263672183868481,0.2805042609569546
0.8200000000000001,0.09377506267108027,0.6132202957250417,0.29300464160387796
0.84,0.09442160468596326,0.6000733730632353,0.30550502225080134
0.86,0.09506814670084626,0.5869264504014289,0.3180054028977247
0.88,0.09571468871572926,0.5737795277396226,0.3305057835446481
0.9,0.09636123073061226,0.5606326050778162,0.34300616419157154
0.92,0.09700777274549525,0.5474856824160098,0.3555065448384949
0.9400000000000001,0.09765431476037825,0.5343387597542034,0.3680069254854183
0.96,0.09765431476037825,0.5343387597542034,0.3680069254854183
0.98,0.09765431476037825,0.5343387597542034,0.3680069254854183
1.0,0.09765431476037825,0.5343387597542034,0.3680069254854183
