fraction_of_volc,OH,H2O2,TMI
0.0,0.2766101748311691,0.01352868057385832,0.7098611445949725
0.02,0.2766101748311691,0.01352868057385832,0.7098611445949725
0.04,0.2744270995779596,0.01687208254855607,0.7087008178734843
0.06,0.2722440243247501,0.02021548452325382,0.7075404911519961
0.08,0.27006094907154055,0.02355888649795157,0.7063801644305079
0.1,0.267877873818331,0.02690228847264932,0.7052198377090196
0.12,0.26569479856512146,0.030245690447347068,0.7040595109875314
0.14,0.26351172331191197,0.03358909242204482,0.7028991842660433
0.16,0.26132864805870243,0.036932494396742566,0.701738857544555
0.18,0.2591455728054929,0.040275896371440315,0.7005785308230668
0.2,0.25696249755228334,0.04361929834613806,0.6994182041015785
0.22,0.25477942229907385,0.04696270032083581,0.6982578773800904
0.24,0.2525963470458643,0.05030610229553356,0.6970975506586021
0.26,0.25041327179265477,0.053649504270231324,0.6959372239371139
0.28,0.24823019653944525,0.05699290624492907,0.6947768972156256
0.3,0.24604712128623574,0.06033630821962682,0.6936165704941375
0.32,0.2438640460330262,0.06367971019432457,0.6924562437726492
0.34,0.24168097077981665,0.06702311216902232,0.691295917051161
0.36,0.23949789552660714,0.07036651414372007,0.6901355903296728
0.38,0.23731482027339762,0.07370991611841782,0.6889752636081846
0.4,0.23513174502018808,0.07705331809311557,0.6878149368866964
0.42,0.23294866976697853,0.08039672006781332,0.6866546101652081
0.44,0.23076559451376902,0.08374012204251106,0.6854942834437199
0.46,0.2285825192605595,0.08708352401720881,0.6843339567222317
0.48,0.22639944400734996,0.09042692599190656,0.6831736300007435
0.5,0.22421636875414044,0.09377032796660432,0.6820133032792552
0.52,0.2220332935009309,0.09711372994130207,0.6808529765577671
0.54,0.21985021824772139,0.10045713191599982,0.6796926498362789
0.56,0.21766714299451184,0.10380053389069757,0.6785323231147906
0.58,0.21548406774130233,0.10714393586539532,0.6773719963933024
0.6,0.2133009924880928,0.11048733784009307,0.6762116696718142
0.62,0.21111791723488327,0.11383073981479082,0.675051342950326
0.64,0.20893484198167372,0.11717414178948857,0.6738910162288377
0.66,0.2067517667284642,0.12051754376418632,0.6727306895073495
0.68,0.2045686914752547,0.12386094573888407,0.6715703627858614
0.7000000000000001,0.20238561622204515,0.1272043477135818,0.6704100360643731
0.72,0.2002025409688356,0.13054774968827956,0.6692497093428849
0.74,0.1980194657156261,0.1338911516629773,0.6680893826213966
0.76,0.19583639046241658,0.13723455363767506,0.6669290558999085
0.78,0.19365331520920703,0.1405779556123728,0.6657687291784202
0.8,0.1914702399559975,0.14392135758707056,0.664608402456932
0.8200000000000001,0.18928716470278797,0.1472647595617683,0.6634480757354437
0.84,0.18710408944957846,0.15060816153646606,0.6622877490139556
0.86,0.18492101419636892,0.1539515635111638,0.6611274222924673
0.88,0.18492101419636892,0.1539515635111638,0.6611274222924673
0.9,0.18492101419636892,0.1539515635111638,0.6611274222924673
0.92,0.18492101419636892,0.1539515635111638,0.6611274222924673
0.9400000000000001,0.18492101419636892,0.1539515635111638,0.6611274222924673
0.96,0.18492101419636892,0.1539515635111638,0.6611274222924673
0.98,0.18492101419636892,0.1539515635111638,0.6611274222924673
1.0,0.18492101419636892,0.1539515635111638,0.6611274222924673
