fraction_of_volc,OH,H2O2,TMI
0.0,0.19850590228283982,0.40447707141231726,0.39701702630484276
0.02,0.19850590228283982,0.40447707141231726,0.39701702630484276
0.04,0.19850590228283982,0.40447707141231726,0.39701702630484276
0.06,0.19850590228283982,0.40447707141231726,0.39701702630484276
0.08,0.19850590228283982,0.40447707141231726,0.39701702630484276
0.1,0.19850590228283982,0.40447707141231726,0.39701702630484276
0.12,0.19850590228283982,0.40447707141231726,0.39701702630484276
0.14,0.19850590228283982,0.40447707141231726,0.39701702630484276
0.16,0.19850590228283982,0.40447707141231726,0.39701702630484276
0.18,0.19850590228283982,0.40447707141231726,0.39701702630484276
0.2,0.19850590228283982,0.40447707141231726,0.39701702630484276
0.22,0.19850590228283982,0.40447707141231726,0.39701702630484276
0.24,0.19850590228283982,0.40447707141231726,0.39701702630484276
0.26,0.19850590228283982,0.40447707141231726,0.39701702630484276
0.28,0.19850590228283982,0.40447707141231726,0.39701702630484276
0.3,0.19850590228283982,0.40447707141231726,0.39701702630484276
0.32,0.19850590228283982,0.40447707141231726,0.39701702630484276
0.34,0.19850590228283982,0.40447707141231726,0.39701702630484276
0.36,0.19850590228283982,0.40447707141231726,0.39701702630484276
0.38,0.19850590228283982,0.40447707141231726,0.39701702630484276
0.4,0.19850590228283982,0.40447707141231726,0.39701702630484276
0.42,0.19850590228283982,0.40447707141231726,0.39701702630484276
0.44,0.19850590228283982,0.40447707141231726,0.39701702630484276
0.46,0.19850590228283982,0.40447707141231726,0.39701702630484276
0.48,0.19850590228283982,0.40447707141231726,0.39701702630484276
0.5,0.19850590228283982,0.40447707141231726,0.39701702630484276
0.52,0.19850590228283982,0.40447707141231726,0.39701702630484276
0.54,0.19850590228283982,0.40447707141231726,0.39701702630484276
0.56,0.19850590228283982,0.40447707141231726,0.39701702630484276
0.58,0.19850590228283982,0.40447707141231726,0.39701702630484276
0.6,0.19850590228283982,0.40447707141231726,0.39701702630484276
0.62,0.19850590228283982,0.40447707141231726,0.39701702630484276
0.64,0.19850590228283982,0.40447707141231726,0.39701702630484276
0.66,0.19850590228283982,0.40447707141231726,0.39701702630484276
0.68,0.19850590228283982,0.40447707141231726,0.39701702630484276
0.7000000000000001,0.19850590228283982,0.40447707141231726,0.39701702630484276
0.72,0.19850590228283982,0.40447707141231726,0.39701702630484276
0.74,0.2427883008988719,0.3739647301032081,0.3832469689979198
0.76,0.287070699514904,0.34345238879409895,0.3694769116909969
0.78,0.3313530981309361,0.3129400474849898,0.355706854384074
0.8,0.37563549674696817,0.28242770617588064,0.3419367970771511
0.8200000000000001,0.4199178953630003,0.25191536486677146,0.32816673977022814
0.84,0.4642002939790324,0.22140302355766234,0.3143966824633052
0.86,0.5084826925950645,0.19089068224855318,0.3006266251563823
0.88,0.5527650912110966,0.16037834093944403,0.28685656784945934
0.9,0.5970474898271287,0.12986599963033485,0.27308651054253646
0.92,0.6413298884431607,0.09935365832122574,0.25931645323561353
0.9400000000000001,0.6413298884431607,0.09935365832122574,0.25931645323561353
0.96,0.6413298884431607,0.09935365832122574,0.25931645323561353
0.98,0.6413298884431607,0.09935365832122574,0.25931645323561353
1.0,0.6413298884431607,0.09935365832122574,0.25931645323561353
