fraction_of_volc,OH,H2O2,TMI
0.0,0.07678820970721795,0.4407908187173739,0.4824209715754082
0.02,0.07678820970721795,0.4407908187173739,0.4824209715754082
0.04,0.07678820970721795,0.4407908187173739,0.4824209715754082
0.06,0.07678820970721795,0.4407908187173739,0.4824209715754082
0.08,0.07678820970721795,0.4407908187173739,0.4824209715754082
0.1,0.07678820970721795,0.4407908187173739,0.4824209715754082
0.12,0.07678820970721795,0.4407908187173739,0.4824209715754082
0.14,0.07678820970721795,0.4407908187173739,0.4824209715754082
0.16,0.07678820970721795,0.4407908187173739,0.4824209715754082
0.18,0.07678820970721795,0.4407908187173739,0.4824209715754082
0.2,0.07678820970721795,0.4407908187173739,0.4824209715754082
0.22,0.07678820970721795,0.4407908187173739,0.4824209715754082
0.24,0.07678820970721795,0.4407908187173739,0.4824209715754082
0.26,0.07678820970721795,0.4407908187173739,0.4824209715754082
0.28,0.07678820970721795,0.4407908187173739,0.4824209715754082
0.3,0.07678820970721795,0.4407908187173739,0.4824209715754082
0.32,0.07678820970721795,0.4407908187173739,0.4824209715754082
0.34,0.07678820970721795,0.4407908187173739,0.4824209715754082
0.36,0.08555688403085043,0.445260690320023,0.46918242564912654
0.38,0.09432555835448293,0.4497305619226722,0.45594387972284495
0.4,0.10309423267811543,0.4542004335253213,0.4427053337965633
0.42,0.11186290700174792,0.45867030512797047,0.42946678787028164
0.44,0.1206315813253804,0.4631401767306196,0.416228241944
0.46,0.12940025564901292,0.46761004833326875,0.4029896960177184
0.48,0.1381689299726454,0.47207991993591786,0.38975115009143674
0.5,0.1469376042962779,0.476549791538567,0.3765126041651551
0.52,0.15570627861991038,0.48101966314121614,0.3632740582388735
0.54,0.16447495294354286,0.48548953474386525,0.35003551231259183
0.56,0.17324362726717538,0.4899594063465144,0.3367969663863102
0.58,0.18201230159080786,0.4944292779491636,0.3235584204600286
0.6,0.19078097591444035,0.4988991495518127,0.31031987453374693
0.62,0.19954965023807286,0.5033690211544618,0.2970813286074653
0.64,0.20831832456170535,0.5078388927571109,0.2838427826811837
0.66,0.21708699888533783,0.5123087643597601,0.27060423675490203
0.68,0.22585567320897032,0.5167786359624092,0.2573656908286204
0.7000000000000001,0.2346243475326028,0.5212485075650584,0.24412714490233875
0.72,0.24339302185623532,0.5257183791677075,0.23088859897605712
0.74,0.25216169617986783,0.5301882507703566,0.21765005304977547
0.76,0.2609303705035003,0.5346581223730058,0.20441150712349387
0.78,0.2696990448271328,0.5391279939756549,0.19117296119721222
0.8,0.2784677191507653,0.543597865578304,0.17793441527093057
0.8200000000000001,0.2872363934743978,0.5480677371809533,0.16469586934464897
0.84,0.29600506779803026,0.5525376087836024,0.15145732341836732
0.86,0.30477374212166275,0.5570074803862515,0.13821877749208566
0.88,0.31354241644529524,0.5614773519889006,0.12498023156580401
0.9,0.3223110907689277,0.5659472235915497,0.11174168563952241
0.92,0.33107976509256026,0.5704170951941989,0.09850313971324076
0.9400000000000001,0.33984843941619275,0.574886966796848,0.08526459378695911
0.96,0.34861711373982524,0.5793568383994971,0.07202604786067751
0.98,0.34861711373982524,0.5793568383994971,0.07202604786067751
1.0,0.34861711373982524,0.5793568383994971,0.07202604786067751
