fraction_of_volc,OH,H2O2,TMI
0.0,0.19822167913223973,0.30021000072726334,0.501568320140497
0.02,0.19822167913223973,0.30021000072726334,0.501568320140497
0.04,0.19822167913223973,0.30021000072726334,0.501568320140497
0.06,0.19822167913223973,0.30021000072726334,0.501568320140497
0.08,0.19822167913223973,0.30021000072726334,0.501568320140497
0.1,0.19822167913223973,0.30021000072726334,0.501568320140497
0.12,0.19822167913223973,0.30021000072726334,0.501568320140497
0.14,0.19822167913223973,0.30021000072726334,0.501568320140497
0.16,0.19822167913223973,0.30021000072726334,0.501568320140497
0.18,0.19822167913223973,0.30021000072726334,0.501568320140497
0.2,0.19822167913223973,0.30021000072726334,0.501568320140497
0.22,0.19822167913223973,0.30021000072726334,0.501568320140497
0.24,0.19822167913223973,0.30021000072726334,0.501568320140497
0.26,0.19822167913223973,0.30021000072726334,0.501568320140497
0.28,0.19822167913223973,0.30021000072726334,0.501568320140497
0.3,0.19822167913223973,0.30021000072726334,0.501568320140497
0.32,0.19822167913223973,0.30021000072726334,0.501568320140497
0.34,0.19822167913223973,0.30021000072726334,0.501568320140497
0.36,0.20690747256415726,0.2932947211674552,0.4997978062683876
0.38,0.2155932659960748,0.28637944160764706,0.4980272923962782
0.4,0.22427905942799234,0.2794641620478389,0.49625677852416883
0.42,0.2329648528599099,0.2725488824880308,0.4944862646520594
0.44,0.24165064629182742,0.26563360292822263,0.49271575077995
0.46,0.250336439723745,0.2587183233684145,0.4909452369078406
0.48,0.25902223315566253,0.25180304380860635,0.4891747230357312
0.5,0.26770802658758003,0.24488776424879824,0.4874042091636218
0.52,0.2763938200194976,0.2379724846889901,0.4856336952915124
0.54,0.28507961345141514,0.23105720512918196,0.483863181419403
0.56,0.29376540688333264,0.22414192556937382,0.4820926675472936
0.58,0.3024512003152502,0.21722664600956568,0.48032215367518416
0.6,0.31113699374716774,0.21031136644975754,0.4785516398030748
0.62,0.3198227871790853,0.20339608688994942,0.4767811259309654
0.64,0.32850858061100285,0.19648080733014128,0.475010612058856
0.66,0.33719437404292035,0.18956552777033314,0.47324009818674656
0.68,0.34588016747483785,0.182650248210525,0.47146958431463715
0.7000000000000001,0.3545659609067554,0.17573496865071686,0.4696990704425278
0.72,0.36325175433867296,0.16881968909090872,0.4679285565704184
0.74,0.3719375477705905,0.16190440953110058,0.46615804269830896
0.76,0.38062334120250807,0.15498912997129244,0.46438752882619955
0.78,0.3893091346344256,0.1480738504114843,0.46261701495409013
0.8,0.3979949280663431,0.14115857085167616,0.4608465010819808
0.8200000000000001,0.4066807214982606,0.13424329129186802,0.45907598720987136
0.84,0.4153665149301782,0.12732801173205988,0.45730547333776195
0.86,0.42405230836209573,0.12041273217225174,0.45553495946565253
0.88,0.4327381017940133,0.11349745261244362,0.4537644455935432
0.9,0.44142389522593084,0.10658217305263548,0.45199393172143376
0.92,0.45010968865784834,0.09966689349282734,0.45022341784932435
0.9400000000000001,0.45010968865784834,0.09966689349282734,0.45022341784932435
0.96,0.45010968865784834,0.09966689349282734,0.45022341784932435
0.98,0.45010968865784834,0.09966689349282734,0.45022341784932435
1.0,0.45010968865784834,0.09966689349282734,0.45022341784932435
