fraction_of_volc,OH,H2O2,TMI
0.0,0.6979295683110996,0.1568730081322231,0.1451974235566771
0.02,0.6979295683110996,0.1568730081322231,0.1451974235566771
0.04,0.6979295683110996,0.1568730081322231,0.1451974235566771
0.06,0.6979295683110996,0.1568730081322231,0.1451974235566771
0.08,0.6979295683110996,0.1568730081322231,0.1451974235566771
0.1,0.6979295683110996,0.1568730081322231,0.1451974235566771
0.12,0.6979295683110996,0.1568730081322231,0.1451974235566771
0.14,0.6979295683110996,0.1568730081322231,0.1451974235566771
0.16,0.6979295683110996,0.1568730081322231,0.1451974235566771
0.18,0.6979295683110996,0.1568730081322231,0.1451974235566771
0.2,0.6979295683110996,0.1568730081322231,0.1451974235566771
0.22,0.6979295683110996,0.1568730081322231,0.1451974235566771
0.24,0.6979295683110996,0.1568730081322231,0.1451974235566771
0.26,0.6979295683110996,0.1568730081322231,0.1451974235566771
0.28,0.6979295683110996,0.1568730081322231,0.1451974235566771
0.3,0.6979295683110996,0.1568730081322231,0.1451974235566771
0.32,0.6979295683110996,0.1568730081322231,0.1451974235566771
0.34,0.6979295683110996,0.1568730081322231,0.1451974235566771
0.36,0.6979295683110996,0.1568730081322231,0.1451974235566771
0.38,0.6979295683110996,0.1568730081322231,0.1451974235566771
0.4,0.6979295683110996,0.1568730081322231,0.1451974235566771
0.42,0.6979295683110996,0.1568730081322231,0.1451974235566771
0.44,0.6979295683110996,0.1568730081322231,0.1451974235566771
0.46,0.6824736938370054,0.16902450770311636,0.1485017984598781
0.48,0.6670178193629112,0.18117600727400962,0.15180617336307906
0.5,0.6515619448888169,0.1933275068449029,0.15511054826628004
0.52,0.6361060704147227,0.20547900641579617,0.15841492316948103
0.54,0.6206501959406284,0.21763050598668943,0.161719298072682
0.56,0.6051943214665342,0.2297820055575827,0.16502367297588297
0.58,0.5897384469924399,0.24193350512847597,0.16832804787908395
0.6,0.5742825725183457,0.25408500469936923,0.17163242278228494
0.62,0.5588266980442514,0.26623650427026246,0.17493679768548592
0.64,0.5433708235701572,0.27838800384115575,0.17824117258868688
0.66,0.527914949096063,0.29053950341204904,0.18154554749188787
0.68,0.5124590746219688,0.30269100298294227,0.18484992239508885
0.7000000000000001,0.4970032001478745,0.31484250255383556,0.1881542972982898
0.72,0.4815473256737803,0.32699400212472884,0.1914586722014908
0.74,0.46609145119968604,0.3391455016956221,0.19476304710469178
0.76,0.4506355767255918,0.35129700126651536,0.19806742200789276
0.78,0.43517970225149755,0.36344850083740865,0.20137179691109375
0.8,0.4197238277774033,0.3756000004083019,0.2046761718142947
0.8200000000000001,0.40426795330330906,0.38775149997919517,0.2079805467174957
0.84,0.40426795330330906,0.38775149997919517,0.2079805467174957
0.86,0.40426795330330906,0.38775149997919517,0.2079805467174957
0.88,0.40426795330330906,0.38775149997919517,0.2079805467174957
0.9,0.40426795330330906,0.38775149997919517,0.2079805467174957
0.92,0.40426795330330906,0.38775149997919517,0.2079805467174957
0.9400000000000001,0.40426795330330906,0.38775149997919517,0.2079805467174957
0.96,0.40426795330330906,0.38775149997919517,0.2079805467174957
0.98,0.40426795330330906,0.38775149997919517,0.2079805467174957
1.0,0.40426795330330906,0.38775149997919517,0.2079805467174957
