fraction_of_volc,OH,H2O2,TMI
0.0,0.43732450268304285,0.3914365567660156,0.1712389405509417
0.02,0.43732450268304285,0.3914365567660156,0.1712389405509417
0.04,0.43732450268304285,0.3914365567660156,0.1712389405509417
0.06,0.43732450268304285,0.3914365567660156,0.1712389405509417
0.08,0.43732450268304285,0.3914365567660156,0.1712389405509417
0.1,0.43732450268304285,0.3914365567660156,0.1712389405509417
0.12,0.43732450268304285,0.3914365567660156,0.1712389405509417
0.14,0.43732450268304285,0.3914365567660156,0.1712389405509417
0.16,0.43732450268304285,0.3914365567660156,0.1712389405509417
0.18,0.43732450268304285,0.3914365567660156,0.1712389405509417
0.2,0.43732450268304285,0.3914365567660156,0.1712389405509417
0.22,0.43732450268304285,0.3914365567660156,0.1712389405509417
0.24,0.43732450268304285,0.3914365567660156,0.1712389405509417
0.26,0.43732450268304285,0.3914365567660156,0.1712389405509417
0.28,0.43732450268304285,0.3914365567660156,0.1712389405509417
0.3,0.43732450268304285,0.3914365567660156,0.1712389405509417
0.32,0.4309145876538337,0.3853307706725438,0.1837546416736226
0.34,0.4245046726246246,0.37922498457907194,0.19627034279630354
0.36,0.4180947575954155,0.37311919848560016,0.20878604391898445
0.38,0.41168484256620635,0.3670134123921283,0.2213017450416654
0.4,0.40527492753699723,0.3609076262986565,0.2338174461643463
0.42,0.39886501250778816,0.3548018402051847,0.2463331472870272
0.44,0.39245509747857904,0.3486960541117129,0.2588488484097081
0.46,0.3860451824493699,0.3425902680182411,0.2713645495323891
0.48,0.3796352674201608,0.33648448192476926,0.28388025065507
0.5,0.37322535239095167,0.3303786958312975,0.2963959517777509
0.52,0.36681543736174255,0.32427290973782563,0.3089116529004318
0.54,0.3604055223325334,0.31816712364435384,0.32142735402311273
0.56,0.3539956073033243,0.31206133755088206,0.3339430551457937
0.58,0.3475856922741152,0.3059555514574102,0.34645875626847455
0.6,0.3411757772449061,0.2998497653639384,0.3589744573911555
0.62,0.33476586221569693,0.2937439792704666,0.37149015851383643
0.64,0.32835594718648786,0.2876381931769948,0.38400585963651734
0.66,0.32194603215727874,0.281532407083523,0.3965215607591983
0.68,0.3155361171280696,0.27542662099005116,0.40903726188187917
0.7000000000000001,0.3091262020988605,0.2693208348965794,0.42155296300456013
0.72,0.30271628706965137,0.26321504880310753,0.43406866412724104
0.74,0.29630637204044225,0.25710926270963574,0.44658436524992196
0.76,0.29630637204044225,0.25710926270963574,0.44658436524992196
0.78,0.29630637204044225,0.25710926270963574,0.44658436524992196
0.8,0.29630637204044225,0.25710926270963574,0.44658436524992196
0.8200000000000001,0.29630637204044225,0.25710926270963574,0.44658436524992196
0.84,0.29630637204044225,0.25710926270963574,0.44658436524992196
0.86,0.29630637204044225,0.25710926270963574,0.44658436524992196
0.88,0.29630637204044225,0.25710926270963574,0.44658436524992196
0.9,0.29630637204044225,0.25710926270963574,0.44658436524992196
0.92,0.29630637204044225,0.25710926270963574,0.44658436524992196
0.9400000000000001,0.29630637204044225,0.25710926270963574,0.44658436524992196
0.96,0.29630637204044225,0.25710926270963574,0.44658436524992196
0.98,0.29630637204044225,0.25710926270963574,0.44658436524992196
1.0,0.29630637204044225,0.25710926270963574,0.44658436524992196
