fraction_of_volc,OH,H2O2,TMI
0.0,0.007380429312583295,0.5911202553439894,0.4014993153434273
0.02,0.007380429312583295,0.5911202553439894,0.4014993153434273
0.04,0.007380429312583295,0.5911202553439894,0.4014993153434273
0.06,0.007380429312583295,0.5911202553439894,0.4014993153434273
0.08,0.007380429312583295,0.5911202553439894,0.4014993153434273
0.1,0.007380429312583295,0.5911202553439894,0.4014993153434273
0.12,0.007380429312583295,0.5911202553439894,0.4014993153434273
0.14,0.007380429312583295,0.5911202553439894,0.4014993153434273
0.16,0.007380429312583295,0.5911202553439894,0.4014993153434273
0.18,0.007380429312583295,0.5911202553439894,0.4014993153434273
0.2,0.007380429312583295,0.5911202553439894,0.4014993153434273
0.22,0.007380429312583295,0.5911202553439894,0.4014993153434273
0.24,0.007380429312583295,0.5911202553439894,0.4014993153434273
0.26,0.03051240458032966,0.5718264747514931,0.39766112066817727
0.28,0.05364437984807602,0.5525326941589966,0.3938229259929273
0.3,0.07677635511582238,0.5332389135665003,0.38998473131767725
0.32,0.09990833038356875,0.513945132974004,0.38614653664242726
0.34,0.12304030565131512,0.49465135238150765,0.3823083419671772
0.36,0.14617228091906145,0.4753575717890113,0.37847014729192724
0.38,0.16930425618680783,0.45606379119651497,0.3746319526166772
0.4,0.19243623145455419,0.43677001060401865,0.3707937579414272
0.42,0.21556820672230054,0.4174762300115223,0.3669555632661772
0.44,0.23870018199004692,0.3981824494190259,0.36311736859092714
0.46,0.2618321572577933,0.3788886688265296,0.35927917391567715
0.48,0.28496413252553965,0.35959488823403324,0.3554409792404271
0.5,0.308096107793286,0.3403011076415369,0.35160278456517713
0.52,0.3312280830610324,0.32100732704904056,0.3477645898899271
0.54,0.35436005832877876,0.30171354645654425,0.34392639521467705
0.56,0.3774920335965251,0.2824197658640479,0.34008820053942707
0.58,0.40062400886427146,0.2631259852715515,0.3362500058641771
0.6,0.4237559841320178,0.2438322046790552,0.33241181118892704
0.62,0.4468879593997642,0.22453842408655883,0.328573616513677
0.64,0.4700199346675106,0.20524464349406252,0.324735421838427
0.66,0.4931519099352569,0.18595086290156615,0.320897227163177
0.68,0.5162838852030033,0.16665708230906984,0.317059032487927
0.7000000000000001,0.5394158604707496,0.14736330171657347,0.31322083781267696
0.72,0.5394158604707496,0.14736330171657347,0.31322083781267696
0.74,0.5394158604707496,0.14736330171657347,0.31322083781267696
0.76,0.5394158604707496,0.14736330171657347,0.31322083781267696
0.78,0.5394158604707496,0.14736330171657347,0.31322083781267696
0.8,0.5394158604707496,0.14736330171657347,0.31322083781267696
0.8200000000000001,0.5394158604707496,0.14736330171657347,0.31322083781267696
0.84,0.5394158604707496,0.14736330171657347,0.31322083781267696
0.86,0.5394158604707496,0.14736330171657347,0.31322083781267696
0.88,0.5394158604707496,0.14736330171657347,0.31322083781267696
0.9,0.5394158604707496,0.14736330171657347,0.31322083781267696
0.92,0.5394158604707496,0.14736330171657347,0.31322083781267696
0.9400000000000001,0.5394158604707496,0.14736330171657347,0.31322083781267696
0.96,0.5394158604707496,0.14736330171657347,0.31322083781267696
0.98,0.5394158604707496,0.14736330171657347,0.31322083781267696
1.0,0.5394158604707496,0.14736330171657347,0.31322083781267696
