fraction_of_volc,OH,H2O2,TMI
0.0,0.22070239337791303,0.6794490965698771,0.09984851005220981
0.02,0.22070239337791303,0.6794490965698771,0.09984851005220981
0.04,0.22070239337791303,0.6794490965698771,0.09984851005220981
0.06,0.22070239337791303,0.6794490965698771,0.09984851005220981
0.08,0.22070239337791303,0.6794490965698771,0.09984851005220981
0.1,0.22070239337791303,0.6794490965698771,0.09984851005220981
0.12,0.22070239337791303,0.6794490965698771,0.09984851005220981
0.14,0.22070239337791303,0.6794490965698771,0.09984851005220981
0.16,0.22070239337791303,0.6794490965698771,0.09984851005220981
0.18,0.22070239337791303,0.6794490965698771,0.09984851005220981
0.2,0.22070239337791303,0.6794490965698771,0.09984851005220981
0.22,0.22070239337791303,0.6794490965698771,0.09984851005220981
0.24,0.22070239337791303,0.6794490965698771,0.09984851005220981
0.26,0.22070239337791303,0.6794490965698771,0.09984851005220981
0.28,0.22070239337791303,0.6794490965698771,0.09984851005220981
0.3,0.22070239337791303,0.6794490965698771,0.09984851005220981
0.32,0.22070239337791303,0.6794490965698771,0.09984851005220981
0.34,0.22070239337791303,0.6794490965698771,0.09984851005220981
0.36,0.22070239337791303,0.6794490965698771,0.09984851005220981
0.38,0.22070239337791303,0.6794490965698771,0.09984851005220981
0.4,0.22070239337791303,0.6794490965698771,0.09984851005220981
0.42,0.22070239337791303,0.6794490965698771,0.09984851005220981
0.44,0.22070239337791303,0.6794490965698771,0.09984851005220981
0.46,0.22070239337791303,0.6794490965698771,0.09984851005220981
0.48,0.23495645684509975,0.6603644344196364,0.10467910873526375
0.5,0.24921052031228647,0.6412797722693957,0.1095097074183177
0.52,0.2634645837794732,0.6221951101191551,0.11434030610137164
0.54,0.2777186472466599,0.6031104479689144,0.11917090478442557
0.56,0.2919727107138466,0.5840257858186738,0.12400150346747951
0.58,0.30622677418103333,0.5649411236684331,0.12883210215053348
0.6,0.32048083764822005,0.5458564615181924,0.1336627008335874
0.62,0.33473490111540677,0.5267717993679518,0.13849329951664135
0.64,0.34898896458259354,0.5076871372177112,0.1433238981996953
0.66,0.36324302804978026,0.48860247506747045,0.14815449688274923
0.68,0.377497091516967,0.4695178129172298,0.15298509556580317
0.7000000000000001,0.3917511549841537,0.45043315076698914,0.1578156942488571
0.72,0.4060052184513404,0.43134848861674846,0.16264629293191107
0.74,0.42025928191852713,0.41226382646650783,0.16747689161496498
0.76,0.43451334538571385,0.3931791643162672,0.17230749029801895
0.78,0.44876740885290056,0.3740945021660265,0.1771380889810729
0.8,0.4630214723200873,0.35500984001578584,0.18196868766412683
0.8200000000000001,0.477275535787274,0.3359251778655452,0.1867992863471808
0.84,0.4915295992544607,0.3168405157153045,0.1916298850302347
0.86,0.5057836627216474,0.2977558535650639,0.19646048371328867
0.88,0.5200377261888341,0.2786711914148232,0.2012910823963426
0.9,0.5342917896560209,0.2595865292645826,0.20612168107939655
0.92,0.5485458531232076,0.2405018671143419,0.21095227976245048
0.9400000000000001,0.5627999165903943,0.22141720496410122,0.21578287844550442
0.96,0.577053980057581,0.2023325428138606,0.2206134771285584
0.98,0.5913080435247677,0.18324788066361997,0.22544407581161233
1.0,0.5913080435247677,0.18324788066361997,0.22544407581161233
