fraction_of_volc,OH,H2O2,TMI
0.0,0.5036890313985916,0.056033773430999245,0.44027719517040914
0.02,0.5036890313985916,0.056033773430999245,0.44027719517040914
0.04,0.5036890313985916,0.056033773430999245,0.44027719517040914
0.06,0.5036890313985916,0.056033773430999245,0.44027719517040914
0.08,0.5036890313985916,0.056033773430999245,0.44027719517040914
0.1,0.5036890313985916,0.056033773430999245,0.44027719517040914
0.12,0.5036890313985916,0.056033773430999245,0.44027719517040914
0.14,0.5036890313985916,0.056033773430999245,0.44027719517040914
0.16,0.5036890313985916,0.056033773430999245,0.44027719517040914
0.18,0.5036890313985916,0.056033773430999245,0.44027719517040914
0.2,0.5036890313985916,0.056033773430999245,0.44027719517040914
0.22,0.5036890313985916,0.056033773430999245,0.44027719517040914
0.24,0.5036890313985916,0.056033773430999245,0.44027719517040914
0.26,0.5209760338021471,0.054852219336761585,0.42417174686109127
0.28,0.5382630362057026,0.053670665242523924,0.4080662985517734
0.3,0.5555500386092581,0.052489111148286256,0.3919608502424555
0.32,0.5728370410128136,0.051307557054048596,0.3758554019331377
0.34,0.5901240434163693,0.050126002959810935,0.35974995362381984
0.36,0.6074110458199248,0.048944448865573274,0.34364450531450197
0.38,0.6246980482234803,0.04776289477133561,0.3275390570051841
0.4,0.6419850506270358,0.046581340677097946,0.3114336086958662
0.42,0.6592720530305913,0.045399786582860285,0.2953281603865484
0.44,0.6765590554341468,0.044218232488622625,0.27922271207723054
0.46,0.6938460578377024,0.043036678394384964,0.26311726376791267
0.48,0.711133060241258,0.0418551243001473,0.2470118154585948
0.5,0.7284200626448134,0.040673570205909636,0.23090636714927695
0.52,0.745707065048369,0.039492016111671975,0.21480091883995908
0.54,0.7629940674519246,0.03831046201743431,0.19869547053064124
0.56,0.7802810698554801,0.03712890792319665,0.18259002222132337
0.58,0.7975680722590356,0.035947353828958986,0.1664845739120055
0.6,0.8148550746625911,0.034765799734721325,0.15037912560268762
0.62,0.8321420770661467,0.033584245640483665,0.1342736772933698
0.64,0.8494290794697021,0.032402691546246004,0.11816822898405194
0.66,0.8667160818732578,0.03122113745200834,0.10206278067473407
0.68,0.8840030842768133,0.030039583357770676,0.0859573323654162
0.7000000000000001,0.9012900866803688,0.028858029263533015,0.06985188405609832
0.72,0.9185770890839243,0.027676475169295355,0.05374643574678045
0.74,0.9358640914874798,0.02649492107505769,0.03764098743746261
0.76,0.9358640914874798,0.02649492107505769,0.03764098743746261
0.78,0.9358640914874798,0.02649492107505769,0.03764098743746261
0.8,0.9358640914874798,0.02649492107505769,0.03764098743746261
0.8200000000000001,0.9358640914874798,0.02649492107505769,0.03764098743746261
0.84,0.9358640914874798,0.02649492107505769,0.03764098743746261
0.86,0.9358640914874798,0.02649492107505769,0.03764098743746261
0.88,0.9358640914874798,0.02649492107505769,0.03764098743746261
0.9,0.9358640914874798,0.02649492107505769,0.03764098743746261
0.92,0.9358640914874798,0.02649492107505769,0.03764098743746261
0.9400000000000001,0.9358640914874798,0.02649492107505769,0.03764098743746261
0.96,0.9358640914874798,0.02649492107505769,0.03764098743746261
0.98,0.9358640914874798,0.02649492107505769,0.03764098743746261
1.0,0.9358640914874798,0.02649492107505769,0.03764098743746261
