fraction_of_volc,OH,H2O2,TMI
0.0,0.757490481269415,0.14084455727813133,0.10166496145245364
0.02,0.757490481269415,0.14084455727813133,0.10166496145245364
0.04,0.757490481269415,0.14084455727813133,0.10166496145245364
0.06,0.757490481269415,0.14084455727813133,0.10166496145245364
0.08,0.6805191955327319,0.19854682849612587,0.12093397597114222
0.1,0.6035479097960488,0.25624909971412035,0.14020299048983081
0.12,0.5265766240593657,0.3139513709321149,0.15947200500851938
0.14,0.44960533832268257,0.37165364215010943,0.17874101952720794
0.16,0.37263405258599946,0.42935591336810397,0.19801003404589654
0.18,0.29566276684931636,0.48705818458609845,0.21727904856458513
0.2,0.21869148111263326,0.544760455804093,0.2365480630832737
0.22,0.14172019537595015,0.6024627270220875,0.25581707760196226
0.24,0.06474890963926708,0.6601649982400821,0.2750860921206508
0.26,0.06474890963926708,0.6601649982400821,0.2750860921206508
0.28,0.06474890963926708,0.6601649982400821,0.2750860921206508
0.3,0.06474890963926708,0.6601649982400821,0.2750860921206508
0.32,0.06474890963926708,0.6601649982400821,0.2750860921206508
0.34,0.06474890963926708,0.6601649982400821,0.2750860921206508
0.36,0.06474890963926708,0.6601649982400821,0.2750860921206508
0.38,0.06474890963926708,0.6601649982400821,0.2750860921206508
0.4,0.06474890963926708,0.6601649982400821,0.2750860921206508
0.42,0.06474890963926708,0.6601649982400821,0.2750860921206508
0.44,0.06474890963926708,0.6601649982400821,0.2750860921206508
0.46,0.06474890963926708,0.6601649982400821,0.2750860921206508
0.48,0.06474890963926708,0.6601649982400821,0.2750860921206508
0.5,0.06474890963926708,0.6601649982400821,0.2750860921206508
0.52,0.06474890963926708,0.6601649982400821,0.2750860921206508
0.54,0.06474890963926708,0.6601649982400821,0.2750860921206508
0.56,0.06474890963926708,0.6601649982400821,0.2750860921206508
0.58,0.06474890963926708,0.6601649982400821,0.2750860921206508
0.6,0.06474890963926708,0.6601649982400821,0.2750860921206508
0.62,0.06474890963926708,0.6601649982400821,0.2750860921206508
0.64,0.06474890963926708,0.6601649982400821,0.2750860921206508
0.66,0.06474890963926708,0.6601649982400821,0.2750860921206508
0.68,0.06474890963926708,0.6601649982400821,0.2750860921206508
0.7000000000000001,0.06474890963926708,0.6601649982400821,0.2750860921206508
0.72,0.06474890963926708,0.6601649982400821,0.2750860921206508
0.74,0.06474890963926708,0.6601649982400821,0.2750860921206508
0.76,0.06474890963926708,0.6601649982400821,0.2750860921206508
0.78,0.06474890963926708,0.6601649982400821,0.2750860921206508
0.8,0.06474890963926708,0.6601649982400821,0.2750860921206508
0.8200000000000001,0.06474890963926708,0.6601649982400821,0.2750860921206508
0.84,0.06474890963926708,0.6601649982400821,0.2750860921206508
0.86,0.06474890963926708,0.6601649982400821,0.2750860921206508
0.88,0.06474890963926708,0.6601649982400821,0.2750860921206508
0.9,0.06474890963926708,0.6601649982400821,0.2750860921206508
0.92,0.06474890963926708,0.6601649982400821,0.2750860921206508
0.9400000000000001,0.06474890963926708,0.6601649982400821,0.2750860921206508
0.96,0.06474890963926708,0.6601649982400821,0.2750860921206508
0.98,0.06474890963926708,0.6601649982400821,0.2750860921206508
1.0,0.06474890963926708,0.6601649982400821,0.2750860921206508
