fraction_of_volc,OH,H2O2,TMI
0.0,0.19933999907577954,0.3608353174156733,0.439824683508547
0.02,0.19933999907577954,0.3608353174156733,0.439824683508547
0.04,0.19933999907577954,0.3608353174156733,0.439824683508547
0.06,0.19933999907577954,0.3608353174156733,0.439824683508547
0.08,0.19933999907577954,0.3608353174156733,0.439824683508547
0.1,0.19933999907577954,0.3608353174156733,0.439824683508547
0.12,0.19933999907577954,0.3608353174156733,0.439824683508547
0.14,0.19933999907577954,0.3608353174156733,0.439824683508547
0.16,0.19933999907577954,0.3608353174156733,0.439824683508547
0.18,0.19933999907577954,0.3608353174156733,0.439824683508547
0.2,0.19933999907577954,0.3608353174156733,0.439824683508547
0.22,0.19933999907577954,0.3608353174156733,0.439824683508547
0.24,0.19933999907577954,0.3608353174156733,0.439824683508547
0.26,0.19933999907577954,0.3608353174156733,0.439824683508547
0.28,0.19933999907577954,0.3608353174156733,0.439824683508547
0.3,0.19933999907577954,0.3608353174156733,0.439824683508547
0.32,0.19933999907577954,0.3608353174156733,0.439824683508547
0.34,0.19933999907577954,0.3608353174156733,0.439824683508547
0.36,0.19933999907577954,0.3608353174156733,0.439824683508547
0.38,0.19933999907577954,0.3608353174156733,0.439824683508547
0.4,0.19933999907577954,0.3608353174156733,0.439824683508547
0.42,0.19933999907577954,0.3608353174156733,0.439824683508547
0.44,0.19933999907577954,0.3608353174156733,0.439824683508547
0.46,0.19933999907577954,0.3608353174156733,0.439824683508547
0.48,0.19933999907577954,0.3608353174156733,0.439824683508547
0.5,0.19933999907577954,0.3608353174156733,0.439824683508547
0.52,0.19933999907577954,0.3608353174156733,0.439824683508547
0.54,0.19933999907577954,0.3608353174156733,0.439824683508547
0.56,0.19933999907577954,0.3608353174156733,0.439824683508547
0.58,0.19933999907577954,0.3608353174156733,0.439824683508547
0.6,0.19933999907577954,0.3608353174156733,0.439824683508547
0.62,0.19933999907577954,0.3608353174156733,0.439824683508547
0.64,0.19933999907577954,0.3608353174156733,0.439824683508547
0.66,0.19933999907577954,0.3608353174156733,0.439824683508547
0.68,0.19933999907577954,0.3608353174156733,0.439824683508547
0.7000000000000001,0.19933999907577954,0.3608353174156733,0.439824683508547
0.72,0.19933999907577954,0.3608353174156733,0.439824683508547
0.74,0.19933999907577954,0.3608353174156733,0.439824683508547
0.76,0.19933999907577954,0.3608353174156733,0.439824683508547
0.78,0.19933999907577954,0.3608353174156733,0.439824683508547
0.8,0.19933999907577954,0.3608353174156733,0.439824683508547
0.8200000000000001,0.24945990904323623,0.3472667231153515,0.4032733678414121
0.84,0.2995798190106929,0.3336981288150297,0.36672205217427717
0.86,0.3496997289781496,0.3201295345147079,0.3301707365071423
0.88,0.39981963894560635,0.30656094021438607,0.29361942084000736
0.9,0.44993954891306304,0.2929923459140643,0.2570681051728725
0.92,0.5000594588805197,0.2794237516137425,0.2205167895057376
0.9400000000000001,0.5501793688479764,0.2658551573134207,0.18396547383860268
0.96,0.6002992788154331,0.2522865630130989,0.1474141581714678
0.98,0.6002992788154331,0.2522865630130989,0.1474141581714678
1.0,0.6002992788154331,0.2522865630130989,0.1474141581714678
