fraction_of_volc,OH,H2O2,TMI
0.0,0.4696842858171867,0.17359762937268156,0.35671808481013173
0.02,0.4696842858171867,0.17359762937268156,0.35671808481013173
0.04,0.4696842858171867,0.17359762937268156,0.35671808481013173
0.06,0.4696842858171867,0.17359762937268156,0.35671808481013173
0.08,0.4696842858171867,0.17359762937268156,0.35671808481013173
0.1,0.4696842858171867,0.17359762937268156,0.35671808481013173
0.12,0.4696842858171867,0.17359762937268156,0.35671808481013173
0.14,0.4696842858171867,0.17359762937268156,0.35671808481013173
0.16,0.4696842858171867,0.17359762937268156,0.35671808481013173
0.18,0.4696842858171867,0.17359762937268156,0.35671808481013173
0.2,0.4696842858171867,0.17359762937268156,0.35671808481013173
0.22,0.4696842858171867,0.17359762937268156,0.35671808481013173
0.24,0.4696842858171867,0.17359762937268156,0.35671808481013173
0.26,0.4696842858171867,0.17359762937268156,0.35671808481013173
0.28,0.4696842858171867,0.17359762937268156,0.35671808481013173
0.3,0.4696842858171867,0.17359762937268156,0.35671808481013173
0.32,0.4696842858171867,0.17359762937268156,0.35671808481013173
0.34,0.4696842858171867,0.17359762937268156,0.35671808481013173
0.36,0.4696842858171867,0.17359762937268156,0.35671808481013173
0.38,0.4696842858171867,0.17359762937268156,0.35671808481013173
0.4,0.4696842858171867,0.17359762937268156,0.35671808481013173
0.42,0.4696842858171867,0.17359762937268156,0.35671808481013173
0.44,0.4696842858171867,0.17359762937268156,0.35671808481013173
0.46,0.4696842858171867,0.17359762937268156,0.35671808481013173
0.48,0.4696842858171867,0.17359762937268156,0.35671808481013173
0.5,0.4696842858171867,0.17359762937268156,0.35671808481013173
0.52,0.471303927071917,0.17509345600548767,0.3536026169225953
0.54,0.4729235683266473,0.1765892826382938,0.35048714903505884
0.56,0.47454320958137763,0.17808510927109994,0.3473716811475224
0.58,0.47616285083610793,0.17958093590390606,0.344256213259986
0.6,0.47778249209083823,0.18107676253671218,0.34114074537244954
0.62,0.4794021333455686,0.1825725891695183,0.3380252774849131
0.64,0.4810217746002989,0.18406841580232441,0.33490980959737665
0.66,0.4826414158550292,0.18556424243513053,0.33179434170984023
0.68,0.4842610571097595,0.18706006906793668,0.3286788738223038
0.7000000000000001,0.48588069836448977,0.1885558957007428,0.32556340593476735
0.72,0.4875003396192201,0.19005172233354892,0.32244793804723093
0.74,0.4891199808739504,0.19154754896635504,0.31933247015969446
0.76,0.4907396221286807,0.19304337559916118,0.31621700227215804
0.78,0.49235926338341107,0.1945392022319673,0.3131015343846216
0.8,0.49397890463814137,0.19603502886477342,0.30998606649708516
0.8200000000000001,0.49559854589287167,0.19753085549757954,0.30687059860954874
0.84,0.49559854589287167,0.19753085549757954,0.30687059860954874
0.86,0.49559854589287167,0.19753085549757954,0.30687059860954874
0.88,0.49559854589287167,0.19753085549757954,0.30687059860954874
0.9,0.49559854589287167,0.19753085549757954,0.30687059860954874
0.92,0.49559854589287167,0.19753085549757954,0.30687059860954874
0.9400000000000001,0.49559854589287167,0.19753085549757954,0.30687059860954874
0.96,0.49559854589287167,0.19753085549757954,0.30687059860954874
0.98,0.49559854589287167,0.19753085549757954,0.30687059860954874
1.0,0.49559854589287167,0.19753085549757954,0.30687059860954874
