fraction_of_volc,OH,H2O2,TMI
0.0,0.24576665360492536,0.13406158959351677,0.620171756801558
0.02,0.24576665360492536,0.13406158959351677,0.620171756801558
0.04,0.24576665360492536,0.13406158959351677,0.620171756801558
0.06,0.24576665360492536,0.13406158959351677,0.620171756801558
0.08,0.24576665360492536,0.13406158959351677,0.620171756801558
0.1,0.24576665360492536,0.13406158959351677,0.620171756801558
0.12,0.24576665360492536,0.13406158959351677,0.620171756801558
0.14,0.24576665360492536,0.13406158959351677,0.620171756801558
0.16,0.24576665360492536,0.13406158959351677,0.620171756801558
0.18,0.24576665360492536,0.13406158959351677,0.620171756801558
0.2,0.24576665360492536,0.13406158959351677,0.620171756801558
0.22,0.24576665360492536,0.13406158959351677,0.620171756801558
0.24,0.24576665360492536,0.13406158959351677,0.620171756801558
0.26,0.24576665360492536,0.13406158959351677,0.620171756801558
0.28,0.24576665360492536,0.13406158959351677,0.620171756801558
0.3,0.24576665360492536,0.13406158959351677,0.620171756801558
0.32,0.24576665360492536,0.13406158959351677,0.620171756801558
0.34,0.24576665360492536,0.13406158959351677,0.620171756801558
0.36,0.24576665360492536,0.13406158959351677,0.620171756801558
0.38,0.24576665360492536,0.13406158959351677,0.620171756801558
0.4,0.24576665360492536,0.13406158959351677,0.620171756801558
0.42,0.24576665360492536,0.13406158959351677,0.620171756801558
0.44,0.24576665360492536,0.13406158959351677,0.620171756801558
0.46,0.24576665360492536,0.13406158959351677,0.620171756801558
0.48,0.24576665360492536,0.13406158959351677,0.620171756801558
0.5,0.24576665360492536,0.13406158959351677,0.620171756801558
0.52,0.24576665360492536,0.13406158959351677,0.620171756801558
0.54,0.24576665360492536,0.13406158959351677,0.620171756801558
0.56,0.24576665360492536,0.13406158959351677,0.620171756801558
0.58,0.24576665360492536,0.13406158959351677,0.620171756801558
0.6,0.24576665360492536,0.13406158959351677,0.620171756801558
0.62,0.24576665360492536,0.13406158959351677,0.620171756801558
0.64,0.24576665360492536,0.13406158959351677,0.620171756801558
0.66,0.23842958500411648,0.1591491362658488,0.6024212787300348
0.68,0.23109251640330758,0.18423668293818085,0.5846708006585116
0.7000000000000001,0.2237554478024987,0.20932422961051292,0.5669203225869884
0.72,0.2164183792016898,0.23441177628284496,0.5491698445154654
0.74,0.20908131060088092,0.25949932295517697,0.5314193664439422
0.76,0.20174424200007202,0.28458686962750906,0.513668888372419
0.78,0.19440717339926314,0.3096744162998411,0.4959184103008958
0.8,0.18707010479845426,0.33476196297217314,0.4781679322293726
0.8200000000000001,0.17973303619764536,0.3598495096445052,0.4604174541578494
0.84,0.17239596759683648,0.3849370563168372,0.4426669760863262
0.86,0.1650588989960276,0.41002460298916926,0.4249164980148031
0.88,0.1577218303952187,0.43511214966150136,0.4071660199432799
0.9,0.1503847617944098,0.4601996963338334,0.3894155418717567
0.92,0.14304769319360094,0.48528724300616544,0.37166506380023356
0.9400000000000001,0.13571062459279204,0.5103747896784975,0.3539145857287104
0.96,0.13571062459279204,0.5103747896784975,0.3539145857287104
0.98,0.13571062459279204,0.5103747896784975,0.3539145857287104
1.0,0.13571062459279204,0.5103747896784975,0.3539145857287104
