fraction_of_volc,OH,H2O2,TMI
0.0,0.8005759461323637,0.13308056902217935,0.06634348484545695
0.02,0.8005759461323637,0.13308056902217935,0.06634348484545695
0.04,0.8005759461323637,0.13308056902217935,0.06634348484545695
0.06,0.8005759461323637,0.13308056902217935,0.06634348484545695
0.08,0.8005759461323637,0.13308056902217935,0.06634348484545695
0.1,0.8005759461323637,0.13308056902217935,0.06634348484545695
0.12,0.8005759461323637,0.13308056902217935,0.06634348484545695
0.14,0.8005759461323637,0.13308056902217935,0.06634348484545695
0.16,0.8005759461323637,0.13308056902217935,0.06634348484545695
0.18,0.8005759461323637,0.13308056902217935,0.06634348484545695
0.2,0.8005759461323637,0.13308056902217935,0.06634348484545695
0.22,0.8005759461323637,0.13308056902217935,0.06634348484545695
0.24,0.8005759461323637,0.13308056902217935,0.06634348484545695
0.26,0.8005759461323637,0.13308056902217935,0.06634348484545695
0.28,0.8005759461323637,0.13308056902217935,0.06634348484545695
0.3,0.8005759461323637,0.13308056902217935,0.06634348484545695
0.32,0.8005759461323637,0.13308056902217935,0.06634348484545695
0.34,0.8005759461323637,0.13308056902217935,0.06634348484545695
0.36,0.7707481918222717,0.15779921304929279,0.07145259512843545
0.38,0.7409204375121798,0.18251785707640625,0.07656170541141397
0.4,0.7110926832020878,0.2072365011035197,0.08167081569439247
0.42,0.6812649288919959,0.23195514513063314,0.08677992597737098
0.44,0.6514371745819039,0.2566737891577466,0.09188903626034949
0.46,0.6216094202718119,0.28139243318486007,0.096998146543328
0.48,0.59178166596172,0.3061110772119735,0.1021072568263065
0.5,0.561953911651628,0.33082972123908694,0.107216367109285
0.52,0.532126157341536,0.3555483652662004,0.11232547739226352
0.54,0.5022984030314441,0.3802670092933138,0.11743458767524204
0.56,0.47247064872135214,0.4049856533204273,0.12254369795822054
0.58,0.44264289441126015,0.42970429734754073,0.12765280824119904
0.6,0.41281514010116815,0.45442294137465417,0.13276191852417757
0.62,0.3829873857910762,0.47914158540176766,0.13787102880715607
0.64,0.3531596314809843,0.5038602294288811,0.14298013909013457
0.66,0.3233318771708923,0.5285788734559945,0.14808924937311307
0.68,0.3233318771708923,0.5285788734559945,0.14808924937311307
0.7000000000000001,0.3233318771708923,0.5285788734559945,0.14808924937311307
0.72,0.3233318771708923,0.5285788734559945,0.14808924937311307
0.74,0.3233318771708923,0.5285788734559945,0.14808924937311307
0.76,0.3233318771708923,0.5285788734559945,0.14808924937311307
0.78,0.3233318771708923,0.5285788734559945,0.14808924937311307
0.8,0.3233318771708923,0.5285788734559945,0.14808924937311307
0.8200000000000001,0.3233318771708923,0.5285788734559945,0.14808924937311307
0.84,0.3233318771708923,0.5285788734559945,0.14808924937311307
0.86,0.3233318771708923,0.5285788734559945,0.14808924937311307
0.88,0.3233318771708923,0.5285788734559945,0.14808924937311307
0.9,0.3233318771708923,0.5285788734559945,0.14808924937311307
0.92,0.3233318771708923,0.5285788734559945,0.14808924937311307
0.9400000000000001,0.3233318771708923,0.5285788734559945,0.14808924937311307
0.96,0.3233318771708923,0.5285788734559945,0.14808924937311307
0.98,0.3233318771708923,0.5285788734559945,0.14808924937311307
1.0,0.3233318771708923,0.5285788734559945,0.14808924937311307
