fraction_of_volc,OH,H2O2,TMI
0.0,0.2885298034294408,0.463692896538353,0.24777730003220622
0.02,0.2885298034294408,0.463692896538353,0.24777730003220622
0.04,0.2885298034294408,0.463692896538353,0.24777730003220622
0.06,0.2885298034294408,0.463692896538353,0.24777730003220622
0.08,0.2885298034294408,0.463692896538353,0.24777730003220622
0.1,0.2885298034294408,0.463692896538353,0.24777730003220622
0.12,0.2885298034294408,0.463692896538353,0.24777730003220622
0.14,0.2885298034294408,0.463692896538353,0.24777730003220622
0.16,0.2885298034294408,0.463692896538353,0.24777730003220622
0.18,0.2885298034294408,0.463692896538353,0.24777730003220622
0.2,0.2885298034294408,0.463692896538353,0.24777730003220622
0.22,0.2885298034294408,0.463692896538353,0.24777730003220622
0.24,0.2885298034294408,0.463692896538353,0.24777730003220622
0.26,0.2885298034294408,0.463692896538353,0.24777730003220622
0.28,0.2885298034294408,0.463692896538353,0.24777730003220622
0.3,0.2885298034294408,0.463692896538353,0.24777730003220622
0.32,0.2885298034294408,0.463692896538353,0.24777730003220622
0.34,0.2885298034294408,0.463692896538353,0.24777730003220622
0.36,0.2885298034294408,0.463692896538353,0.24777730003220622
0.38,0.2885298034294408,0.463692896538353,0.24777730003220622
0.4,0.2885298034294408,0.463692896538353,0.24777730003220622
0.42,0.2885298034294408,0.463692896538353,0.24777730003220622
0.44,0.2885298034294408,0.463692896538353,0.24777730003220622
0.46,0.2885298034294408,0.463692896538353,0.24777730003220622
0.48,0.2885298034294408,0.463692896538353,0.24777730003220622
0.5,0.2885298034294408,0.463692896538353,0.24777730003220622
0.52,0.2885298034294408,0.463692896538353,0.24777730003220622
0.54,0.2885298034294408,0.463692896538353,0.24777730003220622
0.56,0.2885298034294408,0.463692896538353,0.24777730003220622
0.58,0.2885298034294408,0.463692896538353,0.24777730003220622
0.6,0.2885298034294408,0.463692896538353,0.24777730003220622
0.62,0.2885298034294408,0.463692896538353,0.24777730003220622
0.64,0.2885298034294408,0.463692896538353,0.24777730003220622
0.66,0.2569385340930733,0.4531702851336963,0.2898911807732304
0.68,0.2253472647567058,0.4426476737290396,0.3320050615142546
0.7000000000000001,0.19375599542033833,0.43212506232438297,0.37411894225527875
0.72,0.16216472608397084,0.42160245091972626,0.41623282299630293
0.74,0.13057345674760334,0.41107983951506955,0.4583467037373271
0.76,0.09898218741123588,0.4005572281104129,0.5004605844783513
0.78,0.06739091807486838,0.39003461670575623,0.5425744652193755
0.8,0.035799648738500875,0.3795120053010995,0.5846883459603996
0.8200000000000001,0.035799648738500875,0.3795120053010995,0.5846883459603996
0.84,0.035799648738500875,0.3795120053010995,0.5846883459603996
0.86,0.035799648738500875,0.3795120053010995,0.5846883459603996
0.88,0.035799648738500875,0.3795120053010995,0.5846883459603996
0.9,0.035799648738500875,0.3795120053010995,0.5846883459603996
0.92,0.035799648738500875,0.3795120053010995,0.5846883459603996
0.9400000000000001,0.035799648738500875,0.3795120053010995,0.5846883459603996
0.96,0.035799648738500875,0.3795120053010995,0.5846883459603996
0.98,0.035799648738500875,0.3795120053010995,0.5846883459603996
1.0,0.035799648738500875,0.3795120053010995,0.5846883459603996
