fraction_of_volc,OH,H2O2,TMI
0.0,0.0946735567399037,0.12310125374287294,0.7822251895172234
0.02,0.0946735567399037,0.12310125374287294,0.7822251895172234
0.04,0.0946735567399037,0.12310125374287294,0.7822251895172234
0.06,0.0946735567399037,0.12310125374287294,0.7822251895172234
0.08,0.0946735567399037,0.12310125374287294,0.7822251895172234
0.1,0.0946735567399037,0.12310125374287294,0.7822251895172234
0.12,0.0946735567399037,0.12310125374287294,0.7822251895172234
0.14,0.0946735567399037,0.12310125374287294,0.7822251895172234
0.16,0.0946735567399037,0.12310125374287294,0.7822251895172234
0.18,0.0946735567399037,0.12310125374287294,0.7822251895172234
0.2,0.0946735567399037,0.12310125374287294,0.7822251895172234
0.22,0.0946735567399037,0.12310125374287294,0.7822251895172234
0.24,0.0946735567399037,0.12310125374287294,0.7822251895172234
0.26,0.0946735567399037,0.12310125374287294,0.7822251895172234
0.28,0.0946735567399037,0.12310125374287294,0.7822251895172234
0.3,0.0946735567399037,0.12310125374287294,0.7822251895172234
0.32,0.0946735567399037,0.12310125374287294,0.7822251895172234
0.34,0.0946735567399037,0.12310125374287294,0.7822251895172234
0.36,0.0946735567399037,0.12310125374287294,0.7822251895172234
0.38,0.0946735567399037,0.12310125374287294,0.7822251895172234
0.4,0.0946735567399037,0.12310125374287294,0.7822251895172234
0.42,0.0946735567399037,0.12310125374287294,0.7822251895172234
0.44,0.0946735567399037,0.12310125374287294,0.7822251895172234
0.46,0.0946735567399037,0.12310125374287294,0.7822251895172234
0.48,0.0946735567399037,0.12310125374287294,0.7822251895172234
0.5,0.0946735567399037,0.12310125374287294,0.7822251895172234
0.52,0.0946735567399037,0.12310125374287294,0.7822251895172234
0.54,0.0946735567399037,0.12310125374287294,0.7822251895172234
0.56,0.0946735567399037,0.12310125374287294,0.7822251895172234
0.58,0.0946735567399037,0.12310125374287294,0.7822251895172234
0.6,0.0946735567399037,0.12310125374287294,0.7822251895172234
0.62,0.0946735567399037,0.12310125374287294,0.7822251895172234
0.64,0.0946735567399037,0.12310125374287294,0.7822251895172234
0.66,0.0946735567399037,0.12310125374287294,0.7822251895172234
0.68,0.10223069159673863,0.16492060566785408,0.7328487027354074
0.7000000000000001,0.10978782645357357,0.2067399575928352,0.6834722159535913
0.72,0.1173449613104085,0.24855930951781635,0.6340957291717753
0.74,0.12490209616724343,0.2903786614427975,0.5847192423899591
0.76,0.13245923102407836,0.33219801336777866,0.535342755608143
0.78,0.1400163658809133,0.37401736529275975,0.485966268826327
0.8,0.14757350073774822,0.4158367172177409,0.4365897820445109
0.8200000000000001,0.15513063559458318,0.45765606914272206,0.3872132952626948
0.84,0.16268777045141808,0.4994754210677032,0.33783680848087877
0.86,0.17024490530825304,0.5412947729926844,0.28846032169906266
0.88,0.17780204016508797,0.5831141249176655,0.23908383491724666
0.9,0.17780204016508797,0.5831141249176655,0.23908383491724666
0.92,0.17780204016508797,0.5831141249176655,0.23908383491724666
0.9400000000000001,0.17780204016508797,0.5831141249176655,0.23908383491724666
0.96,0.17780204016508797,0.5831141249176655,0.23908383491724666
0.98,0.17780204016508797,0.5831141249176655,0.23908383491724666
1.0,0.17780204016508797,0.5831141249176655,0.23908383491724666
