fraction_of_volc,OH,H2O2,TMI
0.0,0.6166666055281802,0.07995749147825068,0.3033759029935693
0.02,0.6166666055281802,0.07995749147825068,0.3033759029935693
0.04,0.6166666055281802,0.07995749147825068,0.3033759029935693
0.06,0.6166666055281802,0.07995749147825068,0.3033759029935693
0.08,0.6166666055281802,0.07995749147825068,0.3033759029935693
0.1,0.6166666055281802,0.07995749147825068,0.3033759029935693
0.12,0.6078331497818723,0.08224379910179036,0.30992305111633756
0.14,0.5989996940355644,0.08453010672533005,0.31647019923910574
0.16,0.5901662382892564,0.08681641434886973,0.323017347361874
0.18,0.5813327825429485,0.08910272197240943,0.32956449548464223
0.2,0.5724993267966406,0.0913890295959491,0.33611164360741047
0.22,0.5636658710503327,0.0936753372194888,0.34265879173017866
0.24,0.5548324153040247,0.09596164484302848,0.3492059398529469
0.26,0.5459989595577168,0.09824795246656817,0.35575308797571514
0.28,0.5371655038114089,0.10053426009010785,0.3623002360984834
0.3,0.528332048065101,0.10282056771364755,0.3688473842212516
0.32,0.519498592318793,0.10510687533718722,0.3753945323440198
0.34,0.5106651365724851,0.10739318296072692,0.38194168046678806
0.36,0.5018316808261772,0.1096794905842666,0.38848882858955625
0.38,0.49299822507986935,0.11196579820780628,0.3950359767123245
0.4,0.4841647693335614,0.11425210583134597,0.40158312483509273
0.42,0.47533131358725345,0.11653841345488566,0.408130272957861
0.44,0.46649785784094555,0.11882472107842534,0.4146774210806292
0.46,0.45766440209463766,0.12111102870196502,0.4212245692033974
0.48,0.4488309463483297,0.12339733632550472,0.42777171732616565
0.5,0.43999749060202176,0.1256836439490444,0.43431886544893383
0.52,0.43116403485571386,0.1279699515725841,0.4408660135717021
0.54,0.42233057910940597,0.13025625919612377,0.4474131616944703
0.56,0.413497123363098,0.13254256681966348,0.45396030981723856
0.58,0.4046636676167901,0.13482887444320313,0.4605074579400068
0.6,0.3958302118704822,0.13711518206674284,0.46705460606277505
0.62,0.3869967561241743,0.13940148969028252,0.47360175418554323
0.64,0.3781633003778664,0.1416877973138222,0.4801489023083115
0.66,0.36932984463155843,0.1439741049373619,0.48669605043107966
0.68,0.3604963888852505,0.14626041256090158,0.4932431985538479
0.7000000000000001,0.3516629331389426,0.14854672018444126,0.49979034667661615
0.72,0.34282947739263464,0.15083302780798097,0.5063374947993844
0.74,0.33399602164632675,0.15311933543152062,0.5128846429221526
0.76,0.32516256590001885,0.15540564305506033,0.5194317910449209
0.78,0.3163291101537109,0.1576919506786,0.525978939167689
0.8,0.307495654407403,0.1599782583021397,0.5325260872904573
0.8200000000000001,0.29866219866109506,0.1622645659256794,0.5390732354132255
0.84,0.28982874291478716,0.16455087354921905,0.5456203835359937
0.86,0.2809952871684792,0.16683718117275875,0.552167531658762
0.88,0.2721618314221713,0.16912348879629843,0.5587146797815302
0.9,0.26332837567586337,0.1714097964198381,0.5652618279042985
0.92,0.2544949199295555,0.17369610404337782,0.5718089760270666
0.9400000000000001,0.24566146418324752,0.1759824116669175,0.578356124149835
0.96,0.23682800843693963,0.17826871929045718,0.5849032722726031
0.98,0.2279945526906317,0.18055502691399686,0.5914504203953713
1.0,0.2279945526906317,0.18055502691399686,0.5914504203953713
