fraction_of_volc,OH,H2O2,TMI
0.0,0.32286219307056535,0.630462639790402,0.046675167139032754
0.02,0.32286219307056535,0.630462639790402,0.046675167139032754
0.04,0.32286219307056535,0.630462639790402,0.046675167139032754
0.06,0.32286219307056535,0.630462639790402,0.046675167139032754
0.08,0.32286219307056535,0.630462639790402,0.046675167139032754
0.1,0.32286219307056535,0.630462639790402,0.046675167139032754
0.12,0.32286219307056535,0.630462639790402,0.046675167139032754
0.14,0.3231034608185171,0.6274787677795246,0.04941777140195836
0.16,0.3233447285664689,0.6244948957686473,0.05216037566488397
0.18,0.32358599631442064,0.6215110237577699,0.054902979927809584
0.2,0.3238272640623724,0.6185271517468924,0.05764558419073519
0.22,0.32406853181032413,0.6155432797360151,0.0603881884536608
0.24,0.32430979955827594,0.6125594077251377,0.0631307927165864
0.26,0.3245510673062277,0.6095755357142604,0.06587339697951201
0.28,0.3247923350541794,0.606591663703383,0.06861600124243762
0.3,0.3250336028021312,0.6036077916925056,0.07135860550536323
0.32,0.325274870550083,0.6006239196816282,0.07410120976828885
0.34,0.3255161382980347,0.5976400476707509,0.07684381403121446
0.36,0.32575740604598646,0.5946561756598735,0.07958641829414007
0.38,0.32599867379393827,0.5916723036489961,0.08232902255706567
0.4,0.32623994154189,0.5886884316381188,0.08507162681999128
0.42,0.32648120928984176,0.5857045596272414,0.08781423108291689
0.44,0.32672247703779356,0.582720687616364,0.0905568353458425
0.46,0.3269637447857453,0.5797368156054866,0.0932994396087681
0.48,0.32720501253369705,0.5767529435946093,0.09604204387169371
0.5,0.3274462802816488,0.5737690715837319,0.09878464813461932
0.52,0.3276875480296006,0.5707851995728546,0.10152725239754493
0.54,0.32792881577755234,0.5678013275619771,0.10426985666047053
0.56,0.3281700835255041,0.5648174555510997,0.10701246092339614
0.58,0.3284113512734559,0.5618335835402224,0.10975506518632175
0.6,0.32865261902140763,0.558849711529345,0.11249766944924736
0.62,0.3288938867693594,0.5558658395184677,0.11524027371217296
0.64,0.3291351545173111,0.5528819675075903,0.11798287797509857
0.66,0.3293764222652629,0.549898095496713,0.1207254822380242
0.68,0.32961769001321467,0.5469142234858355,0.12346808650094981
0.7000000000000001,0.3298589577611664,0.5439303514749582,0.12621069076387542
0.72,0.3301002255091182,0.5409464794640808,0.12895329502680103
0.74,0.33034149325706996,0.5379626074532035,0.13169589928972664
0.76,0.3305827610050217,0.5349787354423261,0.13443850355265224
0.78,0.33082402875297345,0.5319948634314486,0.13718110781557785
0.8,0.33106529650092525,0.5290109914205713,0.13992371207850346
0.8200000000000001,0.331306564248877,0.5260271194096939,0.14266631634142907
0.84,0.33154783199682875,0.5230432473988166,0.14540892060435467
0.86,0.33178909974478055,0.5200593753879392,0.14815152486728028
0.88,0.3320303674927323,0.5170755033770619,0.1508941291302059
0.9,0.33227163524068404,0.5140916313661845,0.1536367333931315
0.92,0.3325129029886358,0.5111077593553071,0.1563793376560571
0.9400000000000001,0.3327541707365876,0.5081238873444297,0.1591219419189827
0.96,0.33299543848453933,0.5051400153335524,0.16186454618190832
0.98,0.33299543848453933,0.5051400153335524,0.16186454618190832
1.0,0.33299543848453933,0.5051400153335524,0.16186454618190832
