fraction_of_volc,OH,H2O2,TMI
0.0,0.18060875179683286,0.45745250989587255,0.3619387383072946
0.02,0.18060875179683286,0.45745250989587255,0.3619387383072946
0.04,0.18060875179683286,0.45745250989587255,0.3619387383072946
0.06,0.18060875179683286,0.45745250989587255,0.3619387383072946
0.08,0.18060875179683286,0.45745250989587255,0.3619387383072946
0.1,0.18060875179683286,0.45745250989587255,0.3619387383072946
0.12,0.18060875179683286,0.45745250989587255,0.3619387383072946
0.14,0.18060875179683286,0.45745250989587255,0.3619387383072946
0.16,0.18060875179683286,0.45745250989587255,0.3619387383072946
0.18,0.18060875179683286,0.45745250989587255,0.3619387383072946
0.2,0.18060875179683286,0.45745250989587255,0.3619387383072946
0.22,0.18060875179683286,0.45745250989587255,0.3619387383072946
0.24,0.18060875179683286,0.45745250989587255,0.3619387383072946
0.26,0.18060875179683286,0.45745250989587255,0.3619387383072946
0.28,0.18060875179683286,0.45745250989587255,0.3619387383072946
0.3,0.18060875179683286,0.45745250989587255,0.3619387383072946
0.32,0.18060875179683286,0.45745250989587255,0.3619387383072946
0.34,0.18060875179683286,0.45745250989587255,0.3619387383072946
0.36,0.2054310370654524,0.4444706021558833,0.35009836077866435
0.38,0.23025332233407192,0.43148869441589405,0.33825798325003403
0.4,0.25507560760269143,0.4185067866759048,0.32641760572140377
0.42,0.279897892871311,0.40552487893591554,0.31457722819277345
0.44,0.3047201781399306,0.3925429711959263,0.3027368506641432
0.46,0.3295424634085501,0.379561063455937,0.2908964731355129
0.48,0.3543647486771696,0.3665791557159478,0.2790560956068826
0.5,0.3791870339457891,0.3535972479759585,0.2672157180782523
0.52,0.4040093192144087,0.3406153402359693,0.255375340549622
0.54,0.42883160448302826,0.32763343249598,0.24353496302099173
0.56,0.4536538897516478,0.3146515247559908,0.23169458549236144
0.58,0.4784761750202673,0.3016696170160015,0.21985420796373117
0.6,0.5032984602888868,0.2886877092760122,0.20801383043510088
0.62,0.5281207455575063,0.275705801536023,0.1961734529064706
0.64,0.552943030826126,0.2627238937960337,0.1843330753778403
0.66,0.5777653160947455,0.24974198605604447,0.17249269784921
0.68,0.602587601363365,0.23676007831605522,0.16065232032057972
0.7000000000000001,0.6274098866319845,0.22377817057606597,0.14881194279194943
0.72,0.652232171900604,0.21079626283607672,0.13697156526331913
0.74,0.6770544571692236,0.19781435509608747,0.12513118773468884
0.76,0.7018767424378431,0.18483244735609822,0.11329081020605858
0.78,0.7266990277064627,0.17185053961610897,0.10145043267742826
0.8,0.7515213129750822,0.15886863187611971,0.089610055148798
0.8200000000000001,0.7763435982437017,0.1458867241361304,0.07776967762016773
0.84,0.8011658835123213,0.13290481639614116,0.06592930009153741
0.86,0.8259881687809408,0.1199229086561519,0.05408892256290715
0.88,0.8508104540495603,0.10694100091616265,0.04224854503427683
0.9,0.8756327393181799,0.0939590931761734,0.030408167505646566
0.92,0.9004550245867994,0.08097718543618415,0.018567789977016247
0.9400000000000001,0.925277309855419,0.06799527769619493,0.006727412448385971
0.96,0.925277309855419,0.06799527769619493,0.006727412448385971
0.98,0.925277309855419,0.06799527769619493,0.006727412448385971
1.0,0.925277309855419,0.06799527769619493,0.006727412448385971
