fraction_of_volc,OH,H2O2,TMI
0.0,0.10101657620045582,0.3958480706522558,0.5031353531472883
0.02,0.10101657620045582,0.3958480706522558,0.5031353531472883
0.04,0.10101657620045582,0.3958480706522558,0.5031353531472883
0.06,0.10101657620045582,0.3958480706522558,0.5031353531472883
0.08,0.10101657620045582,0.3958480706522558,0.5031353531472883
0.1,0.10101657620045582,0.3958480706522558,0.5031353531472883
0.12,0.10101657620045582,0.3958480706522558,0.5031353531472883
0.14,0.10101657620045582,0.3958480706522558,0.5031353531472883
0.16,0.10101657620045582,0.3958480706522558,0.5031353531472883
0.18,0.10101657620045582,0.3958480706522558,0.5031353531472883
0.2,0.10101657620045582,0.3958480706522558,0.5031353531472883
0.22,0.10101657620045582,0.3958480706522558,0.5031353531472883
0.24,0.10101657620045582,0.3958480706522558,0.5031353531472883
0.26,0.10101657620045582,0.3958480706522558,0.5031353531472883
0.28,0.10101657620045582,0.3958480706522558,0.5031353531472883
0.3,0.10101657620045582,0.3958480706522558,0.5031353531472883
0.32,0.10101657620045582,0.3958480706522558,0.5031353531472883
0.34,0.10101657620045582,0.3958480706522558,0.5031353531472883
0.36,0.10101657620045582,0.3958480706522558,0.5031353531472883
0.38,0.10101657620045582,0.3958480706522558,0.5031353531472883
0.4,0.10101657620045582,0.3958480706522558,0.5031353531472883
0.42,0.10101657620045582,0.3958480706522558,0.5031353531472883
0.44,0.10101657620045582,0.3958480706522558,0.5031353531472883
0.46,0.10101657620045582,0.3958480706522558,0.5031353531472883
0.48,0.10101657620045582,0.3958480706522558,0.5031353531472883
0.5,0.10101657620045582,0.3958480706522558,0.5031353531472883
0.52,0.10101657620045582,0.3958480706522558,0.5031353531472883
0.54,0.10101657620045582,0.3958480706522558,0.5031353531472883
0.56,0.10101657620045582,0.3958480706522558,0.5031353531472883
0.58,0.1862867099254078,0.3503710247075645,0.46334226536702766
0.6,0.2715568436503598,0.30489397876287316,0.423549177586767
0.62,0.35682697737531177,0.2594169328181818,0.38375608980650644
0.64,0.44209711110026373,0.21393988687349047,0.3439630020262458
0.66,0.5273672448252157,0.16846284092879915,0.30416991424598516
0.68,0.6126373785501678,0.12298579498410778,0.2643768264657246
0.7000000000000001,0.6979075122751197,0.07750874903941646,0.22458373868546394
0.72,0.7831776460000717,0.03203170309472511,0.1847906509052033
0.74,0.7831776460000717,0.03203170309472511,0.1847906509052033
0.76,0.7831776460000717,0.03203170309472511,0.1847906509052033
0.78,0.7831776460000717,0.03203170309472511,0.1847906509052033
0.8,0.7831776460000717,0.03203170309472511,0.1847906509052033
0.8200000000000001,0.7831776460000717,0.03203170309472511,0.1847906509052033
0.84,0.7831776460000717,0.03203170309472511,0.1847906509052033
0.86,0.7831776460000717,0.03203170309472511,0.1847906509052033
0.88,0.7831776460000717,0.03203170309472511,0.1847906509052033
0.9,0.7831776460000717,0.03203170309472511,0.1847906509052033
0.92,0.7831776460000717,0.03203170309472511,0.1847906509052033
0.9400000000000001,0.7831776460000717,0.03203170309472511,0.1847906509052033
0.96,0.7831776460000717,0.03203170309472511,0.1847906509052033
0.98,0.7831776460000717,0.03203170309472511,0.1847906509052033
1.0,0.7831776460000717,0.03203170309472511,0.1847906509052033
