fraction_of_volc,OH,H2O2,TMI
0.0,0.26963510132904794,0.23968991623888833,0.49067498243206364
0.02,0.26963510132904794,0.23968991623888833,0.49067498243206364
0.04,0.26963510132904794,0.23968991623888833,0.49067498243206364
0.06,0.26963510132904794,0.23968991623888833,0.49067498243206364
0.08,0.26963510132904794,0.23968991623888833,0.49067498243206364
0.1,0.26963510132904794,0.23968991623888833,0.49067498243206364
0.12,0.24175864206452624,0.22420043680510385,0.5340409211303698
0.14,0.21388218280000454,0.2087109573713194,0.577406859828676
0.16,0.1860057235354828,0.1932214779375349,0.6207727985269822
0.18,0.1581292642709611,0.17773199850375046,0.6641387372252884
0.2,0.1302528050064394,0.16224251906996598,0.7075046759235946
0.22,0.10237634574191767,0.14675303963618153,0.7508706146219007
0.24,0.07449988647739597,0.13126356020239704,0.7942365533202069
0.26,0.04662342721287427,0.11577408076861258,0.8376024920185131
0.28,0.018746967948352546,0.10028460133482811,0.8809684307168193
0.3,0.018746967948352546,0.10028460133482811,0.8809684307168193
0.32,0.018746967948352546,0.10028460133482811,0.8809684307168193
0.34,0.018746967948352546,0.10028460133482811,0.8809684307168193
0.36,0.018746967948352546,0.10028460133482811,0.8809684307168193
0.38,0.018746967948352546,0.10028460133482811,0.8809684307168193
0.4,0.018746967948352546,0.10028460133482811,0.8809684307168193
0.42,0.018746967948352546,0.10028460133482811,0.8809684307168193
0.44,0.018746967948352546,0.10028460133482811,0.8809684307168193
0.46,0.018746967948352546,0.10028460133482811,0.8809684307168193
0.48,0.018746967948352546,0.10028460133482811,0.8809684307168193
0.5,0.018746967948352546,0.10028460133482811,0.8809684307168193
0.52,0.018746967948352546,0.10028460133482811,0.8809684307168193
0.54,0.018746967948352546,0.10028460133482811,0.8809684307168193
0.56,0.018746967948352546,0.10028460133482811,0.8809684307168193
0.58,0.018746967948352546,0.10028460133482811,0.8809684307168193
0.6,0.018746967948352546,0.10028460133482811,0.8809684307168193
0.62,0.018746967948352546,0.10028460133482811,0.8809684307168193
0.64,0.018746967948352546,0.10028460133482811,0.8809684307168193
0.66,0.018746967948352546,0.10028460133482811,0.8809684307168193
0.68,0.018746967948352546,0.10028460133482811,0.8809684307168193
0.7000000000000001,0.018746967948352546,0.10028460133482811,0.8809684307168193
0.72,0.018746967948352546,0.10028460133482811,0.8809684307168193
0.74,0.018746967948352546,0.10028460133482811,0.8809684307168193
0.76,0.018746967948352546,0.10028460133482811,0.8809684307168193
0.78,0.018746967948352546,0.10028460133482811,0.8809684307168193
0.8,0.018746967948352546,0.10028460133482811,0.8809684307168193
0.8200000000000001,0.018746967948352546,0.10028460133482811,0.8809684307168193
0.84,0.018746967948352546,0.10028460133482811,0.8809684307168193
0.86,0.018746967948352546,0.10028460133482811,0.8809684307168193
0.88,0.018746967948352546,0.10028460133482811,0.8809684307168193
0.9,0.018746967948352546,0.10028460133482811,0.8809684307168193
0.92,0.018746967948352546,0.10028460133482811,0.8809684307168193
0.9400000000000001,0.018746967948352546,0.10028460133482811,0.8809684307168193
0.96,0.018746967948352546,0.10028460133482811,0.8809684307168193
0.98,0.018746967948352546,0.10028460133482811,0.8809684307168193
1.0,0.018746967948352546,0.10028460133482811,0.8809684307168193
