fraction_of_volc,OH,H2O2,TMI
0.0,0.7501349496429724,0.19010485704453411,0.059760193312493444
0.02,0.7501349496429724,0.19010485704453411,0.059760193312493444
0.04,0.7501349496429724,0.19010485704453411,0.059760193312493444
0.06,0.7501349496429724,0.19010485704453411,0.059760193312493444
0.08,0.7501349496429724,0.19010485704453411,0.059760193312493444
0.1,0.7501349496429724,0.19010485704453411,0.059760193312493444
0.12,0.7501349496429724,0.19010485704453411,0.059760193312493444
0.14,0.7501349496429724,0.19010485704453411,0.059760193312493444
0.16,0.7501349496429724,0.19010485704453411,0.059760193312493444
0.18,0.7501349496429724,0.19010485704453411,0.059760193312493444
0.2,0.7501349496429724,0.19010485704453411,0.059760193312493444
0.22,0.7501349496429724,0.19010485704453411,0.059760193312493444
0.24,0.7501349496429724,0.19010485704453411,0.059760193312493444
0.26,0.7501349496429724,0.19010485704453411,0.059760193312493444
0.28,0.7501349496429724,0.19010485704453411,0.059760193312493444
0.3,0.7501349496429724,0.19010485704453411,0.059760193312493444
0.32,0.7501349496429724,0.19010485704453411,0.059760193312493444
0.34,0.7501349496429724,0.19010485704453411,0.059760193312493444
0.36,0.7501349496429724,0.19010485704453411,0.059760193312493444
0.38,0.7501349496429724,0.19010485704453411,0.059760193312493444
0.4,0.7501349496429724,0.19010485704453411,0.059760193312493444
0.42,0.7501349496429724,0.19010485704453411,0.059760193312493444
0.44,0.7501349496429724,0.19010485704453411,0.059760193312493444
0.46,0.7501349496429724,0.19010485704453411,0.059760193312493444
0.48,0.7501349496429724,0.19010485704453411,0.059760193312493444
0.5,0.7501349496429724,0.19010485704453411,0.059760193312493444
0.52,0.7501349496429724,0.19010485704453411,0.059760193312493444
0.54,0.7159783959555129,0.20603601085432094,0.07798559319016615
0.56,0.6818218422680533,0.22196716466410776,0.09621099306783887
0.58,0.6476652885805938,0.23789831847389462,0.11443639294551158
0.6,0.6135087348931343,0.25382947228368147,0.1326617928231843
0.62,0.5793521812056748,0.2697606260934683,0.15088719270085701
0.64,0.5451956275182153,0.2856917799032551,0.16911259257852973
0.66,0.5110390738307556,0.30162293371304194,0.18733799245620245
0.68,0.47688252014329613,0.31755408752282877,0.20556339233387516
0.7000000000000001,0.4427259664558366,0.3334852413326156,0.22378879221154788
0.72,0.40856941276837705,0.3494163951424024,0.2420141920892206
0.74,0.3744128590809175,0.36534754895218924,0.26023959196689334
0.76,0.34025630539345797,0.38127870276197606,0.278464991844566
0.78,0.30609975170599846,0.3972098565717629,0.29669039172223877
0.8,0.2719431980185389,0.41314101038154977,0.31491579159991145
0.8200000000000001,0.23778664433107932,0.4290721641913366,0.3331411914775842
0.84,0.2036300906436198,0.4450033180011234,0.3513665913552569
0.86,0.1694735369561603,0.46093447181091024,0.3695919912329296
0.88,0.13531698326870079,0.47686562562069706,0.3878173911106023
0.9,0.10116042958124116,0.4927967794304839,0.40604279098827506
0.92,0.06700387589378161,0.5087279332402708,0.42426819086594775
0.9400000000000001,0.06700387589378161,0.5087279332402708,0.42426819086594775
0.96,0.06700387589378161,0.5087279332402708,0.42426819086594775
0.98,0.06700387589378161,0.5087279332402708,0.42426819086594775
1.0,0.06700387589378161,0.5087279332402708,0.42426819086594775
