fraction_of_volc,OH,H2O2,TMI
0.0,0.1076062953450549,0.8633796902292001,0.029014014425744947
0.02,0.1076062953450549,0.8633796902292001,0.029014014425744947
0.04,0.1076062953450549,0.8633796902292001,0.029014014425744947
0.06,0.1076062953450549,0.8633796902292001,0.029014014425744947
0.08,0.1076062953450549,0.8633796902292001,0.029014014425744947
0.1,0.1076062953450549,0.8633796902292001,0.029014014425744947
0.12,0.13004083373786948,0.837463837767304,0.0324953284948265
0.14,0.15247537213068404,0.8115479853054078,0.03597664256390806
0.16,0.17490991052349864,0.7856321328435117,0.03945795663298962
0.18,0.1973444489163132,0.7597162803816156,0.04293927070207118
0.2,0.21977898730912776,0.7338004279197194,0.04642058477115274
0.22,0.24221352570194232,0.7078845754578234,0.0499018988402343
0.24,0.26464806409475694,0.6819687229959273,0.05338321290931586
0.26,0.2870826024875715,0.6560528705340312,0.05686452697839742
0.28,0.30951714088038607,0.630137018072135,0.060345841047478976
0.3,0.33195167927320063,0.6042211656102389,0.06382715511656054
0.32,0.3543862176660152,0.5783053131483427,0.0673084691856421
0.34,0.37682075605882975,0.5523894606864466,0.07078978325472365
0.36,0.3992552944516443,0.5264736082245505,0.07427109732380521
0.38,0.42168983284445893,0.5005577557626544,0.07775241139288677
0.4,0.4441243712372735,0.47464190330075823,0.08123372546196833
0.42,0.46655890963008806,0.4487260508388621,0.08471503953104989
0.44,0.4889934480229026,0.42281019837696593,0.08819635360013145
0.46,0.5114279864157172,0.39689434591506983,0.091677667669213
0.48,0.5338625248085318,0.3709784934531737,0.09515898173829455
0.5,0.5562970632013464,0.3450626409912776,0.09864029580737611
0.52,0.5787316015941609,0.3191467885293814,0.10212160987645767
0.54,0.6011661399869755,0.2932309360674853,0.10560292394553923
0.56,0.6236006783797902,0.2673150836055892,0.10908423801462079
0.58,0.6236006783797902,0.2673150836055892,0.10908423801462079
0.6,0.6236006783797902,0.2673150836055892,0.10908423801462079
0.62,0.6236006783797902,0.2673150836055892,0.10908423801462079
0.64,0.6236006783797902,0.2673150836055892,0.10908423801462079
0.66,0.6236006783797902,0.2673150836055892,0.10908423801462079
0.68,0.6236006783797902,0.2673150836055892,0.10908423801462079
0.7000000000000001,0.6236006783797902,0.2673150836055892,0.10908423801462079
0.72,0.6236006783797902,0.2673150836055892,0.10908423801462079
0.74,0.6236006783797902,0.2673150836055892,0.10908423801462079
0.76,0.6236006783797902,0.2673150836055892,0.10908423801462079
0.78,0.6236006783797902,0.2673150836055892,0.10908423801462079
0.8,0.6236006783797902,0.2673150836055892,0.10908423801462079
0.8200000000000001,0.6236006783797902,0.2673150836055892,0.10908423801462079
0.84,0.6236006783797902,0.2673150836055892,0.10908423801462079
0.86,0.6236006783797902,0.2673150836055892,0.10908423801462079
0.88,0.6236006783797902,0.2673150836055892,0.10908423801462079
0.9,0.6236006783797902,0.2673150836055892,0.10908423801462079
0.92,0.6236006783797902,0.2673150836055892,0.10908423801462079
0.9400000000000001,0.6236006783797902,0.2673150836055892,0.10908423801462079
0.96,0.6236006783797902,0.2673150836055892,0.10908423801462079
0.98,0.6236006783797902,0.2673150836055892,0.10908423801462079
1.0,0.6236006783797902,0.2673150836055892,0.10908423801462079
