fraction_of_volc,OH,H2O2,TMI
0.0,0.33505693273133685,0.12256316351248417,0.5423799037561791
0.02,0.33505693273133685,0.12256316351248417,0.5423799037561791
0.04,0.33505693273133685,0.12256316351248417,0.5423799037561791
0.06,0.33505693273133685,0.12256316351248417,0.5423799037561791
0.08,0.33505693273133685,0.12256316351248417,0.5423799037561791
0.1,0.33505693273133685,0.12256316351248417,0.5423799037561791
0.12,0.33505693273133685,0.12256316351248417,0.5423799037561791
0.14,0.33505693273133685,0.12256316351248417,0.5423799037561791
0.16,0.33505693273133685,0.12256316351248417,0.5423799037561791
0.18,0.33505693273133685,0.12256316351248417,0.5423799037561791
0.2,0.33505693273133685,0.12256316351248417,0.5423799037561791
0.22,0.33505693273133685,0.12256316351248417,0.5423799037561791
0.24,0.33505693273133685,0.12256316351248417,0.5423799037561791
0.26,0.33505693273133685,0.12256316351248417,0.5423799037561791
0.28,0.33505693273133685,0.12256316351248417,0.5423799037561791
0.3,0.33505693273133685,0.12256316351248417,0.5423799037561791
0.32,0.33505693273133685,0.12256316351248417,0.5423799037561791
0.34,0.33505693273133685,0.12256316351248417,0.5423799037561791
0.36,0.33505693273133685,0.12256316351248417,0.5423799037561791
0.38,0.33505693273133685,0.12256316351248417,0.5423799037561791
0.4,0.33505693273133685,0.12256316351248417,0.5423799037561791
0.42,0.33505693273133685,0.12256316351248417,0.5423799037561791
0.44,0.3457952690604905,0.1287683848519441,0.5254363460875655
0.46,0.3565336053896442,0.13497360619140406,0.5084927884189518
0.48,0.36727194171879785,0.14117882753086403,0.49154923075033824
0.5,0.3780102780479515,0.14738404887032397,0.47460567308172463
0.52,0.3887486143771052,0.1535892702097839,0.4576621154131111
0.54,0.39948695070625884,0.15979449154924386,0.4407185577444975
0.56,0.41022528703541244,0.1659997128887038,0.42377500007588387
0.58,0.4209636233645661,0.17220493422816374,0.40683144240727026
0.6,0.4317019596937198,0.1784101555676237,0.38988788473865665
0.62,0.44244029602287344,0.18461537690708366,0.37294432707004305
0.64,0.4531786323520271,0.1908205982465436,0.35600076940142944
0.66,0.46391696868118076,0.19702581958600354,0.3390572117328159
0.68,0.4746553050103344,0.2032310409254635,0.3221136540642022
0.7000000000000001,0.48539364133948804,0.20943626226492346,0.3051700963955887
0.72,0.4961319776686417,0.2156414836043834,0.28822653872697507
0.74,0.5068703139977954,0.22184670494384334,0.27128298105836146
0.76,0.517608650326949,0.22805192628330329,0.25433942338974785
0.78,0.5283469866561027,0.23425714762276323,0.23739586572113425
0.8,0.5390853229852564,0.24046236896222317,0.22045230805252064
0.8200000000000001,0.54982365931441,0.24666759030168314,0.203508750383907
0.84,0.54982365931441,0.24666759030168314,0.203508750383907
0.86,0.54982365931441,0.24666759030168314,0.203508750383907
0.88,0.54982365931441,0.24666759030168314,0.203508750383907
0.9,0.54982365931441,0.24666759030168314,0.203508750383907
0.92,0.54982365931441,0.24666759030168314,0.203508750383907
0.9400000000000001,0.54982365931441,0.24666759030168314,0.203508750383907
0.96,0.54982365931441,0.24666759030168314,0.203508750383907
0.98,0.54982365931441,0.24666759030168314,0.203508750383907
1.0,0.54982365931441,0.24666759030168314,0.203508750383907
