fraction_of_volc,OH,H2O2,TMI
0.0,0.11736110194484194,0.43867131644485235,0.4439675816103056
0.02,0.11736110194484194,0.43867131644485235,0.4439675816103056
0.04,0.11736110194484194,0.43867131644485235,0.4439675816103056
0.06,0.11736110194484194,0.43867131644485235,0.4439675816103056
0.08,0.11736110194484194,0.43867131644485235,0.4439675816103056
0.1,0.11736110194484194,0.43867131644485235,0.4439675816103056
0.12,0.11736110194484194,0.43867131644485235,0.4439675816103056
0.14,0.11736110194484194,0.43867131644485235,0.4439675816103056
0.16,0.11736110194484194,0.43867131644485235,0.4439675816103056
0.18,0.11736110194484194,0.43867131644485235,0.4439675816103056
0.2,0.11736110194484194,0.43867131644485235,0.4439675816103056
0.22,0.11736110194484194,0.43867131644485235,0.4439675816103056
0.24,0.11736110194484194,0.43867131644485235,0.4439675816103056
0.26,0.11736110194484194,0.43867131644485235,0.4439675816103056
0.28,0.11736110194484194,0.43867131644485235,0.4439675816103056
0.3,0.11736110194484194,0.43867131644485235,0.4439675816103056
0.32,0.11736110194484194,0.43867131644485235,0.4439675816103056
0.34,0.11736110194484194,0.43867131644485235,0.4439675816103056
0.36,0.11736110194484194,0.43867131644485235,0.4439675816103056
0.38,0.11736110194484194,0.43867131644485235,0.4439675816103056
0.4,0.11736110194484194,0.43867131644485235,0.4439675816103056
0.42,0.11736110194484194,0.43867131644485235,0.4439675816103056
0.44,0.11736110194484194,0.43867131644485235,0.4439675816103056
0.46,0.11736110194484194,0.43867131644485235,0.4439675816103056
0.48,0.11277518940761673,0.451962734829988,0.4352620757623952
0.5,0.10818927687039152,0.46525415321512364,0.4265565699144847
0.52,0.10360336433316632,0.4785455716002593,0.41785106406657424
0.54,0.09901745179594111,0.49183698998539493,0.40914555821866383
0.56,0.0944315392587159,0.5051284083705306,0.4004400523707534
0.58,0.08984562672149071,0.5184198267556662,0.39173454652284295
0.6,0.0852597141842655,0.5317112451408019,0.3830290406749325
0.62,0.0806738016470403,0.5450026635259375,0.3743235348270221
0.64,0.0760878891098151,0.5582940819110732,0.36561802897911166
0.66,0.07150197657258989,0.5715855002962089,0.3569125231312012
0.68,0.06691606403536468,0.5848769186813445,0.34820701728329073
0.7000000000000001,0.062330151498139474,0.5981683370664801,0.3395015114353803
0.72,0.05774423896091427,0.6114597554516158,0.3307960055874699
0.74,0.05315832642368906,0.6247511738367515,0.32209049973955944
0.76,0.048572413886463855,0.6380425922218871,0.313384993891649
0.78,0.04398650134923865,0.6513340106070228,0.30467948804373857
0.8,0.03940058881201344,0.6646254289921584,0.29597398219582816
0.8200000000000001,0.03481467627478824,0.6779168473772941,0.2872684763479177
0.84,0.03022876373756303,0.6912082657624297,0.2785629705000072
0.86,0.025642851200337824,0.7044996841475654,0.2698574646520968
0.88,0.021056938663112618,0.7177911025327011,0.2611519588041864
0.9,0.016471026125887425,0.7310825209178367,0.25244645295627594
0.92,0.016471026125887425,0.7310825209178367,0.25244645295627594
0.9400000000000001,0.016471026125887425,0.7310825209178367,0.25244645295627594
0.96,0.016471026125887425,0.7310825209178367,0.25244645295627594
0.98,0.016471026125887425,0.7310825209178367,0.25244645295627594
1.0,0.016471026125887425,0.7310825209178367,0.25244645295627594
