fraction_of_volc,OH,H2O2,TMI
0.0,0.20454434012600467,0.22182482784924962,0.5736308320247457
0.02,0.20454434012600467,0.22182482784924962,0.5736308320247457
0.04,0.20454434012600467,0.22182482784924962,0.5736308320247457
0.06,0.20454434012600467,0.22182482784924962,0.5736308320247457
0.08,0.20454434012600467,0.22182482784924962,0.5736308320247457
0.1,0.20454434012600467,0.22182482784924962,0.5736308320247457
0.12,0.20454434012600467,0.22182482784924962,0.5736308320247457
0.14,0.20454434012600467,0.22182482784924962,0.5736308320247457
0.16,0.20454434012600467,0.22182482784924962,0.5736308320247457
0.18,0.20454434012600467,0.22182482784924962,0.5736308320247457
0.2,0.20454434012600467,0.22182482784924962,0.5736308320247457
0.22,0.20454434012600467,0.22182482784924962,0.5736308320247457
0.24,0.20454434012600467,0.22182482784924962,0.5736308320247457
0.26,0.20454434012600467,0.22182482784924962,0.5736308320247457
0.28,0.20454434012600467,0.22182482784924962,0.5736308320247457
0.3,0.20454434012600467,0.22182482784924962,0.5736308320247457
0.32,0.20454434012600467,0.22182482784924962,0.5736308320247457
0.34,0.20454434012600467,0.22182482784924962,0.5736308320247457
0.36,0.20454434012600467,0.22182482784924962,0.5736308320247457
0.38,0.20454434012600467,0.22182482784924962,0.5736308320247457
0.4,0.20454434012600467,0.22182482784924962,0.5736308320247457
0.42,0.2128662146397798,0.22219310789031121,0.564940677469909
0.44,0.22118808915355495,0.22256138793137284,0.5562505229150723
0.46,0.2295099636673301,0.22292966797243446,0.5475603683602355
0.48,0.23783183818110523,0.22329794801349606,0.5388702138053987
0.5,0.24615371269488037,0.22366622805455766,0.530180059250562
0.52,0.25447558720865554,0.22403450809561928,0.5214899046957252
0.54,0.2627974617224307,0.2244027881366809,0.5127997501408884
0.56,0.2711193362362058,0.2247710681777425,0.5041095955860517
0.58,0.27944121074998096,0.2251393482188041,0.49541944103121494
0.6,0.2877630852637561,0.22550762825986573,0.4867292864763782
0.62,0.29608495977753124,0.22587590830092735,0.47803913192154146
0.64,0.3044068342913064,0.22624418834198895,0.46934897736670467
0.66,0.3127287088050815,0.22661246838305055,0.46065882281186793
0.68,0.32105058331885666,0.22698074842411217,0.4519686682570312
0.7000000000000001,0.3293724578326318,0.2273490284651738,0.4432785137021944
0.72,0.33769433234640694,0.2277173085062354,0.43458835914735766
0.74,0.3460162068601821,0.228085588547297,0.4258982045925209
0.76,0.3543380813739572,0.22845386858835862,0.41720805003768413
0.78,0.36265995588773237,0.22882214862942024,0.4085178954828474
0.8,0.3709818304015075,0.22919042867048184,0.39982774092801066
0.8200000000000001,0.37930370491528265,0.22955870871154344,0.39113758637317386
0.84,0.3876255794290578,0.22992698875260506,0.3824474318183371
0.86,0.3959474539428329,0.23029526879366669,0.3737572772635004
0.88,0.4042693284566081,0.23066354883472828,0.3650671227086636
0.9,0.4125912029703832,0.23103182887578988,0.35637696815382686
0.92,0.4209130774841584,0.2314001089168515,0.3476868135989901
0.9400000000000001,0.4292349519979335,0.23176838895791313,0.3389966590441533
0.96,0.43755682651170863,0.23213666899897473,0.3303065044893166
0.98,0.43755682651170863,0.23213666899897473,0.3303065044893166
1.0,0.43755682651170863,0.23213666899897473,0.3303065044893166
