fraction_of_volc,OH,H2O2,TMI
0.0,0.6460014677968798,0.20649002058103097,0.14750851162208917
0.02,0.6460014677968798,0.20649002058103097,0.14750851162208917
0.04,0.6460014677968798,0.20649002058103097,0.14750851162208917
0.06,0.6460014677968798,0.20649002058103097,0.14750851162208917
0.08,0.6460014677968798,0.20649002058103097,0.14750851162208917
0.1,0.6460014677968798,0.20649002058103097,0.14750851162208917
0.12,0.6460014677968798,0.20649002058103097,0.14750851162208917
0.14,0.6460014677968798,0.20649002058103097,0.14750851162208917
0.16,0.6460014677968798,0.20649002058103097,0.14750851162208917
0.18,0.6460014677968798,0.20649002058103097,0.14750851162208917
0.2,0.6428403778515488,0.18878036621877184,0.16837925592967928
0.22,0.6396792879062179,0.17107071185651268,0.18925000023726943
0.24,0.6365181979608868,0.15336105749425355,0.21012074454485954
0.26,0.6333571080155559,0.13565140313199442,0.2309914888524497
0.28,0.6301960180702249,0.11794174876973526,0.2518622331600398
0.3,0.6270349281248939,0.10023209440747613,0.2727329774676299
0.32,0.6238738381795629,0.08252244004521699,0.2936037217752201
0.34,0.620712748234232,0.06481278568295784,0.31447446608281016
0.36,0.6175516582889009,0.04710313132069871,0.33534521039040033
0.38,0.61439056834357,0.02939347695843955,0.35621595469799044
0.4,0.6112294783982389,0.011683822596180409,0.37708669900558056
0.42,0.6112294783982389,0.011683822596180409,0.37708669900558056
0.44,0.6112294783982389,0.011683822596180409,0.37708669900558056
0.46,0.6112294783982389,0.011683822596180409,0.37708669900558056
0.48,0.6112294783982389,0.011683822596180409,0.37708669900558056
0.5,0.6112294783982389,0.011683822596180409,0.37708669900558056
0.52,0.6112294783982389,0.011683822596180409,0.37708669900558056
0.54,0.6112294783982389,0.011683822596180409,0.37708669900558056
0.56,0.6112294783982389,0.011683822596180409,0.37708669900558056
0.58,0.6112294783982389,0.011683822596180409,0.37708669900558056
0.6,0.6112294783982389,0.011683822596180409,0.37708669900558056
0.62,0.6112294783982389,0.011683822596180409,0.37708669900558056
0.64,0.6112294783982389,0.011683822596180409,0.37708669900558056
0.66,0.6112294783982389,0.011683822596180409,0.37708669900558056
0.68,0.6112294783982389,0.011683822596180409,0.37708669900558056
0.7000000000000001,0.6112294783982389,0.011683822596180409,0.37708669900558056
0.72,0.6112294783982389,0.011683822596180409,0.37708669900558056
0.74,0.6112294783982389,0.011683822596180409,0.37708669900558056
0.76,0.6112294783982389,0.011683822596180409,0.37708669900558056
0.78,0.6112294783982389,0.011683822596180409,0.37708669900558056
0.8,0.6112294783982389,0.011683822596180409,0.37708669900558056
0.8200000000000001,0.6112294783982389,0.011683822596180409,0.37708669900558056
0.84,0.6112294783982389,0.011683822596180409,0.37708669900558056
0.86,0.6112294783982389,0.011683822596180409,0.37708669900558056
0.88,0.6112294783982389,0.011683822596180409,0.37708669900558056
0.9,0.6112294783982389,0.011683822596180409,0.37708669900558056
0.92,0.6112294783982389,0.011683822596180409,0.37708669900558056
0.9400000000000001,0.6112294783982389,0.011683822596180409,0.37708669900558056
0.96,0.6112294783982389,0.011683822596180409,0.37708669900558056
0.98,0.6112294783982389,0.011683822596180409,0.37708669900558056
1.0,0.6112294783982389,0.011683822596180409,0.37708669900558056
