fraction_of_volc,OH,H2O2,TMI
0.0,0.47711888198427554,0.45749020822402225,0.06539090979170226
0.02,0.47711888198427554,0.45749020822402225,0.06539090979170226
0.04,0.47711888198427554,0.45749020822402225,0.06539090979170226
0.06,0.47711888198427554,0.45749020822402225,0.06539090979170226
0.08,0.47711888198427554,0.45749020822402225,0.06539090979170226
0.1,0.47711888198427554,0.45749020822402225,0.06539090979170226
0.12,0.47711888198427554,0.45749020822402225,0.06539090979170226
0.14,0.47711888198427554,0.45749020822402225,0.06539090979170226
0.16,0.47711888198427554,0.45749020822402225,0.06539090979170226
0.18,0.47711888198427554,0.45749020822402225,0.06539090979170226
0.2,0.47711888198427554,0.45749020822402225,0.06539090979170226
0.22,0.47711888198427554,0.45749020822402225,0.06539090979170226
0.24,0.47711888198427554,0.45749020822402225,0.06539090979170226
0.26,0.47711888198427554,0.45749020822402225,0.06539090979170226
0.28,0.47711888198427554,0.45749020822402225,0.06539090979170226
0.3,0.47711888198427554,0.45749020822402225,0.06539090979170226
0.32,0.47711888198427554,0.45749020822402225,0.06539090979170226
0.34,0.47711888198427554,0.45749020822402225,0.06539090979170226
0.36,0.47711888198427554,0.45749020822402225,0.06539090979170226
0.38,0.47711888198427554,0.45749020822402225,0.06539090979170226
0.4,0.47711888198427554,0.45749020822402225,0.06539090979170226
0.42,0.49485351104290703,0.4342289593493065,0.07091752960778652
0.44,0.5125881401015385,0.4109677104745908,0.07644414942387077
0.46,0.53032276916017,0.38770646159987504,0.08197076923995504
0.48,0.5480573982188014,0.3644452127251593,0.0874973890560393
0.5,0.5657920272774329,0.3411839638504436,0.09302400887212356
0.52,0.5835266563360644,0.3179227149757278,0.09855062868820783
0.54,0.6012612853946958,0.29466146610101207,0.10407724850429208
0.56,0.6189959144533274,0.27140021722629637,0.10960386832037633
0.58,0.6367305435119588,0.2481389683515806,0.1151304881364606
0.6,0.6544651725705903,0.22487771947686486,0.12065710795254486
0.62,0.6721998016292218,0.2016164706021491,0.12618372776862913
0.64,0.6899344306878532,0.1783552217274334,0.1317103475847134
0.66,0.7076690597464848,0.15509397285271764,0.13723696740079763
0.68,0.7254036888051162,0.13183272397800191,0.1427635872168819
0.7000000000000001,0.7254036888051162,0.13183272397800191,0.1427635872168819
0.72,0.7254036888051162,0.13183272397800191,0.1427635872168819
0.74,0.7254036888051162,0.13183272397800191,0.1427635872168819
0.76,0.7254036888051162,0.13183272397800191,0.1427635872168819
0.78,0.7254036888051162,0.13183272397800191,0.1427635872168819
0.8,0.7254036888051162,0.13183272397800191,0.1427635872168819
0.8200000000000001,0.7254036888051162,0.13183272397800191,0.1427635872168819
0.84,0.7254036888051162,0.13183272397800191,0.1427635872168819
0.86,0.7254036888051162,0.13183272397800191,0.1427635872168819
0.88,0.7254036888051162,0.13183272397800191,0.1427635872168819
0.9,0.7254036888051162,0.13183272397800191,0.1427635872168819
0.92,0.7254036888051162,0.13183272397800191,0.1427635872168819
0.9400000000000001,0.7254036888051162,0.13183272397800191,0.1427635872168819
0.96,0.7254036888051162,0.13183272397800191,0.1427635872168819
0.98,0.7254036888051162,0.13183272397800191,0.1427635872168819
1.0,0.7254036888051162,0.13183272397800191,0.1427635872168819
