fraction_of_volc,OH,H2O2,TMI
0.0,0.5628720404101515,0.31974992870704927,0.11737803088279918
0.02,0.5628720404101515,0.31974992870704927,0.11737803088279918
0.04,0.5628720404101515,0.31974992870704927,0.11737803088279918
0.06,0.5628720404101515,0.31974992870704927,0.11737803088279918
0.08,0.5628720404101515,0.31974992870704927,0.11737803088279918
0.1,0.5628720404101515,0.31974992870704927,0.11737803088279918
0.12,0.5628720404101515,0.31974992870704927,0.11737803088279918
0.14,0.5628720404101515,0.31974992870704927,0.11737803088279918
0.16,0.5628720404101515,0.31974992870704927,0.11737803088279918
0.18,0.5628720404101515,0.31974992870704927,0.11737803088279918
0.2,0.5628720404101515,0.31974992870704927,0.11737803088279918
0.22,0.5628720404101515,0.31974992870704927,0.11737803088279918
0.24,0.5628720404101515,0.31974992870704927,0.11737803088279918
0.26,0.5660526881897463,0.30877928956962064,0.125168022240633
0.28,0.569233335969341,0.29780865043219207,0.13295801359846685
0.3,0.5724139837489358,0.28683801129476344,0.1407480049563007
0.32,0.5755946315285306,0.27586737215733487,0.14853799631413453
0.34,0.5787752793081253,0.26489673301990624,0.15632798767196837
0.36,0.5819559270877201,0.25392609388247767,0.16411797902980219
0.38,0.585136574867315,0.24295545474504904,0.17190797038763606
0.4,0.5883172226469097,0.23198481560762044,0.17969796174546987
0.42,0.5914978704265045,0.22101417647019184,0.1874879531033037
0.44,0.5914978704265045,0.22101417647019184,0.1874879531033037
0.46,0.5914978704265045,0.22101417647019184,0.1874879531033037
0.48,0.5914978704265045,0.22101417647019184,0.1874879531033037
0.5,0.5914978704265045,0.22101417647019184,0.1874879531033037
0.52,0.5914978704265045,0.22101417647019184,0.1874879531033037
0.54,0.5914978704265045,0.22101417647019184,0.1874879531033037
0.56,0.5914978704265045,0.22101417647019184,0.1874879531033037
0.58,0.5914978704265045,0.22101417647019184,0.1874879531033037
0.6,0.5914978704265045,0.22101417647019184,0.1874879531033037
0.62,0.5914978704265045,0.22101417647019184,0.1874879531033037
0.64,0.5914978704265045,0.22101417647019184,0.1874879531033037
0.66,0.5914978704265045,0.22101417647019184,0.1874879531033037
0.68,0.5914978704265045,0.22101417647019184,0.1874879531033037
0.7000000000000001,0.5914978704265045,0.22101417647019184,0.1874879531033037
0.72,0.5914978704265045,0.22101417647019184,0.1874879531033037
0.74,0.5914978704265045,0.22101417647019184,0.1874879531033037
0.76,0.5914978704265045,0.22101417647019184,0.1874879531033037
0.78,0.5914978704265045,0.22101417647019184,0.1874879531033037
0.8,0.5914978704265045,0.22101417647019184,0.1874879531033037
0.8200000000000001,0.5914978704265045,0.22101417647019184,0.1874879531033037
0.84,0.5914978704265045,0.22101417647019184,0.1874879531033037
0.86,0.5914978704265045,0.22101417647019184,0.1874879531033037
0.88,0.5914978704265045,0.22101417647019184,0.1874879531033037
0.9,0.5914978704265045,0.22101417647019184,0.1874879531033037
0.92,0.5914978704265045,0.22101417647019184,0.1874879531033037
0.9400000000000001,0.5914978704265045,0.22101417647019184,0.1874879531033037
0.96,0.5914978704265045,0.22101417647019184,0.1874879531033037
0.98,0.5914978704265045,0.22101417647019184,0.1874879531033037
1.0,0.5914978704265045,0.22101417647019184,0.1874879531033037
