fraction_of_volc,OH,H2O2,TMI
0.0,0.3638062963317585,0.19278981717612756,0.4434038864921139
0.02,0.3638062963317585,0.19278981717612756,0.4434038864921139
0.04,0.3638062963317585,0.19278981717612756,0.4434038864921139
0.06,0.3638062963317585,0.19278981717612756,0.4434038864921139
0.08,0.3638062963317585,0.19278981717612756,0.4434038864921139
0.1,0.3638062963317585,0.19278981717612756,0.4434038864921139
0.12,0.3638062963317585,0.19278981717612756,0.4434038864921139
0.14,0.3638062963317585,0.19278981717612756,0.4434038864921139
0.16,0.3638062963317585,0.19278981717612756,0.4434038864921139
0.18,0.3638062963317585,0.19278981717612756,0.4434038864921139
0.2,0.3638062963317585,0.19278981717612756,0.4434038864921139
0.22,0.3638062963317585,0.19278981717612756,0.4434038864921139
0.24,0.3736630720768689,0.1898230549001064,0.43651387302302463
0.26,0.38351984782197923,0.18685629262408524,0.42962385955393545
0.28,0.39337662356708963,0.1838895303480641,0.4227338460848462
0.3,0.40323339931220004,0.18092276807204294,0.41584383261575697
0.32,0.4130901750573104,0.17795600579602178,0.40895381914666773
0.34,0.4229469508024208,0.17498924352000061,0.4020638056775785
0.36,0.4328037265475312,0.17202248124397945,0.3951737922084893
0.38,0.44266050229264153,0.1690557189679583,0.38828377873940007
0.4,0.45251727803775194,0.16608895669193713,0.3813937652703108
0.42,0.46237405378286234,0.163122194415916,0.37450375180122164
0.44,0.4722308295279727,0.16015543213989483,0.3676137383321324
0.46,0.4820876052730831,0.15718866986387367,0.36072372486304316
0.48,0.4919443810181935,0.1542219075878525,0.3538337113939539
0.5,0.5018011567633038,0.15125514531183137,0.3469436979248647
0.52,0.5116579325084143,0.1482883830358102,0.3400536844557755
0.54,0.5215147082535246,0.14532162075978905,0.33316367098668626
0.56,0.531371483998635,0.1423548584837679,0.326273657517597
0.58,0.5412282597437454,0.13938809620774673,0.31938364404850783
0.6,0.5510850354888558,0.13642133393172556,0.3124936305794186
0.62,0.5609418112339661,0.1334545716557044,0.30560361711032935
0.64,0.5707985869790766,0.13048780937968324,0.2987136036412401
0.66,0.5806553627241869,0.1275210471036621,0.29182359017215087
0.68,0.5905121384692973,0.12455428482764094,0.2849335767030617
0.7000000000000001,0.6003689142144077,0.12158752255161978,0.27804356323397245
0.72,0.6102256899595181,0.11862076027559863,0.2711535497648832
0.74,0.6200824657046284,0.11565399799957747,0.264263536295794
0.76,0.6299392414497389,0.11268723572355631,0.2573735228267048
0.78,0.6397960171948492,0.10972047344753516,0.25048350935761554
0.8,0.6496527929399596,0.106753711171514,0.2435934958885263
0.8200000000000001,0.65950956868507,0.10378694889549284,0.2367034824194371
0.84,0.6693663444301804,0.10082018661947169,0.22981346895034788
0.86,0.6792231201752907,0.09785342434345053,0.22292345548125864
0.88,0.6890798959204012,0.09488666206742936,0.21603344201216942
0.9,0.6890798959204012,0.09488666206742936,0.21603344201216942
0.92,0.6890798959204012,0.09488666206742936,0.21603344201216942
0.9400000000000001,0.6890798959204012,0.09488666206742936,0.21603344201216942
0.96,0.6890798959204012,0.09488666206742936,0.21603344201216942
0.98,0.6890798959204012,0.09488666206742936,0.21603344201216942
1.0,0.6890798959204012,0.09488666206742936,0.21603344201216942
