fraction_of_volc,OH,H2O2,TMI
0.0,0.14885829122677183,0.7175269010071043,0.133614807766124
0.02,0.14885829122677183,0.7175269010071043,0.133614807766124
0.04,0.14885829122677183,0.7175269010071043,0.133614807766124
0.06,0.14885829122677183,0.7175269010071043,0.133614807766124
0.08,0.14885829122677183,0.7175269010071043,0.133614807766124
0.1,0.14885829122677183,0.7175269010071043,0.133614807766124
0.12,0.14885829122677183,0.7175269010071043,0.133614807766124
0.14,0.14885829122677183,0.7175269010071043,0.133614807766124
0.16,0.14885829122677183,0.7175269010071043,0.133614807766124
0.18,0.14885829122677183,0.7175269010071043,0.133614807766124
0.2,0.14885829122677183,0.7175269010071043,0.133614807766124
0.22,0.14885829122677183,0.7175269010071043,0.133614807766124
0.24,0.14885829122677183,0.7175269010071043,0.133614807766124
0.26,0.14885829122677183,0.7175269010071043,0.133614807766124
0.28,0.14885829122677183,0.7175269010071043,0.133614807766124
0.3,0.14885829122677183,0.7175269010071043,0.133614807766124
0.32,0.14885829122677183,0.7175269010071043,0.133614807766124
0.34,0.14885829122677183,0.7175269010071043,0.133614807766124
0.36,0.14885829122677183,0.7175269010071043,0.133614807766124
0.38,0.14885829122677183,0.7175269010071043,0.133614807766124
0.4,0.14885829122677183,0.7175269010071043,0.133614807766124
0.42,0.14885829122677183,0.7175269010071043,0.133614807766124
0.44,0.14885829122677183,0.7175269010071043,0.133614807766124
0.46,0.14885829122677183,0.7175269010071043,0.133614807766124
0.48,0.14885829122677183,0.7175269010071043,0.133614807766124
0.5,0.14885829122677183,0.7175269010071043,0.133614807766124
0.52,0.14885829122677183,0.7175269010071043,0.133614807766124
0.54,0.14885829122677183,0.7175269010071043,0.133614807766124
0.56,0.14885829122677183,0.7175269010071043,0.133614807766124
0.58,0.14885829122677183,0.7175269010071043,0.133614807766124
0.6,0.14885829122677183,0.7175269010071043,0.133614807766124
0.62,0.14885829122677183,0.7175269010071043,0.133614807766124
0.64,0.14885829122677183,0.7175269010071043,0.133614807766124
0.66,0.14885829122677183,0.7175269010071043,0.133614807766124
0.68,0.14885829122677183,0.7175269010071043,0.133614807766124
0.7000000000000001,0.14885829122677183,0.7175269010071043,0.133614807766124
0.72,0.14885829122677183,0.7175269010071043,0.133614807766124
0.74,0.14885829122677183,0.7175269010071043,0.133614807766124
0.76,0.14885829122677183,0.7175269010071043,0.133614807766124
0.78,0.14885829122677183,0.7175269010071043,0.133614807766124
0.8,0.14885829122677183,0.7175269010071043,0.133614807766124
0.8200000000000001,0.14885829122677183,0.7175269010071043,0.133614807766124
0.84,0.14885829122677183,0.7175269010071043,0.133614807766124
0.86,0.1478847538779011,0.6367729852719419,0.21534226085015706
0.88,0.14691121652903036,0.5560190695367795,0.2970697139341901
0.9,0.14593767918015962,0.47526515380161716,0.37879716701822325
0.92,0.14496414183128892,0.3945112380664548,0.4605246201022563
0.9400000000000001,0.14399060448241818,0.3137573223312924,0.5422520731862894
0.96,0.14301706713354745,0.23300340659613006,0.6239795262703225
0.98,0.14204352978467671,0.15224949086096762,0.7057069793543556
1.0,0.14204352978467671,0.15224949086096762,0.7057069793543556
