fraction_of_volc,OH,H2O2,TMI
0.0,0.16595677208311432,0.16414000890134775,0.6699032190155378
0.02,0.16595677208311432,0.16414000890134775,0.6699032190155378
0.04,0.16595677208311432,0.16414000890134775,0.6699032190155378
0.06,0.16595677208311432,0.16414000890134775,0.6699032190155378
0.08,0.16595677208311432,0.16414000890134775,0.6699032190155378
0.1,0.16595677208311432,0.16414000890134775,0.6699032190155378
0.12,0.16595677208311432,0.16414000890134775,0.6699032190155378
0.14,0.16595677208311432,0.16414000890134775,0.6699032190155378
0.16,0.16595677208311432,0.16414000890134775,0.6699032190155378
0.18,0.16595677208311432,0.16414000890134775,0.6699032190155378
0.2,0.16595677208311432,0.16414000890134775,0.6699032190155378
0.22,0.16595677208311432,0.16414000890134775,0.6699032190155378
0.24,0.16595677208311432,0.16414000890134775,0.6699032190155378
0.26,0.16595677208311432,0.16414000890134775,0.6699032190155378
0.28,0.16595677208311432,0.16414000890134775,0.6699032190155378
0.3,0.16595677208311432,0.16414000890134775,0.6699032190155378
0.32,0.16595677208311432,0.16414000890134775,0.6699032190155378
0.34,0.18840324350962026,0.15425209915633037,0.6573446573340492
0.36,0.21084971493612623,0.14436418941131302,0.6447860956525607
0.38,0.23329618636263216,0.13447627966629563,0.6322275339710721
0.4,0.25574265778913813,0.12458836992127825,0.6196689722895836
0.42,0.2781891292156441,0.11470046017626088,0.607110410608095
0.44,0.30063560064215,0.10481255043124352,0.5945518489266064
0.46,0.32308207206865597,0.09492464068622614,0.5819932872451179
0.48,0.34552854349516193,0.08503673094120877,0.5694347255636293
0.5,0.36797501492166784,0.0751488211961914,0.5568761638821408
0.52,0.3904214863481738,0.06526091145117402,0.5443176022006522
0.54,0.4128679577746798,0.05537300170615665,0.5317590405191637
0.56,0.4353144292011857,0.045485091961139285,0.5192004788376751
0.58,0.45776090062769165,0.0355971822161219,0.5066419171561864
0.6,0.4802073720541976,0.025709272471104522,0.49408335547469795
0.62,0.5026538434807035,0.01582136272608717,0.48152479379320934
0.64,0.5026538434807035,0.01582136272608717,0.48152479379320934
0.66,0.5026538434807035,0.01582136272608717,0.48152479379320934
0.68,0.5026538434807035,0.01582136272608717,0.48152479379320934
0.7000000000000001,0.5026538434807035,0.01582136272608717,0.48152479379320934
0.72,0.5026538434807035,0.01582136272608717,0.48152479379320934
0.74,0.5026538434807035,0.01582136272608717,0.48152479379320934
0.76,0.5026538434807035,0.01582136272608717,0.48152479379320934
0.78,0.5026538434807035,0.01582136272608717,0.48152479379320934
0.8,0.5026538434807035,0.01582136272608717,0.48152479379320934
0.8200000000000001,0.5026538434807035,0.01582136272608717,0.48152479379320934
0.84,0.5026538434807035,0.01582136272608717,0.48152479379320934
0.86,0.5026538434807035,0.01582136272608717,0.48152479379320934
0.88,0.5026538434807035,0.01582136272608717,0.48152479379320934
0.9,0.5026538434807035,0.01582136272608717,0.48152479379320934
0.92,0.5026538434807035,0.01582136272608717,0.48152479379320934
0.9400000000000001,0.5026538434807035,0.01582136272608717,0.48152479379320934
0.96,0.5026538434807035,0.01582136272608717,0.48152479379320934
0.98,0.5026538434807035,0.01582136272608717,0.48152479379320934
1.0,0.5026538434807035,0.01582136272608717,0.48152479379320934
