fraction_of_volc,OH,H2O2,TMI
0.0,0.26021733268920433,0.570038875074475,0.16974379223632077
0.02,0.26021733268920433,0.570038875074475,0.16974379223632077
0.04,0.26021733268920433,0.570038875074475,0.16974379223632077
0.06,0.26021733268920433,0.570038875074475,0.16974379223632077
0.08,0.25857025957887037,0.5581103805804957,0.18331935984063408
0.1,0.2569231864685364,0.5461818860865164,0.19689492744494735
0.12,0.2552761133582024,0.534253391592537,0.21047049504926066
0.14,0.2536290402478684,0.5223248970985578,0.22404606265357396
0.16,0.25198196713753446,0.5103964026045784,0.23762163025788724
0.18,0.2503348940272005,0.4984679081105991,0.2511971978622005
0.2,0.2486878209168665,0.4865394136166198,0.26477276546651385
0.22,0.2470407478065325,0.4746109191226404,0.2783483330708271
0.24,0.24539367469619855,0.4626824246286611,0.2919239006751404
0.26,0.2437466015858646,0.4507539301346818,0.30549946827945373
0.28,0.2420995284755306,0.4388254356407024,0.31907503588376707
0.3,0.24045245536519663,0.42689694114672316,0.3326506034880803
0.32,0.23880538225486264,0.4149684466527438,0.3462261710923936
0.34,0.23715830914452868,0.4030399521587645,0.35980173869670695
0.36,0.23551123603419472,0.39111145766478517,0.3733773063010202
0.38,0.23386416292386072,0.3791829631708058,0.3869528739053335
0.4,0.23221708981352673,0.36725446867682654,0.40052844150964684
0.42,0.23057001670319277,0.35532597418284717,0.41410400911396006
0.44,0.2289229435928588,0.34339747968886786,0.4276795767182734
0.46,0.22727587048252482,0.33146898519488854,0.4412551443225867
0.48,0.22562879737219085,0.3195404907009092,0.45483071192689994
0.5,0.22398172426185686,0.30761199620692986,0.4684062795312133
0.52,0.2223346511515229,0.29568350171295055,0.4819818471355266
0.54,0.22068757804118894,0.28375500721897123,0.49555741473983983
0.56,0.21904050493085495,0.2718265127249919,0.5091329823441532
0.58,0.21739343182052095,0.25989801823101255,0.5227085499484665
0.6,0.215746358710187,0.24796952373703324,0.5362841175527797
0.62,0.21409928559985303,0.23604102924305392,0.549859685157093
0.64,0.21245221248951904,0.2241125347490746,0.5634352527614064
0.66,0.21080513937918507,0.21218404025509524,0.5770108203657196
0.68,0.20915806626885108,0.20025554576111593,0.5905863879700329
0.7000000000000001,0.20751099315851712,0.1883270512671366,0.6041619555743463
0.72,0.20586392004818316,0.1763985567731573,0.6177375231786595
0.74,0.20421684693784917,0.164470062279178,0.6313130907829728
0.76,0.2025697738275152,0.15254156778519862,0.6448886583872862
0.78,0.2009227007171812,0.1406130732912193,0.6584642259915994
0.8,0.19927562760684725,0.12868457879724,0.6720397935959127
0.8200000000000001,0.1976285544965133,0.11675608430326068,0.685615361200226
0.84,0.1959814813861793,0.10482758980928131,0.6991909288045393
0.86,0.1943344082758453,0.092899095315302,0.7127664964088526
0.88,0.19268733516551134,0.08097060082132268,0.7263420640131659
0.9,0.19104026205517738,0.06904210632734331,0.7399176316174791
0.92,0.1893931889448434,0.05711361183336405,0.7534931992217925
0.9400000000000001,0.18774611583450942,0.045185117339384684,0.7670687668261058
0.96,0.18609904272417543,0.033256622845405426,0.780644334430419
0.98,0.18445196961384147,0.02132812835142609,0.7942199020347324
1.0,0.18445196961384147,0.02132812835142609,0.7942199020347324
