fraction_of_volc,OH,H2O2,TMI
0.0,0.22054338123906522,0.7542820770431562,0.025174541717778606
0.02,0.22054338123906522,0.7542820770431562,0.025174541717778606
0.04,0.22054338123906522,0.7542820770431562,0.025174541717778606
0.06,0.22054338123906522,0.7542820770431562,0.025174541717778606
0.08,0.22054338123906522,0.7542820770431562,0.025174541717778606
0.1,0.22054338123906522,0.7542820770431562,0.025174541717778606
0.12,0.22054338123906522,0.7542820770431562,0.025174541717778606
0.14,0.22054338123906522,0.7542820770431562,0.025174541717778606
0.16,0.22054338123906522,0.7542820770431562,0.025174541717778606
0.18,0.22054338123906522,0.7542820770431562,0.025174541717778606
0.2,0.22054338123906522,0.7542820770431562,0.025174541717778606
0.22,0.22054338123906522,0.7542820770431562,0.025174541717778606
0.24,0.22054338123906522,0.7542820770431562,0.025174541717778606
0.26,0.22054338123906522,0.7542820770431562,0.025174541717778606
0.28,0.22054338123906522,0.7542820770431562,0.025174541717778606
0.3,0.22054338123906522,0.7542820770431562,0.025174541717778606
0.32,0.22054338123906522,0.7542820770431562,0.025174541717778606
0.34,0.22054338123906522,0.7542820770431562,0.025174541717778606
0.36,0.22054338123906522,0.7542820770431562,0.025174541717778606
0.38,0.22054338123906522,0.7542820770431562,0.025174541717778606
0.4,0.22054338123906522,0.7542820770431562,0.025174541717778606
0.42,0.22054338123906522,0.7542820770431562,0.025174541717778606
0.44,0.21285044722553703,0.7383848563708033,0.04876469640365973
0.46,0.20515751321200884,0.7224876356984503,0.07235485108954084
0.48,0.19746457919848065,0.7065904150260974,0.09594500577542196
0.5,0.18977164518495246,0.6906931943537444,0.11953516046130308
0.52,0.18207871117142427,0.6747959736813915,0.14312531514718418
0.54,0.17438577715789608,0.6588987530090387,0.16671546983306532
0.56,0.16669284314436789,0.6430015323366857,0.19030562451894645
0.58,0.1589999091308397,0.6271043116643328,0.21389577920482755
0.6,0.1513069751173115,0.6112070909919798,0.23748593389070866
0.62,0.14361404110378334,0.5953098703196269,0.26107608857658976
0.64,0.13592110709025512,0.579412649647274,0.2846662432624709
0.66,0.12822817307672696,0.5635154289749211,0.308256397948352
0.68,0.12053523906319875,0.5476182083025681,0.3318465526342331
0.7000000000000001,0.12053523906319875,0.5476182083025681,0.3318465526342331
0.72,0.12053523906319875,0.5476182083025681,0.3318465526342331
0.74,0.12053523906319875,0.5476182083025681,0.3318465526342331
0.76,0.12053523906319875,0.5476182083025681,0.3318465526342331
0.78,0.12053523906319875,0.5476182083025681,0.3318465526342331
0.8,0.12053523906319875,0.5476182083025681,0.3318465526342331
0.8200000000000001,0.12053523906319875,0.5476182083025681,0.3318465526342331
0.84,0.12053523906319875,0.5476182083025681,0.3318465526342331
0.86,0.12053523906319875,0.5476182083025681,0.3318465526342331
0.88,0.12053523906319875,0.5476182083025681,0.3318465526342331
0.9,0.12053523906319875,0.5476182083025681,0.3318465526342331
0.92,0.12053523906319875,0.5476182083025681,0.3318465526342331
0.9400000000000001,0.12053523906319875,0.5476182083025681,0.3318465526342331
0.96,0.12053523906319875,0.5476182083025681,0.3318465526342331
0.98,0.12053523906319875,0.5476182083025681,0.3318465526342331
1.0,0.12053523906319875,0.5476182083025681,0.3318465526342331
