fraction_of_volc,OH,H2O2,TMI
0.0,0.15381841503627977,0.019455486779194515,0.8267260981845256
0.02,0.15381841503627977,0.019455486779194515,0.8267260981845256
0.04,0.15381841503627977,0.019455486779194515,0.8267260981845256
0.06,0.15381841503627977,0.019455486779194515,0.8267260981845256
0.08,0.15381841503627977,0.019455486779194515,0.8267260981845256
0.1,0.15381841503627977,0.019455486779194515,0.8267260981845256
0.12,0.15381841503627977,0.019455486779194515,0.8267260981845256
0.14,0.15381841503627977,0.019455486779194515,0.8267260981845256
0.16,0.15381841503627977,0.019455486779194515,0.8267260981845256
0.18,0.15381841503627977,0.019455486779194515,0.8267260981845256
0.2,0.15381841503627977,0.019455486779194515,0.8267260981845256
0.22,0.15381841503627977,0.019455486779194515,0.8267260981845256
0.24,0.15381841503627977,0.019455486779194515,0.8267260981845256
0.26,0.15381841503627977,0.019455486779194515,0.8267260981845256
0.28,0.15381841503627977,0.019455486779194515,0.8267260981845256
0.3,0.15381841503627977,0.019455486779194515,0.8267260981845256
0.32,0.15381841503627977,0.019455486779194515,0.8267260981845256
0.34,0.15381841503627977,0.019455486779194515,0.8267260981845256
0.36,0.15381841503627977,0.019455486779194515,0.8267260981845256
0.38,0.15381841503627977,0.019455486779194515,0.8267260981845256
0.4,0.15381841503627977,0.019455486779194515,0.8267260981845256
0.42,0.15381841503627977,0.019455486779194515,0.8267260981845256
0.44,0.15381841503627977,0.019455486779194515,0.8267260981845256
0.46,0.15381841503627977,0.019455486779194515,0.8267260981845256
0.48,0.15381841503627977,0.019455486779194515,0.8267260981845256
0.5,0.15381841503627977,0.019455486779194515,0.8267260981845256
0.52,0.15381841503627977,0.019455486779194515,0.8267260981845256
0.54,0.15381841503627977,0.019455486779194515,0.8267260981845256
0.56,0.15381841503627977,0.019455486779194515,0.8267260981845256
0.58,0.15381841503627977,0.019455486779194515,0.8267260981845256
0.6,0.15381841503627977,0.019455486779194515,0.8267260981845256
0.62,0.15381841503627977,0.019455486779194515,0.8267260981845256
0.64,0.15381841503627977,0.019455486779194515,0.8267260981845256
0.66,0.15381841503627977,0.019455486779194515,0.8267260981845256
0.68,0.15381841503627977,0.019455486779194515,0.8267260981845256
0.7000000000000001,0.15381841503627977,0.019455486779194515,0.8267260981845256
0.72,0.16154615350614707,0.05213496344775987,0.786318883046093
0.74,0.16927389197601436,0.08481444011632522,0.7459116679076603
0.76,0.17700163044588166,0.11749391678489057,0.7055044527692277
0.78,0.18472936891574895,0.15017339345345593,0.6650972376307951
0.8,0.19245710738561622,0.18285287012202128,0.6246900224923625
0.8200000000000001,0.20018484585548352,0.21553234679058664,0.5842828073539299
0.84,0.2079125843253508,0.248211823459152,0.5438755922154972
0.86,0.2156403227952181,0.28089130012771735,0.5034683770770646
0.88,0.2233680612650854,0.3135707767962827,0.463061161938632
0.9,0.2310957997349527,0.34625025346484806,0.42265394680019935
0.92,0.23882353820482,0.3789297301334134,0.3822467316617667
0.9400000000000001,0.23882353820482,0.3789297301334134,0.3822467316617667
0.96,0.23882353820482,0.3789297301334134,0.3822467316617667
0.98,0.23882353820482,0.3789297301334134,0.3822467316617667
1.0,0.23882353820482,0.3789297301334134,0.3822467316617667
