fraction_of_volc,OH,H2O2,TMI
0.0,0.07704249793927734,0.0333561706766357,0.8896013313840869
0.02,0.07704249793927734,0.0333561706766357,0.8896013313840869
0.04,0.07704249793927734,0.0333561706766357,0.8896013313840869
0.06,0.07704249793927734,0.0333561706766357,0.8896013313840869
0.08,0.07704249793927734,0.0333561706766357,0.8896013313840869
0.1,0.07704249793927734,0.0333561706766357,0.8896013313840869
0.12,0.07704249793927734,0.0333561706766357,0.8896013313840869
0.14,0.07704249793927734,0.0333561706766357,0.8896013313840869
0.16,0.07704249793927734,0.0333561706766357,0.8896013313840869
0.18,0.07704249793927734,0.0333561706766357,0.8896013313840869
0.2,0.07704249793927734,0.0333561706766357,0.8896013313840869
0.22,0.07704249793927734,0.0333561706766357,0.8896013313840869
0.24,0.07704249793927734,0.0333561706766357,0.8896013313840869
0.26,0.07704249793927734,0.0333561706766357,0.8896013313840869
0.28,0.07704249793927734,0.0333561706766357,0.8896013313840869
0.3,0.07704249793927734,0.0333561706766357,0.8896013313840869
0.32,0.07704249793927734,0.0333561706766357,0.8896013313840869
0.34,0.07704249793927734,0.0333561706766357,0.8896013313840869
0.36,0.07704249793927734,0.0333561706766357,0.8896013313840869
0.38,0.07704249793927734,0.0333561706766357,0.8896013313840869
0.4,0.07704249793927734,0.0333561706766357,0.8896013313840869
0.42,0.07704249793927734,0.0333561706766357,0.8896013313840869
0.44,0.07704249793927734,0.0333561706766357,0.8896013313840869
0.46,0.07704249793927734,0.0333561706766357,0.8896013313840869
0.48,0.07704249793927734,0.0333561706766357,0.8896013313840869
0.5,0.07704249793927734,0.0333561706766357,0.8896013313840869
0.52,0.07704249793927734,0.0333561706766357,0.8896013313840869
0.54,0.07098073119637296,0.0310413656192122,0.8979779031844148
0.56,0.0649189644534686,0.028726560561788697,0.9063544749847426
0.58,0.05885719771056423,0.02641175550436519,0.9147310467850706
0.6,0.05279543096765987,0.02409695044694169,0.9231076185853984
0.62,0.0467336642247555,0.021782145389518184,0.9314841903857263
0.64,0.040671897481851134,0.01946734033209468,0.9398607621860542
0.66,0.03461013073894677,0.017152535274671178,0.948237333986382
0.68,0.0285483639960424,0.014837730217247675,0.9566139057867099
0.7000000000000001,0.022486597253138035,0.012522925159824172,0.9649904775870377
0.72,0.01642483051023367,0.010208120102400669,0.9733670493873656
0.74,0.010363063767329303,0.007893315044977166,0.9817436211876934
0.76,0.004301297024424927,0.005578509987553663,0.9901201929880213
0.78,0.004301297024424927,0.005578509987553663,0.9901201929880213
0.8,0.004301297024424927,0.005578509987553663,0.9901201929880213
0.8200000000000001,0.004301297024424927,0.005578509987553663,0.9901201929880213
0.84,0.004301297024424927,0.005578509987553663,0.9901201929880213
0.86,0.004301297024424927,0.005578509987553663,0.9901201929880213
0.88,0.004301297024424927,0.005578509987553663,0.9901201929880213
0.9,0.004301297024424927,0.005578509987553663,0.9901201929880213
0.92,0.004301297024424927,0.005578509987553663,0.9901201929880213
0.9400000000000001,0.004301297024424927,0.005578509987553663,0.9901201929880213
0.96,0.004301297024424927,0.005578509987553663,0.9901201929880213
0.98,0.004301297024424927,0.005578509987553663,0.9901201929880213
1.0,0.004301297024424927,0.005578509987553663,0.9901201929880213
