fraction_of_volc,OH,H2O2,TMI
0.0,0.4972591162627962,0.1832160127466937,0.3195248709905101
0.02,0.4972591162627962,0.1832160127466937,0.3195248709905101
0.04,0.4972591162627962,0.1832160127466937,0.3195248709905101
0.06,0.4972591162627962,0.1832160127466937,0.3195248709905101
0.08,0.4972591162627962,0.1832160127466937,0.3195248709905101
0.1,0.4972591162627962,0.1832160127466937,0.3195248709905101
0.12,0.4972591162627962,0.1832160127466937,0.3195248709905101
0.14,0.4972591162627962,0.1832160127466937,0.3195248709905101
0.16,0.4972591162627962,0.1832160127466937,0.3195248709905101
0.18,0.4972591162627962,0.1832160127466937,0.3195248709905101
0.2,0.4972591162627962,0.1832160127466937,0.3195248709905101
0.22,0.4972591162627962,0.1832160127466937,0.3195248709905101
0.24,0.4972591162627962,0.1832160127466937,0.3195248709905101
0.26,0.4972591162627962,0.1832160127466937,0.3195248709905101
0.28,0.4972591162627962,0.1832160127466937,0.3195248709905101
0.3,0.4972591162627962,0.1832160127466937,0.3195248709905101
0.32,0.4972591162627962,0.1832160127466937,0.3195248709905101
0.34,0.4972591162627962,0.1832160127466937,0.3195248709905101
0.36,0.4972591162627962,0.1832160127466937,0.3195248709905101
0.38,0.4972591162627962,0.1832160127466937,0.3195248709905101
0.4,0.4972591162627962,0.1832160127466937,0.3195248709905101
0.42,0.4972591162627962,0.1832160127466937,0.3195248709905101
0.44,0.4972591162627962,0.1832160127466937,0.3195248709905101
0.46,0.4972591162627962,0.1832160127466937,0.3195248709905101
0.48,0.4777775743104984,0.18263255247903648,0.3395898732104651
0.5,0.4582960323582006,0.18204909221137927,0.3596548754304201
0.52,0.4388144904059028,0.18146563194372206,0.37971987765037507
0.54,0.419332948453605,0.18088217167606485,0.39978487987033007
0.56,0.39985140650130724,0.18029871140840764,0.41984988209028506
0.58,0.38036986454900945,0.17971525114075043,0.43991488431024006
0.6,0.36088832259671166,0.17913179087309322,0.45997988653019506
0.62,0.3414067806444139,0.178548330605436,0.48004488875015006
0.64,0.3219252386921161,0.1779648703377788,0.500109890970105
0.66,0.3024436967398183,0.1773814100701216,0.52017489319006
0.68,0.2829621547875205,0.17679794980246438,0.540239895410015
0.7000000000000001,0.2634806128352227,0.17621448953480717,0.56030489762997
0.72,0.24399907088292494,0.17563102926715,0.5803698998499249
0.74,0.22451752893062715,0.17504756899949278,0.60043490206988
0.76,0.20503598697832937,0.17446410873183557,0.6204999042898349
0.78,0.18555444502603158,0.17388064846417836,0.64056490650979
0.8,0.1660729030737338,0.17329718819652115,0.6606299087297449
0.8200000000000001,0.146591361121436,0.17271372792886394,0.6806949109497
0.84,0.12710981916913822,0.17213026766120673,0.7007599131696549
0.86,0.10762827721684043,0.17154680739354952,0.72082491538961
0.88,0.08814673526454264,0.1709633471258923,0.7408899176095649
0.9,0.06866519331224485,0.1703798868582351,0.76095491982952
0.92,0.04918365135994707,0.1697964265905779,0.7810199220494749
0.9400000000000001,0.029702109407649283,0.16921296632292068,0.8010849242694299
0.96,0.029702109407649283,0.16921296632292068,0.8010849242694299
0.98,0.029702109407649283,0.16921296632292068,0.8010849242694299
1.0,0.029702109407649283,0.16921296632292068,0.8010849242694299
