fraction_of_volc,OH,H2O2,TMI
0.0,0.26918342118575406,0.6782417389381502,0.052574839876095826
0.02,0.26918342118575406,0.6782417389381502,0.052574839876095826
0.04,0.26918342118575406,0.6782417389381502,0.052574839876095826
0.06,0.26918342118575406,0.6782417389381502,0.052574839876095826
0.08,0.26918342118575406,0.6782417389381502,0.052574839876095826
0.1,0.26918342118575406,0.6782417389381502,0.052574839876095826
0.12,0.26918342118575406,0.6782417389381502,0.052574839876095826
0.14,0.26918342118575406,0.6782417389381502,0.052574839876095826
0.16,0.26918342118575406,0.6782417389381502,0.052574839876095826
0.18,0.26918342118575406,0.6782417389381502,0.052574839876095826
0.2,0.26918342118575406,0.6782417389381502,0.052574839876095826
0.22,0.26918342118575406,0.6782417389381502,0.052574839876095826
0.24,0.26918342118575406,0.6782417389381502,0.052574839876095826
0.26,0.26918342118575406,0.6782417389381502,0.052574839876095826
0.28,0.26918342118575406,0.6782417389381502,0.052574839876095826
0.3,0.26918342118575406,0.6782417389381502,0.052574839876095826
0.32,0.26918342118575406,0.6782417389381502,0.052574839876095826
0.34,0.26918342118575406,0.6782417389381502,0.052574839876095826
0.36,0.26918342118575406,0.6782417389381502,0.052574839876095826
0.38,0.26918342118575406,0.6782417389381502,0.052574839876095826
0.4,0.26918342118575406,0.6782417389381502,0.052574839876095826
0.42,0.26918342118575406,0.6782417389381502,0.052574839876095826
0.44,0.26918342118575406,0.6782417389381502,0.052574839876095826
0.46,0.26918342118575406,0.6782417389381502,0.052574839876095826
0.48,0.26918342118575406,0.6782417389381502,0.052574839876095826
0.5,0.26918342118575406,0.6782417389381502,0.052574839876095826
0.52,0.28967406931279754,0.6607205507599164,0.04960537992728607
0.54,0.3101647174398411,0.6431993625816826,0.04663591997847631
0.56,0.3306553655668846,0.625678174403449,0.04366646002966656
0.58,0.35114601369392806,0.6081569862252152,0.040697000080856804
0.6,0.3716366618209716,0.5906357980469814,0.037727540132047044
0.62,0.3921273099480151,0.5731146098687476,0.03475808018323729
0.64,0.41261795807505863,0.5555934216905138,0.031788620234427536
0.66,0.4331086062021021,0.5380722335122801,0.028819160285617776
0.68,0.4535992543291456,0.5205510453340464,0.02584970033680802
0.7000000000000001,0.47408990245618915,0.5030298571558126,0.022880240387998265
0.72,0.47408990245618915,0.5030298571558126,0.022880240387998265
0.74,0.47408990245618915,0.5030298571558126,0.022880240387998265
0.76,0.47408990245618915,0.5030298571558126,0.022880240387998265
0.78,0.47408990245618915,0.5030298571558126,0.022880240387998265
0.8,0.47408990245618915,0.5030298571558126,0.022880240387998265
0.8200000000000001,0.47408990245618915,0.5030298571558126,0.022880240387998265
0.84,0.47408990245618915,0.5030298571558126,0.022880240387998265
0.86,0.47408990245618915,0.5030298571558126,0.022880240387998265
0.88,0.47408990245618915,0.5030298571558126,0.022880240387998265
0.9,0.47408990245618915,0.5030298571558126,0.022880240387998265
0.92,0.47408990245618915,0.5030298571558126,0.022880240387998265
0.9400000000000001,0.47408990245618915,0.5030298571558126,0.022880240387998265
0.96,0.47408990245618915,0.5030298571558126,0.022880240387998265
0.98,0.47408990245618915,0.5030298571558126,0.022880240387998265
1.0,0.47408990245618915,0.5030298571558126,0.022880240387998265
