fraction_of_volc,OH,H2O2,TMI
0.0,0.8851565336550816,0.01400516674209326,0.10083829960282509
0.02,0.8851565336550816,0.01400516674209326,0.10083829960282509
0.04,0.8851565336550816,0.01400516674209326,0.10083829960282509
0.06,0.8851565336550816,0.01400516674209326,0.10083829960282509
0.08,0.8851565336550816,0.01400516674209326,0.10083829960282509
0.1,0.8851565336550816,0.01400516674209326,0.10083829960282509
0.12,0.8851565336550816,0.01400516674209326,0.10083829960282509
0.14,0.8851565336550816,0.01400516674209326,0.10083829960282509
0.16,0.8851565336550816,0.01400516674209326,0.10083829960282509
0.18,0.8851565336550816,0.01400516674209326,0.10083829960282509
0.2,0.8851565336550816,0.01400516674209326,0.10083829960282509
0.22,0.8851565336550816,0.01400516674209326,0.10083829960282509
0.24,0.8851565336550816,0.01400516674209326,0.10083829960282509
0.26,0.8851565336550816,0.01400516674209326,0.10083829960282509
0.28,0.8851565336550816,0.01400516674209326,0.10083829960282509
0.3,0.8851565336550816,0.01400516674209326,0.10083829960282509
0.32,0.8851565336550816,0.01400516674209326,0.10083829960282509
0.34,0.8851565336550816,0.01400516674209326,0.10083829960282509
0.36,0.8851565336550816,0.01400516674209326,0.10083829960282509
0.38,0.8851565336550816,0.01400516674209326,0.10083829960282509
0.4,0.8851565336550816,0.01400516674209326,0.10083829960282509
0.42,0.8851565336550816,0.01400516674209326,0.10083829960282509
0.44,0.8851565336550816,0.01400516674209326,0.10083829960282509
0.46,0.8851565336550816,0.01400516674209326,0.10083829960282509
0.48,0.8851565336550816,0.01400516674209326,0.10083829960282509
0.5,0.8851565336550816,0.01400516674209326,0.10083829960282509
0.52,0.8851565336550816,0.01400516674209326,0.10083829960282509
0.54,0.8851565336550816,0.01400516674209326,0.10083829960282509
0.56,0.8851565336550816,0.01400516674209326,0.10083829960282509
0.58,0.8851565336550816,0.01400516674209326,0.10083829960282509
0.6,0.8851565336550816,0.01400516674209326,0.10083829960282509
0.62,0.8851565336550816,0.01400516674209326,0.10083829960282509
0.64,0.8851565336550816,0.01400516674209326,0.10083829960282509
0.66,0.8851565336550816,0.01400516674209326,0.10083829960282509
0.68,0.8851565336550816,0.01400516674209326,0.10083829960282509
0.7000000000000001,0.8851565336550816,0.01400516674209326,0.10083829960282509
0.72,0.8056307760599238,0.05973523937894232,0.13463398456113385
0.74,0.7261050184647659,0.10546531201579137,0.1684296695194426
0.76,0.6465792608696082,0.15119538465264043,0.2022253544777514
0.78,0.5670535032744504,0.1969254572894895,0.23602103943606015
0.8,0.4875277456792926,0.24265552992633854,0.2698167243943689
0.8200000000000001,0.40800198808413474,0.28838560256318757,0.3036124093526777
0.84,0.3284762304889769,0.33411567520003665,0.33740809431098645
0.86,0.2489504728938191,0.3798457478368857,0.3712037792692952
0.88,0.16942471529866132,0.4255758204737347,0.40499946422760397
0.9,0.16942471529866132,0.4255758204737347,0.40499946422760397
0.92,0.16942471529866132,0.4255758204737347,0.40499946422760397
0.9400000000000001,0.16942471529866132,0.4255758204737347,0.40499946422760397
0.96,0.16942471529866132,0.4255758204737347,0.40499946422760397
0.98,0.16942471529866132,0.4255758204737347,0.40499946422760397
1.0,0.16942471529866132,0.4255758204737347,0.40499946422760397
