fraction_of_volc,OH,H2O2,TMI
0.0,0.3917813056053123,0.1342792001463523,0.4739394942483354
0.02,0.3917813056053123,0.1342792001463523,0.4739394942483354
0.04,0.3917813056053123,0.1342792001463523,0.4739394942483354
0.06,0.3917813056053123,0.1342792001463523,0.4739394942483354
0.08,0.3917813056053123,0.1342792001463523,0.4739394942483354
0.1,0.3917813056053123,0.1342792001463523,0.4739394942483354
0.12,0.3917813056053123,0.1342792001463523,0.4739394942483354
0.14,0.3917813056053123,0.1342792001463523,0.4739394942483354
0.16,0.3917813056053123,0.1342792001463523,0.4739394942483354
0.18,0.3917813056053123,0.1342792001463523,0.4739394942483354
0.2,0.3917813056053123,0.1342792001463523,0.4739394942483354
0.22,0.3917813056053123,0.1342792001463523,0.4739394942483354
0.24,0.3917813056053123,0.1342792001463523,0.4739394942483354
0.26,0.3877388636849897,0.12856998966290395,0.4836911466521064
0.28,0.3836964217646671,0.12286077917945559,0.49344279905587735
0.3,0.3796539798443445,0.11715156869600722,0.5031944514596483
0.32,0.3756115379240219,0.11144235821255886,0.5129461038634192
0.34,0.3715690960036993,0.10573314772911051,0.5226977562671902
0.36,0.3675266540833767,0.10002393724566214,0.5324494086709611
0.38,0.3634842121630541,0.09431472676221378,0.5422010610747321
0.4,0.3594417702427315,0.08860551627876542,0.551952713478503
0.42,0.35539932832240895,0.08289630579531707,0.561704365882274
0.44,0.35135688640208634,0.07718709531186871,0.5714560182860449
0.46,0.34731444448176374,0.07147788482842034,0.5812076706898159
0.48,0.34327200256144114,0.06576867434497198,0.5909593230935868
0.5,0.33922956064111853,0.060059463861523624,0.6007109754973577
0.52,0.33518711872079593,0.05435025337807525,0.6104626279011287
0.54,0.3311446768004733,0.048641042894626896,0.6202142803048997
0.56,0.3271022348801507,0.04293183241117854,0.6299659327086706
0.58,0.3230597929598281,0.03722262192773019,0.6397175851124416
0.6,0.3230597929598281,0.03722262192773019,0.6397175851124416
0.62,0.3230597929598281,0.03722262192773019,0.6397175851124416
0.64,0.3230597929598281,0.03722262192773019,0.6397175851124416
0.66,0.3230597929598281,0.03722262192773019,0.6397175851124416
0.68,0.3230597929598281,0.03722262192773019,0.6397175851124416
0.7000000000000001,0.3230597929598281,0.03722262192773019,0.6397175851124416
0.72,0.3230597929598281,0.03722262192773019,0.6397175851124416
0.74,0.3230597929598281,0.03722262192773019,0.6397175851124416
0.76,0.3230597929598281,0.03722262192773019,0.6397175851124416
0.78,0.3230597929598281,0.03722262192773019,0.6397175851124416
0.8,0.3230597929598281,0.03722262192773019,0.6397175851124416
0.8200000000000001,0.3230597929598281,0.03722262192773019,0.6397175851124416
0.84,0.3230597929598281,0.03722262192773019,0.6397175851124416
0.86,0.3230597929598281,0.03722262192773019,0.6397175851124416
0.88,0.3230597929598281,0.03722262192773019,0.6397175851124416
0.9,0.3230597929598281,0.03722262192773019,0.6397175851124416
0.92,0.3230597929598281,0.03722262192773019,0.6397175851124416
0.9400000000000001,0.3230597929598281,0.03722262192773019,0.6397175851124416
0.96,0.3230597929598281,0.03722262192773019,0.6397175851124416
0.98,0.3230597929598281,0.03722262192773019,0.6397175851124416
1.0,0.3230597929598281,0.03722262192773019,0.6397175851124416
