fraction_of_volc,OH,H2O2,TMI
0.0,0.1715495164131981,0.2791245533057363,0.5493259302810656
0.02,0.1715495164131981,0.2791245533057363,0.5493259302810656
0.04,0.1715495164131981,0.2791245533057363,0.5493259302810656
0.06,0.1715495164131981,0.2791245533057363,0.5493259302810656
0.08,0.1715495164131981,0.2791245533057363,0.5493259302810656
0.1,0.1715495164131981,0.2791245533057363,0.5493259302810656
0.12,0.1715495164131981,0.2791245533057363,0.5493259302810656
0.14,0.1715495164131981,0.2791245533057363,0.5493259302810656
0.16,0.1715495164131981,0.2791245533057363,0.5493259302810656
0.18,0.1715495164131981,0.2791245533057363,0.5493259302810656
0.2,0.1715495164131981,0.2791245533057363,0.5493259302810656
0.22,0.1715495164131981,0.2791245533057363,0.5493259302810656
0.24,0.1715495164131981,0.2791245533057363,0.5493259302810656
0.26,0.1715495164131981,0.2791245533057363,0.5493259302810656
0.28,0.1715495164131981,0.2791245533057363,0.5493259302810656
0.3,0.1715495164131981,0.2791245533057363,0.5493259302810656
0.32,0.1715495164131981,0.2791245533057363,0.5493259302810656
0.34,0.1715495164131981,0.2791245533057363,0.5493259302810656
0.36,0.1715495164131981,0.2791245533057363,0.5493259302810656
0.38,0.1715495164131981,0.2791245533057363,0.5493259302810656
0.4,0.1715495164131981,0.2791245533057363,0.5493259302810656
0.42,0.18727348373634273,0.2748412576726831,0.5378852585909741
0.44,0.20299745105948735,0.27055796203962984,0.5264445869008828
0.46,0.218721418382632,0.2662746664065766,0.5150039152107914
0.48,0.23444538570577664,0.26199137077352336,0.5035632435207
0.5,0.2501693530289213,0.2577080751404701,0.49212257183060865
0.52,0.2658933203520659,0.2534247795074169,0.48068190014051726
0.54,0.28161728767521055,0.2491414838743636,0.4692412284504258
0.56,0.2973412549983552,0.24485818824131036,0.4578005567603345
0.58,0.3130652223214998,0.24057489260825712,0.44635988507024305
0.6,0.32878918964464443,0.23629159697520388,0.4349192133801517
0.62,0.34451315696778906,0.2320083013421506,0.4234785416900603
0.64,0.3602371242909337,0.22772500570909737,0.4120378699999689
0.66,0.3759610916140783,0.22344171007604413,0.4005971983098775
0.68,0.391685058937223,0.2191584144429909,0.3891565266197861
0.7000000000000001,0.4074090262603676,0.21487511880993765,0.3777158549296947
0.72,0.42313299358351225,0.2105918231768844,0.36627518323960334
0.74,0.4388569609066569,0.20630852754383117,0.35483451154951196
0.76,0.4545809282298015,0.20202523191077792,0.34339383985942057
0.78,0.4545809282298015,0.20202523191077792,0.34339383985942057
0.8,0.4545809282298015,0.20202523191077792,0.34339383985942057
0.8200000000000001,0.4545809282298015,0.20202523191077792,0.34339383985942057
0.84,0.4545809282298015,0.20202523191077792,0.34339383985942057
0.86,0.4545809282298015,0.20202523191077792,0.34339383985942057
0.88,0.4545809282298015,0.20202523191077792,0.34339383985942057
0.9,0.4545809282298015,0.20202523191077792,0.34339383985942057
0.92,0.4545809282298015,0.20202523191077792,0.34339383985942057
0.9400000000000001,0.4545809282298015,0.20202523191077792,0.34339383985942057
0.96,0.4545809282298015,0.20202523191077792,0.34339383985942057
0.98,0.4545809282298015,0.20202523191077792,0.34339383985942057
1.0,0.4545809282298015,0.20202523191077792,0.34339383985942057
