fraction_of_volc,OH,H2O2,TMI
0.0,0.17058500845821611,0.07554465300145988,0.753870338540324
0.02,0.17058500845821611,0.07554465300145988,0.753870338540324
0.04,0.17058500845821611,0.07554465300145988,0.753870338540324
0.06,0.17058500845821611,0.07554465300145988,0.753870338540324
0.08,0.17058500845821611,0.07554465300145988,0.753870338540324
0.1,0.17058500845821611,0.07554465300145988,0.753870338540324
0.12,0.17058500845821611,0.07554465300145988,0.753870338540324
0.14,0.17058500845821611,0.07554465300145988,0.753870338540324
0.16,0.17058500845821611,0.07554465300145988,0.753870338540324
0.18,0.17058500845821611,0.07554465300145988,0.753870338540324
0.2,0.170602020690558,0.09187173886777768,0.7375262404416644
0.22,0.17061903292289987,0.10819882473409548,0.7211821423430047
0.24,0.17063604515524178,0.12452591060041326,0.7048380442443449
0.26,0.17065305738758366,0.14085299646673105,0.6884939461456853
0.28,0.17067006961992554,0.15718008233304887,0.6721498480470256
0.3,0.1706870818522674,0.17350716819936665,0.6558057499483659
0.32,0.1707040940846093,0.18983425406568444,0.6394616518497063
0.34,0.1707211063169512,0.20616133993200225,0.6231175537510466
0.36,0.17073811854929308,0.22248842579832004,0.6067734556523869
0.38,0.17075513078163496,0.23881551166463785,0.5904293575537272
0.4,0.17077214301397683,0.25514259753095564,0.5740852594550675
0.42,0.17078915524631874,0.2714696833972734,0.5577411613564078
0.44,0.17080616747866062,0.2877967692635912,0.5413970632577482
0.46,0.1708231797110025,0.304123855129909,0.5250529651590885
0.48,0.17084019194334438,0.32045094099622684,0.5087088670604288
0.5,0.17085720417568626,0.33677802686254465,0.4923647689617691
0.52,0.17087421640802816,0.35310511272886247,0.47602067086310945
0.54,0.17089122864037004,0.3694321985951802,0.45967657276444973
0.56,0.17090824087271192,0.385759284461498,0.44333247466579007
0.58,0.1709252531050538,0.4020863703278158,0.4269883765671304
0.6,0.17094226533739568,0.4184134561941336,0.4106442784684707
0.62,0.17095927756973758,0.43474054206045143,0.394300180369811
0.64,0.17097628980207946,0.45106762792676924,0.37795608227115135
0.66,0.17099330203442134,0.46739471379308695,0.36161198417249163
0.68,0.17101031426676322,0.48372179965940476,0.34526788607383196
0.7000000000000001,0.1710273264991051,0.5000488855257226,0.3289237879751723
0.72,0.171044338731447,0.5163759713920404,0.31257968987651263
0.74,0.17106135096378888,0.5327030572583582,0.2962355917778529
0.76,0.17107836319613076,0.549030143124676,0.27989149367919325
0.78,0.17109537542847264,0.5653572289909938,0.2635473955805336
0.8,0.17111238766081455,0.5816843148573115,0.24720329748187386
0.8200000000000001,0.17112939989315643,0.5980114007236293,0.2308591993832142
0.84,0.1711464121254983,0.6143384865899472,0.21451510128455453
0.86,0.17116342435784018,0.630665572456265,0.19817100318589487
0.88,0.17118043659018206,0.6469926583225828,0.1818269050872352
0.9,0.17119744882252397,0.6633197441889005,0.16548280698857543
0.92,0.17121446105486585,0.6796468300552183,0.14913870888991576
0.9400000000000001,0.17123147328720772,0.6959739159215361,0.13279461079125604
0.96,0.17123147328720772,0.6959739159215361,0.13279461079125604
0.98,0.17123147328720772,0.6959739159215361,0.13279461079125604
1.0,0.17123147328720772,0.6959739159215361,0.13279461079125604
