fraction_of_volc,OH,H2O2,TMI
0.0,0.7095909545871792,0.25424225068886774,0.03616679472395299
0.02,0.7095909545871792,0.25424225068886774,0.03616679472395299
0.04,0.696359861581224,0.24988761757408326,0.05375252084469278
0.06,0.6831287685752686,0.24553298445929878,0.07133824696543256
0.08,0.6698976755693133,0.2411783513445143,0.08892397308617236
0.1,0.6566665825633581,0.2368237182297298,0.10650969920691214
0.12,0.6434354895574027,0.2324690851149453,0.12409542532765194
0.14,0.6302043965514474,0.22811445200016084,0.14168115144839172
0.16,0.6169733035454921,0.22375981888537633,0.15926687756913152
0.18,0.6037422105395368,0.21940518577059184,0.1768526036898713
0.2,0.5905111175335815,0.21505055265580736,0.19443832981061107
0.22,0.5772800245276262,0.21069591954102287,0.21202405593135087
0.24,0.5640489315216709,0.2063412864262384,0.22960978205209068
0.26,0.5508178385157156,0.2019866533114539,0.24719550817283045
0.28,0.5375867455097603,0.19763202019666942,0.26478123429357026
0.3,0.524355652503805,0.19327738708188494,0.28236696041431003
0.32,0.5111245594978497,0.18892275396710045,0.29995268653504986
0.34,0.49789346649189437,0.18456812085231594,0.31753841265578964
0.36,0.4846623734859391,0.18021348773753149,0.3351241387765294
0.38,0.4714312804799838,0.17585885462274697,0.3527098648972692
0.4,0.45820018747402846,0.1715042215079625,0.370295591018009
0.42,0.4449690944680732,0.167149588393178,0.3878813171387488
0.44,0.4317380014621179,0.16279495527839352,0.40546704325948857
0.46,0.41850690845616256,0.15844032216360904,0.4230527693802284
0.48,0.40527581545020724,0.15408568904882455,0.4406384955009682
0.5,0.392044722444252,0.14973105593404007,0.45822422162170795
0.52,0.37881362943829666,0.14537642281925556,0.4758099477424477
0.54,0.36558253643234134,0.1410217897044711,0.4933956738631875
0.56,0.3523514434263861,0.1366671565896866,0.5109813999839273
0.58,0.33912035042043076,0.13231252347490213,0.528567126104667
0.6,0.32588925741447544,0.12795789036011762,0.5461528522254069
0.62,0.3126581644085201,0.12360325724533314,0.5637385783461467
0.64,0.29942707140256486,0.11924862413054865,0.5813243044668864
0.66,0.28619597839660954,0.11489399101576417,0.5989100305876263
0.68,0.2729648853906542,0.11053935790097968,0.6164957567083661
0.7000000000000001,0.25973379238469896,0.1061847247861952,0.6340814828291058
0.72,0.24650269937874364,0.10183009167141072,0.6516672089498456
0.74,0.23327160637278832,0.09747545855662623,0.6692529350705854
0.76,0.220040513366833,0.09312082544184175,0.6868386611913252
0.78,0.220040513366833,0.09312082544184175,0.6868386611913252
0.8,0.220040513366833,0.09312082544184175,0.6868386611913252
0.8200000000000001,0.220040513366833,0.09312082544184175,0.6868386611913252
0.84,0.220040513366833,0.09312082544184175,0.6868386611913252
0.86,0.220040513366833,0.09312082544184175,0.6868386611913252
0.88,0.220040513366833,0.09312082544184175,0.6868386611913252
0.9,0.220040513366833,0.09312082544184175,0.6868386611913252
0.92,0.220040513366833,0.09312082544184175,0.6868386611913252
0.9400000000000001,0.220040513366833,0.09312082544184175,0.6868386611913252
0.96,0.220040513366833,0.09312082544184175,0.6868386611913252
0.98,0.220040513366833,0.09312082544184175,0.6868386611913252
1.0,0.220040513366833,0.09312082544184175,0.6868386611913252
