fraction_of_volc,OH,H2O2,TMI
0.0,0.5187561755852842,0.347673953588099,0.1335698708266169
0.02,0.5187561755852842,0.347673953588099,0.1335698708266169
0.04,0.5187561755852842,0.347673953588099,0.1335698708266169
0.06,0.5187561755852842,0.347673953588099,0.1335698708266169
0.08,0.5187561755852842,0.347673953588099,0.1335698708266169
0.1,0.5187561755852842,0.347673953588099,0.1335698708266169
0.12,0.5187561755852842,0.347673953588099,0.1335698708266169
0.14,0.5187561755852842,0.347673953588099,0.1335698708266169
0.16,0.5187561755852842,0.347673953588099,0.1335698708266169
0.18,0.5187561755852842,0.347673953588099,0.1335698708266169
0.2,0.5187561755852842,0.347673953588099,0.1335698708266169
0.22,0.5187561755852842,0.347673953588099,0.1335698708266169
0.24,0.5187561755852842,0.347673953588099,0.1335698708266169
0.26,0.5187561755852842,0.347673953588099,0.1335698708266169
0.28,0.5187561755852842,0.347673953588099,0.1335698708266169
0.3,0.5187561755852842,0.347673953588099,0.1335698708266169
0.32,0.5187561755852842,0.347673953588099,0.1335698708266169
0.34,0.5187561755852842,0.347673953588099,0.1335698708266169
0.36,0.5187561755852842,0.347673953588099,0.1335698708266169
0.38,0.5187561755852842,0.347673953588099,0.1335698708266169
0.4,0.5125994907136334,0.33671012038499093,0.15069038890137573
0.42,0.5064428058419826,0.3257462871818829,0.16781090697613457
0.44,0.5002861209703318,0.31478245397877486,0.18493142505089338
0.46,0.49412943609868104,0.30381862077566685,0.20205194312565222
0.48,0.4879727512270302,0.2928547875725588,0.21917246120041106
0.5,0.48181606635537944,0.2818909543694508,0.2362929792751699
0.52,0.47565938148372866,0.2709271211663427,0.25341349734992874
0.54,0.46950269661207783,0.2599632879632347,0.2705340154246876
0.56,0.46334601174042706,0.24899945476012664,0.2876545334994464
0.58,0.4571893268687762,0.23803562155701863,0.30477505157420526
0.6,0.45103264199712545,0.22707178835391056,0.3218955696489641
0.62,0.4448759571254747,0.21610795515080253,0.33901608772372294
0.64,0.43871927225382384,0.2051441219476945,0.3561366057984817
0.66,0.43256258738217307,0.19418028874458645,0.3732571238732406
0.68,0.42640590251052224,0.18321645554147842,0.3903776419479994
0.7000000000000001,0.42024921763887146,0.17225262233837038,0.4074981600227583
0.72,0.4140925327672207,0.16128878913526234,0.4246186780975171
0.74,0.4079358478955699,0.1503249559321543,0.44173919617227597
0.76,0.4017791630239191,0.13936112272904627,0.45885971424703476
0.78,0.3956224781522683,0.12839728952593824,0.47598023232179365
0.8,0.3894657932806175,0.1174334563228302,0.49310075039655243
0.8200000000000001,0.3833091084089667,0.10646962311972215,0.5102212684713112
0.84,0.3833091084089667,0.10646962311972215,0.5102212684713112
0.86,0.3833091084089667,0.10646962311972215,0.5102212684713112
0.88,0.3833091084089667,0.10646962311972215,0.5102212684713112
0.9,0.3833091084089667,0.10646962311972215,0.5102212684713112
0.92,0.3833091084089667,0.10646962311972215,0.5102212684713112
0.9400000000000001,0.3833091084089667,0.10646962311972215,0.5102212684713112
0.96,0.3833091084089667,0.10646962311972215,0.5102212684713112
0.98,0.3833091084089667,0.10646962311972215,0.5102212684713112
1.0,0.3833091084089667,0.10646962311972215,0.5102212684713112
