fraction_of_volc,OH,H2O2,TMI
0.0,0.7587822460784313,0.013421630049056619,0.2277961238725121
0.02,0.7587822460784313,0.013421630049056619,0.2277961238725121
0.04,0.7587822460784313,0.013421630049056619,0.2277961238725121
0.06,0.7587822460784313,0.013421630049056619,0.2277961238725121
0.08,0.7587822460784313,0.013421630049056619,0.2277961238725121
0.1,0.7587822460784313,0.013421630049056619,0.2277961238725121
0.12,0.7587822460784313,0.013421630049056619,0.2277961238725121
0.14,0.7587822460784313,0.013421630049056619,0.2277961238725121
0.16,0.7587822460784313,0.013421630049056619,0.2277961238725121
0.18,0.7587822460784313,0.013421630049056619,0.2277961238725121
0.2,0.7587822460784313,0.013421630049056619,0.2277961238725121
0.22,0.7587822460784313,0.013421630049056619,0.2277961238725121
0.24,0.7587822460784313,0.013421630049056619,0.2277961238725121
0.26,0.7587822460784313,0.013421630049056619,0.2277961238725121
0.28,0.7587822460784313,0.013421630049056619,0.2277961238725121
0.3,0.7587822460784313,0.013421630049056619,0.2277961238725121
0.32,0.7587822460784313,0.013421630049056619,0.2277961238725121
0.34,0.7587822460784313,0.013421630049056619,0.2277961238725121
0.36,0.7587822460784313,0.013421630049056619,0.2277961238725121
0.38,0.7587822460784313,0.013421630049056619,0.2277961238725121
0.4,0.7587822460784313,0.013421630049056619,0.2277961238725121
0.42,0.7587822460784313,0.013421630049056619,0.2277961238725121
0.44,0.7587822460784313,0.013421630049056619,0.2277961238725121
0.46,0.7587822460784313,0.013421630049056619,0.2277961238725121
0.48,0.7314980712796388,0.028970607160964862,0.23953132155939635
0.5,0.7042138964808463,0.0445195842728731,0.2512665192462806
0.52,0.6769297216820538,0.060068561384781345,0.2630017169331648
0.54,0.6496455468832614,0.07561753849668959,0.27473691462004907
0.56,0.622361372084469,0.09116651560859783,0.28647211230693326
0.58,0.5950771972856764,0.10671549272050608,0.2982073099938175
0.6,0.5677930224868839,0.12226446983241432,0.30994250768070175
0.62,0.5405088476880915,0.13781344694432254,0.321677705367586
0.64,0.5132246728892991,0.1533624240562308,0.33341290305447024
0.66,0.48594049809050655,0.16891140116813902,0.3451481007413545
0.68,0.4586563232917141,0.18446037828004727,0.35688329842823874
0.7000000000000001,0.4313721484929216,0.20000935539195552,0.368618496115123
0.72,0.40408797369412913,0.21555833250386375,0.3803536938020072
0.74,0.40408797369412913,0.21555833250386375,0.3803536938020072
0.76,0.40408797369412913,0.21555833250386375,0.3803536938020072
0.78,0.40408797369412913,0.21555833250386375,0.3803536938020072
0.8,0.40408797369412913,0.21555833250386375,0.3803536938020072
0.8200000000000001,0.40408797369412913,0.21555833250386375,0.3803536938020072
0.84,0.40408797369412913,0.21555833250386375,0.3803536938020072
0.86,0.40408797369412913,0.21555833250386375,0.3803536938020072
0.88,0.40408797369412913,0.21555833250386375,0.3803536938020072
0.9,0.40408797369412913,0.21555833250386375,0.3803536938020072
0.92,0.40408797369412913,0.21555833250386375,0.3803536938020072
0.9400000000000001,0.40408797369412913,0.21555833250386375,0.3803536938020072
0.96,0.40408797369412913,0.21555833250386375,0.3803536938020072
0.98,0.40408797369412913,0.21555833250386375,0.3803536938020072
1.0,0.40408797369412913,0.21555833250386375,0.3803536938020072
