fraction_of_volc,OH,H2O2,TMI
0.0,0.6106774966045518,0.3777766961696731,0.011545807225775088
0.02,0.6106774966045518,0.3777766961696731,0.011545807225775088
0.04,0.6106774966045518,0.3777766961696731,0.011545807225775088
0.06,0.6106774966045518,0.3777766961696731,0.011545807225775088
0.08,0.6106774966045518,0.3777766961696731,0.011545807225775088
0.1,0.6106774966045518,0.3777766961696731,0.011545807225775088
0.12,0.6106774966045518,0.3777766961696731,0.011545807225775088
0.14,0.6106774966045518,0.3777766961696731,0.011545807225775088
0.16,0.6106774966045518,0.3777766961696731,0.011545807225775088
0.18,0.6106774966045518,0.3777766961696731,0.011545807225775088
0.2,0.6106774966045518,0.3777766961696731,0.011545807225775088
0.22,0.6106774966045518,0.3777766961696731,0.011545807225775088
0.24,0.6106774966045518,0.3777766961696731,0.011545807225775088
0.26,0.6106774966045518,0.3777766961696731,0.011545807225775088
0.28,0.6106774966045518,0.3777766961696731,0.011545807225775088
0.3,0.6106774966045518,0.3777766961696731,0.011545807225775088
0.32,0.6106774966045518,0.3777766961696731,0.011545807225775088
0.34,0.6106774966045518,0.3777766961696731,0.011545807225775088
0.36,0.6106774966045518,0.3777766961696731,0.011545807225775088
0.38,0.6106774966045518,0.3777766961696731,0.011545807225775088
0.4,0.6106774966045518,0.3777766961696731,0.011545807225775088
0.42,0.6106774966045518,0.3777766961696731,0.011545807225775088
0.44,0.6106774966045518,0.3777766961696731,0.011545807225775088
0.46,0.6106774966045518,0.3777766961696731,0.011545807225775088
0.48,0.6106774966045518,0.3777766961696731,0.011545807225775088
0.5,0.6106774966045518,0.3777766961696731,0.011545807225775088
0.52,0.6106774966045518,0.3777766961696731,0.011545807225775088
0.54,0.6106774966045518,0.3777766961696731,0.011545807225775088
0.56,0.6106774966045518,0.3777766961696731,0.011545807225775088
0.58,0.6106774966045518,0.3777766961696731,0.011545807225775088
0.6,0.6106774966045518,0.3777766961696731,0.011545807225775088
0.62,0.6106774966045518,0.3777766961696731,0.011545807225775088
0.64,0.5790003637715214,0.32802847285033426,0.09297116337814429
0.66,0.5473232309384911,0.2782802495309954,0.1743965195305135
0.68,0.5156460981054607,0.22853202621165658,0.2558218756828827
0.7000000000000001,0.48396896527243033,0.17878380289231777,0.3372472318352519
0.72,0.45229183243939997,0.12903557957297895,0.41867258798762114
0.74,0.42061469960636955,0.07928735625364008,0.5000979441399903
0.76,0.3889375667733392,0.029539132934301295,0.5815233002923595
0.78,0.3889375667733392,0.029539132934301295,0.5815233002923595
0.8,0.3889375667733392,0.029539132934301295,0.5815233002923595
0.8200000000000001,0.3889375667733392,0.029539132934301295,0.5815233002923595
0.84,0.3889375667733392,0.029539132934301295,0.5815233002923595
0.86,0.3889375667733392,0.029539132934301295,0.5815233002923595
0.88,0.3889375667733392,0.029539132934301295,0.5815233002923595
0.9,0.3889375667733392,0.029539132934301295,0.5815233002923595
0.92,0.3889375667733392,0.029539132934301295,0.5815233002923595
0.9400000000000001,0.3889375667733392,0.029539132934301295,0.5815233002923595
0.96,0.3889375667733392,0.029539132934301295,0.5815233002923595
0.98,0.3889375667733392,0.029539132934301295,0.5815233002923595
1.0,0.3889375667733392,0.029539132934301295,0.5815233002923595
