fraction_of_volc,OH,H2O2,TMI
0.0,0.8068083825498407,0.07094441299410112,0.12224720445605833
0.02,0.8068083825498407,0.07094441299410112,0.12224720445605833
0.04,0.8068083825498407,0.07094441299410112,0.12224720445605833
0.06,0.8068083825498407,0.07094441299410112,0.12224720445605833
0.08,0.7915736261025412,0.06909868685976375,0.1393276870376951
0.1,0.7763388696552418,0.06725296072542639,0.1564081696193319
0.12,0.7611041132079424,0.06540723459108902,0.1734886522009687
0.14,0.7458693567606429,0.06356150845675165,0.19056913478260548
0.16,0.7306346003133435,0.061715782322414287,0.20764961736424226
0.18,0.715399843866044,0.05987005618807692,0.22473009994587906
0.2,0.7001650874187446,0.05802433005373955,0.24181058252751586
0.22,0.6849303309714453,0.05617860391940219,0.2588910651091526
0.24,0.6696955745241459,0.05433287778506482,0.27597154769078946
0.26,0.6544608180768464,0.052487151650727454,0.2930520302724262
0.28,0.639226061629547,0.05064142551639009,0.31013251285406296
0.3,0.6239913051822475,0.048795699382052714,0.3272129954356998
0.32,0.6087565487349481,0.04694997324771535,0.34429347801733656
0.34,0.5935217922876487,0.04510424711337798,0.36137396059897336
0.36,0.5782870358403492,0.043258520979040614,0.37845444318061017
0.38,0.5630522793930498,0.04141279484470325,0.3955349257622469
0.4,0.5478175229457505,0.03956706871036588,0.41261540834388377
0.42,0.532582766498451,0.037721342576028515,0.4296958909255205
0.44,0.5173480100511516,0.03587561644169115,0.44677637350715727
0.46,0.5021132536038522,0.03402989030735378,0.4638568560887941
0.48,0.4868784971565527,0.032184164173016415,0.48093733867043087
0.5,0.47164374070925325,0.03033843803867905,0.4980178212520676
0.52,0.45640898426195387,0.028492711904341682,0.5150983038337045
0.54,0.44117422781465443,0.02664698577000431,0.5321787864153412
0.56,0.425939471367355,0.024801259635666942,0.5492592689969781
0.58,0.41070471492005556,0.022955533501329575,0.5663397515786148
0.6,0.3954699584727561,0.021109807366992205,0.5834202341602516
0.62,0.3954699584727561,0.021109807366992205,0.5834202341602516
0.64,0.3954699584727561,0.021109807366992205,0.5834202341602516
0.66,0.3954699584727561,0.021109807366992205,0.5834202341602516
0.68,0.3954699584727561,0.021109807366992205,0.5834202341602516
0.7000000000000001,0.3954699584727561,0.021109807366992205,0.5834202341602516
0.72,0.3954699584727561,0.021109807366992205,0.5834202341602516
0.74,0.3954699584727561,0.021109807366992205,0.5834202341602516
0.76,0.3954699584727561,0.021109807366992205,0.5834202341602516
0.78,0.3954699584727561,0.021109807366992205,0.5834202341602516
0.8,0.3954699584727561,0.021109807366992205,0.5834202341602516
0.8200000000000001,0.3954699584727561,0.021109807366992205,0.5834202341602516
0.84,0.3954699584727561,0.021109807366992205,0.5834202341602516
0.86,0.3954699584727561,0.021109807366992205,0.5834202341602516
0.88,0.3954699584727561,0.021109807366992205,0.5834202341602516
0.9,0.3954699584727561,0.021109807366992205,0.5834202341602516
0.92,0.3954699584727561,0.021109807366992205,0.5834202341602516
0.9400000000000001,0.3954699584727561,0.021109807366992205,0.5834202341602516
0.96,0.3954699584727561,0.021109807366992205,0.5834202341602516
0.98,0.3954699584727561,0.021109807366992205,0.5834202341602516
1.0,0.3954699584727561,0.021109807366992205,0.5834202341602516
