fraction_of_volc,OH,H2O2,TMI
0.0,0.009755873990598891,0.5809099348272811,0.40933419118212
0.02,0.009755873990598891,0.5809099348272811,0.40933419118212
0.04,0.009755873990598891,0.5809099348272811,0.40933419118212
0.06,0.009755873990598891,0.5809099348272811,0.40933419118212
0.08,0.009755873990598891,0.5809099348272811,0.40933419118212
0.1,0.009755873990598891,0.5809099348272811,0.40933419118212
0.12,0.009755873990598891,0.5809099348272811,0.40933419118212
0.14,0.009755873990598891,0.5809099348272811,0.40933419118212
0.16,0.009755873990598891,0.5809099348272811,0.40933419118212
0.18,0.009755873990598891,0.5809099348272811,0.40933419118212
0.2,0.009755873990598891,0.5809099348272811,0.40933419118212
0.22,0.02064182944940151,0.5720387104171724,0.4073194601334262
0.24,0.031527784908204126,0.5631674860070636,0.40530472908473236
0.26,0.04241374036700674,0.5542962615969548,0.40328999803603854
0.28,0.05329969582580936,0.545425037186846,0.4012752669873447
0.3,0.06418565128461197,0.5365538127767371,0.3992605359386509
0.32,0.07507160674341459,0.5276825883666283,0.3972458048899571
0.34,0.08595756220221722,0.5188113639565195,0.39523107384126327
0.36,0.09684351766101983,0.5099401395464107,0.39321634279256945
0.38,0.10772947311982244,0.5010689151363019,0.39120161174387563
0.4,0.11861542857862506,0.4921976907261931,0.3891868806951818
0.42,0.11861542857862506,0.4921976907261931,0.3891868806951818
0.44,0.11861542857862506,0.4921976907261931,0.3891868806951818
0.46,0.11861542857862506,0.4921976907261931,0.3891868806951818
0.48,0.11861542857862506,0.4921976907261931,0.3891868806951818
0.5,0.11861542857862506,0.4921976907261931,0.3891868806951818
0.52,0.11861542857862506,0.4921976907261931,0.3891868806951818
0.54,0.11861542857862506,0.4921976907261931,0.3891868806951818
0.56,0.11861542857862506,0.4921976907261931,0.3891868806951818
0.58,0.11861542857862506,0.4921976907261931,0.3891868806951818
0.6,0.11861542857862506,0.4921976907261931,0.3891868806951818
0.62,0.11861542857862506,0.4921976907261931,0.3891868806951818
0.64,0.11861542857862506,0.4921976907261931,0.3891868806951818
0.66,0.11861542857862506,0.4921976907261931,0.3891868806951818
0.68,0.11861542857862506,0.4921976907261931,0.3891868806951818
0.7000000000000001,0.11861542857862506,0.4921976907261931,0.3891868806951818
0.72,0.11861542857862506,0.4921976907261931,0.3891868806951818
0.74,0.11861542857862506,0.4921976907261931,0.3891868806951818
0.76,0.11861542857862506,0.4921976907261931,0.3891868806951818
0.78,0.11861542857862506,0.4921976907261931,0.3891868806951818
0.8,0.11861542857862506,0.4921976907261931,0.3891868806951818
0.8200000000000001,0.11861542857862506,0.4921976907261931,0.3891868806951818
0.84,0.11861542857862506,0.4921976907261931,0.3891868806951818
0.86,0.11861542857862506,0.4921976907261931,0.3891868806951818
0.88,0.11861542857862506,0.4921976907261931,0.3891868806951818
0.9,0.11861542857862506,0.4921976907261931,0.3891868806951818
0.92,0.11861542857862506,0.4921976907261931,0.3891868806951818
0.9400000000000001,0.11861542857862506,0.4921976907261931,0.3891868806951818
0.96,0.11861542857862506,0.4921976907261931,0.3891868806951818
0.98,0.11861542857862506,0.4921976907261931,0.3891868806951818
1.0,0.11861542857862506,0.4921976907261931,0.3891868806951818
