fraction_of_volc,OH,H2O2,TMI
0.0,0.38771659727283736,0.2854240589512851,0.32685934377587755
0.02,0.38771659727283736,0.2854240589512851,0.32685934377587755
0.04,0.38771659727283736,0.2854240589512851,0.32685934377587755
0.06,0.39691429581292853,0.2836235203803849,0.3194621838066865
0.08,0.40611199435301976,0.2818229818094848,0.3120650238374955
0.1,0.4153096928931109,0.2800224432385846,0.30466786386830447
0.12,0.4245073914332021,0.2782219046676844,0.2972707038991134
0.14,0.43370508997329327,0.2764213660967843,0.28987354392992243
0.16,0.4429027885133845,0.2746208275258841,0.2824763839607314
0.18,0.45210048705347566,0.27282028895498395,0.27507922399154033
0.2,0.46129818559356683,0.27101975038408377,0.26768206402234934
0.22,0.47049588413365806,0.26921921181318365,0.2602849040531583
0.24,0.47969358267374923,0.26741867324228347,0.25288774408396725
0.26,0.4888912812138404,0.2656181346713833,0.24549058411477623
0.28,0.4980889797539316,0.26381759610048316,0.2380934241455852
0.3,0.5072866782940227,0.262017057529583,0.23069626417639416
0.32,0.516484376834114,0.2602165189586828,0.22329910420720314
0.34,0.5256820753742051,0.2584159803877827,0.21590194423801212
0.36,0.5348797739142963,0.2566154418168825,0.20850478426882108
0.38,0.5440774724543875,0.2548149032459823,0.20110762429963006
0.4,0.5532751709944788,0.2530143646750822,0.19371046433043904
0.42,0.5624728695345699,0.251213826104182,0.186313304361248
0.44,0.5716705680746611,0.24941328753328185,0.17891614439205697
0.46,0.5808682666147522,0.2476127489623817,0.17151898442286595
0.48,0.5900659651548434,0.24581221039148154,0.1641218244536749
0.5,0.5992636636949347,0.24401167182058137,0.15672466448448388
0.52,0.6084613622350259,0.2422111332496812,0.14932750451529286
0.54,0.617659060775117,0.24041059467878104,0.14193034454610182
0.56,0.6268567593152082,0.23861005610788089,0.1345331845769108
0.58,0.6360544578552993,0.2368095175369807,0.12713602460771978
0.6,0.6452521563953906,0.23500897896608056,0.11973886463852873
0.62,0.6544498549354818,0.2332084403951804,0.11234170466933771
0.64,0.6636475534755729,0.23140790182428023,0.10494454470014669
0.66,0.6728452520156641,0.22960736325338008,0.09754738473095566
0.68,0.6728452520156641,0.22960736325338008,0.09754738473095566
0.7000000000000001,0.6728452520156641,0.22960736325338008,0.09754738473095566
0.72,0.6728452520156641,0.22960736325338008,0.09754738473095566
0.74,0.6728452520156641,0.22960736325338008,0.09754738473095566
0.76,0.6728452520156641,0.22960736325338008,0.09754738473095566
0.78,0.6728452520156641,0.22960736325338008,0.09754738473095566
0.8,0.6728452520156641,0.22960736325338008,0.09754738473095566
0.8200000000000001,0.6728452520156641,0.22960736325338008,0.09754738473095566
0.84,0.6728452520156641,0.22960736325338008,0.09754738473095566
0.86,0.6728452520156641,0.22960736325338008,0.09754738473095566
0.88,0.6728452520156641,0.22960736325338008,0.09754738473095566
0.9,0.6728452520156641,0.22960736325338008,0.09754738473095566
0.92,0.6728452520156641,0.22960736325338008,0.09754738473095566
0.9400000000000001,0.6728452520156641,0.22960736325338008,0.09754738473095566
0.96,0.6728452520156641,0.22960736325338008,0.09754738473095566
0.98,0.6728452520156641,0.22960736325338008,0.09754738473095566
1.0,0.6728452520156641,0.22960736325338008,0.09754738473095566
