fraction_of_volc,OH,H2O2,TMI
0.0,0.4744146793889442,0.1541324843124235,0.37145283629863224
0.02,0.4744146793889442,0.1541324843124235,0.37145283629863224
0.04,0.4744146793889442,0.1541324843124235,0.37145283629863224
0.06,0.4744146793889442,0.1541324843124235,0.37145283629863224
0.08,0.4744146793889442,0.1541324843124235,0.37145283629863224
0.1,0.4744146793889442,0.1541324843124235,0.37145283629863224
0.12,0.4744146793889442,0.1541324843124235,0.37145283629863224
0.14,0.4744146793889442,0.1541324843124235,0.37145283629863224
0.16,0.4744146793889442,0.1541324843124235,0.37145283629863224
0.18,0.4744146793889442,0.1541324843124235,0.37145283629863224
0.2,0.4744146793889442,0.1541324843124235,0.37145283629863224
0.22,0.4744146793889442,0.1541324843124235,0.37145283629863224
0.24,0.4744146793889442,0.1541324843124235,0.37145283629863224
0.26,0.4744146793889442,0.1541324843124235,0.37145283629863224
0.28,0.4744146793889442,0.1541324843124235,0.37145283629863224
0.3,0.4744146793889442,0.1541324843124235,0.37145283629863224
0.32,0.4744146793889442,0.1541324843124235,0.37145283629863224
0.34,0.4744146793889442,0.1541324843124235,0.37145283629863224
0.36,0.4744146793889442,0.1541324843124235,0.37145283629863224
0.38,0.4744146793889442,0.1541324843124235,0.37145283629863224
0.4,0.4744146793889442,0.1541324843124235,0.37145283629863224
0.42,0.47182993183580096,0.15864787515451934,0.36952219300967964
0.44,0.4692451842826577,0.16316326599661518,0.36759154972072705
0.46,0.46666043672951446,0.16767865683871103,0.36566090643177446
0.48,0.4640756891763712,0.17219404768080687,0.36373026314282186
0.5,0.46149094162322796,0.17670943852290272,0.3617996198538692
0.52,0.4589061940700847,0.18122482936499856,0.3598689765649166
0.54,0.45632144651694145,0.1857402202070944,0.357938333275964
0.56,0.4537366989637982,0.19025561104919025,0.35600768998701143
0.58,0.451151951410655,0.1947710018912861,0.35407704669805884
0.6,0.44856720385751175,0.19928639273338195,0.35214640340910625
0.62,0.4459824563043685,0.20380178357547776,0.35021576012015365
0.64,0.44339770875122525,0.2083171744175736,0.34828511683120106
0.66,0.440812961198082,0.21283256525966945,0.34635447354224846
0.68,0.43822821364493875,0.2173479561017653,0.3444238302532958
0.7000000000000001,0.4356434660917955,0.22186334694386114,0.3424931869643432
0.72,0.43305871853865224,0.226378737785957,0.3405625436753906
0.74,0.430473970985509,0.23089412862805284,0.33863190038643803
0.76,0.42788922343236574,0.23540951947014868,0.33670125709748544
0.78,0.42788922343236574,0.23540951947014868,0.33670125709748544
0.8,0.42788922343236574,0.23540951947014868,0.33670125709748544
0.8200000000000001,0.42788922343236574,0.23540951947014868,0.33670125709748544
0.84,0.42788922343236574,0.23540951947014868,0.33670125709748544
0.86,0.42788922343236574,0.23540951947014868,0.33670125709748544
0.88,0.42788922343236574,0.23540951947014868,0.33670125709748544
0.9,0.42788922343236574,0.23540951947014868,0.33670125709748544
0.92,0.42788922343236574,0.23540951947014868,0.33670125709748544
0.9400000000000001,0.42788922343236574,0.23540951947014868,0.33670125709748544
0.96,0.42788922343236574,0.23540951947014868,0.33670125709748544
0.98,0.42788922343236574,0.23540951947014868,0.33670125709748544
1.0,0.42788922343236574,0.23540951947014868,0.33670125709748544
