fraction_of_volc,OH,H2O2,TMI
0.0,0.728436005732459,0.15967285068635068,0.11189114358119034
0.02,0.728436005732459,0.15967285068635068,0.11189114358119034
0.04,0.728436005732459,0.15967285068635068,0.11189114358119034
0.06,0.728436005732459,0.15967285068635068,0.11189114358119034
0.08,0.728436005732459,0.15967285068635068,0.11189114358119034
0.1,0.728436005732459,0.15967285068635068,0.11189114358119034
0.12,0.728436005732459,0.15967285068635068,0.11189114358119034
0.14,0.728436005732459,0.15967285068635068,0.11189114358119034
0.16,0.728436005732459,0.15967285068635068,0.11189114358119034
0.18,0.728436005732459,0.15967285068635068,0.11189114358119034
0.2,0.728436005732459,0.15967285068635068,0.11189114358119034
0.22,0.728436005732459,0.15967285068635068,0.11189114358119034
0.24,0.728436005732459,0.15967285068635068,0.11189114358119034
0.26,0.728436005732459,0.15967285068635068,0.11189114358119034
0.28,0.728436005732459,0.15967285068635068,0.11189114358119034
0.3,0.728436005732459,0.15967285068635068,0.11189114358119034
0.32,0.728436005732459,0.15967285068635068,0.11189114358119034
0.34,0.728436005732459,0.15967285068635068,0.11189114358119034
0.36,0.728436005732459,0.15967285068635068,0.11189114358119034
0.38,0.728436005732459,0.15967285068635068,0.11189114358119034
0.4,0.728436005732459,0.15967285068635068,0.11189114358119034
0.42,0.728436005732459,0.15967285068635068,0.11189114358119034
0.44,0.728436005732459,0.15967285068635068,0.11189114358119034
0.46,0.728436005732459,0.15967285068635068,0.11189114358119034
0.48,0.728436005732459,0.15967285068635068,0.11189114358119034
0.5,0.728436005732459,0.15967285068635068,0.11189114358119034
0.52,0.728436005732459,0.15967285068635068,0.11189114358119034
0.54,0.728436005732459,0.15967285068635068,0.11189114358119034
0.56,0.728436005732459,0.15967285068635068,0.11189114358119034
0.58,0.728436005732459,0.15967285068635068,0.11189114358119034
0.6,0.728436005732459,0.15967285068635068,0.11189114358119034
0.62,0.728436005732459,0.15967285068635068,0.11189114358119034
0.64,0.728436005732459,0.15967285068635068,0.11189114358119034
0.66,0.728436005732459,0.15967285068635068,0.11189114358119034
0.68,0.728436005732459,0.15967285068635068,0.11189114358119034
0.7000000000000001,0.728436005732459,0.15967285068635068,0.11189114358119034
0.72,0.728436005732459,0.15967285068635068,0.11189114358119034
0.74,0.728436005732459,0.15967285068635068,0.11189114358119034
0.76,0.728436005732459,0.15967285068635068,0.11189114358119034
0.78,0.7263816659387463,0.15926509641194922,0.1143532376493045
0.8,0.7243273261450336,0.15885734213754776,0.11681533171741865
0.8200000000000001,0.7222729863513209,0.1584495878631463,0.11927742578553278
0.84,0.7202186465576081,0.15804183358874485,0.12173951985364694
0.86,0.7181643067638954,0.1576340793143434,0.12420161392176109
0.88,0.7161099669701828,0.15722632503994194,0.12666370798987522
0.9,0.7140556271764701,0.15681857076554048,0.12912580205798938
0.92,0.7120012873827574,0.15641081649113903,0.13158789612610353
0.9400000000000001,0.7099469475890446,0.15600306221673757,0.13404999019421768
0.96,0.7078926077953319,0.15559530794233611,0.13651208426233183
0.98,0.7078926077953319,0.15559530794233611,0.13651208426233183
1.0,0.7078926077953319,0.15559530794233611,0.13651208426233183
