fraction_of_volc,OH,H2O2,TMI
0.0,0.285614522237786,0.6755732028346362,0.038812274927577786
0.02,0.285614522237786,0.6755732028346362,0.038812274927577786
0.04,0.285614522237786,0.6755732028346362,0.038812274927577786
0.06,0.285614522237786,0.6755732028346362,0.038812274927577786
0.08,0.285614522237786,0.6755732028346362,0.038812274927577786
0.1,0.285614522237786,0.6755732028346362,0.038812274927577786
0.12,0.285614522237786,0.6755732028346362,0.038812274927577786
0.14,0.285614522237786,0.6755732028346362,0.038812274927577786
0.16,0.29387894542896564,0.6670368643652896,0.03908419020574472
0.18,0.30214336862014524,0.6585005258959431,0.03935610548391165
0.2,0.3104077918113249,0.6499641874265966,0.039628020762078574
0.22,0.3186722150025045,0.64142784895725,0.039899936040245505
0.24,0.3269366381936841,0.6328915104879034,0.04017185131841244
0.26,0.3352010613848637,0.6243551720185568,0.04044376659657937
0.28,0.34346548457604337,0.6158188335492103,0.04071568187474629
0.3,0.351729907767223,0.6072824950798638,0.040987597152913224
0.32,0.3599943309584026,0.5987461566105172,0.041259512431080156
0.34,0.36825875414958226,0.5902098181411707,0.04153142770924709
0.36,0.3765231773407619,0.5816734796718241,0.04180334298741402
0.38,0.3847876005319415,0.5731371412024776,0.04207525826558094
0.4,0.39305202372312115,0.5646008027331311,0.042347173543747875
0.42,0.40131644691430074,0.5560644642637844,0.042619088821914806
0.44,0.4095808701054804,0.5475281257944379,0.04289100410008174
0.46,0.41784529329666,0.5389917873250913,0.04316291937824866
0.48,0.42610971648783963,0.5304554488557448,0.043434834656415594
0.5,0.4343741396790193,0.5219191103863983,0.043706749934582526
0.52,0.44263856287019887,0.5133827719170517,0.04397866521274946
0.54,0.4509029860613785,0.5048464334477052,0.04425058049091639
0.56,0.45916740925255817,0.49631009497835865,0.04452249576908331
0.58,0.46743183244373776,0.48777375650901206,0.044794411047250245
0.6,0.47569625563491735,0.4792374180396655,0.045066326325417176
0.62,0.483960678826097,0.470701079570319,0.0453382416035841
0.64,0.49222510201727665,0.4621647411009724,0.04561015688175103
0.66,0.5004895252084562,0.45362840263162585,0.045882072159917964
0.68,0.508753948399636,0.4450920641622793,0.046153987438084895
0.7000000000000001,0.5170183715908155,0.4365557256929328,0.04642590271625183
0.72,0.5252827947819951,0.42801938722358623,0.04669781799441876
0.74,0.5335472179731748,0.41948304875423964,0.04696973327258568
0.76,0.5418116411643543,0.4109467102848931,0.047241648550752614
0.78,0.550076064355534,0.40241037181554656,0.047513563828919546
0.8,0.5583404875467137,0.3938740333462,0.04778547910708647
0.8200000000000001,0.5666049107378932,0.3853376948768535,0.0480573943852534
0.84,0.5748693339290729,0.3768013564075069,0.04832930966342033
0.86,0.5748693339290729,0.3768013564075069,0.04832930966342033
0.88,0.5748693339290729,0.3768013564075069,0.04832930966342033
0.9,0.5748693339290729,0.3768013564075069,0.04832930966342033
0.92,0.5748693339290729,0.3768013564075069,0.04832930966342033
0.9400000000000001,0.5748693339290729,0.3768013564075069,0.04832930966342033
0.96,0.5748693339290729,0.3768013564075069,0.04832930966342033
0.98,0.5748693339290729,0.3768013564075069,0.04832930966342033
1.0,0.5748693339290729,0.3768013564075069,0.04832930966342033
