fraction_of_volc,OH,H2O2,TMI
0.0,0.05381525404914224,0.19374691590179613,0.7524378300490616
0.02,0.05381525404914224,0.19374691590179613,0.7524378300490616
0.04,0.05381525404914224,0.19374691590179613,0.7524378300490616
0.06,0.05381525404914224,0.19374691590179613,0.7524378300490616
0.08,0.05381525404914224,0.19374691590179613,0.7524378300490616
0.1,0.05381525404914224,0.19374691590179613,0.7524378300490616
0.12,0.05381525404914224,0.19374691590179613,0.7524378300490616
0.14,0.05381525404914224,0.19374691590179613,0.7524378300490616
0.16,0.05381525404914224,0.19374691590179613,0.7524378300490616
0.18,0.05381525404914224,0.19374691590179613,0.7524378300490616
0.2,0.05381525404914224,0.19374691590179613,0.7524378300490616
0.22,0.05381525404914224,0.19374691590179613,0.7524378300490616
0.24,0.05381525404914224,0.19374691590179613,0.7524378300490616
0.26,0.05381525404914224,0.19374691590179613,0.7524378300490616
0.28,0.05381525404914224,0.19374691590179613,0.7524378300490616
0.3,0.05381525404914224,0.19374691590179613,0.7524378300490616
0.32,0.05381525404914224,0.19374691590179613,0.7524378300490616
0.34,0.05381525404914224,0.19374691590179613,0.7524378300490616
0.36,0.05381525404914224,0.19374691590179613,0.7524378300490616
0.38,0.05381525404914224,0.19374691590179613,0.7524378300490616
0.4,0.05381525404914224,0.19374691590179613,0.7524378300490616
0.42,0.05381525404914224,0.19374691590179613,0.7524378300490616
0.44,0.05381525404914224,0.19374691590179613,0.7524378300490616
0.46,0.05381525404914224,0.19374691590179613,0.7524378300490616
0.48,0.05381525404914224,0.19374691590179613,0.7524378300490616
0.5,0.05381525404914224,0.19374691590179613,0.7524378300490616
0.52,0.05381525404914224,0.19374691590179613,0.7524378300490616
0.54,0.05381525404914224,0.19374691590179613,0.7524378300490616
0.56,0.0782707565163893,0.20766175464646328,0.7140674888371474
0.58,0.10272625898363635,0.2215765933911304,0.6756971476252333
0.6,0.12718176145088342,0.23549143213579754,0.6373268064133191
0.62,0.15163726391813048,0.24940627088046466,0.5989564652014049
0.64,0.17609276638537755,0.2633211096251318,0.5605861239894907
0.66,0.2005482688526246,0.2772359483697989,0.5222157827775764
0.68,0.22500377131987165,0.29115078711446607,0.4838454415656623
0.7000000000000001,0.24945927378711874,0.3050656258591332,0.4454751003537481
0.72,0.2739147762543658,0.31898046460380036,0.4071047591418339
0.74,0.29837027872161287,0.3328953033484675,0.36873441792991973
0.76,0.3228257811888599,0.3468101420931346,0.33036407671800555
0.78,0.34728128365610694,0.36072498083780175,0.2919937355060913
0.8,0.37173678612335403,0.37463981958246884,0.25362339429417713
0.8200000000000001,0.39619228859060107,0.388554658327136,0.21525305308226295
0.84,0.42064779105784816,0.40246949707180313,0.17688271187034876
0.86,0.4451032935250952,0.4163843358164703,0.13851237065843458
0.88,0.46955879599234224,0.4302991745611374,0.1001420294465204
0.9,0.49401429845958933,0.44421401330580457,0.061771688234606215
0.92,0.5184698009268364,0.45812885205047166,0.02340134702269203
0.9400000000000001,0.5184698009268364,0.45812885205047166,0.02340134702269203
0.96,0.5184698009268364,0.45812885205047166,0.02340134702269203
0.98,0.5184698009268364,0.45812885205047166,0.02340134702269203
1.0,0.5184698009268364,0.45812885205047166,0.02340134702269203
