fraction_of_volc,OH,H2O2,TMI
0.0,0.03345642487929354,0.30337483533075066,0.6631687397899558
0.02,0.03345642487929354,0.30337483533075066,0.6631687397899558
0.04,0.03345642487929354,0.30337483533075066,0.6631687397899558
0.06,0.03345642487929354,0.30337483533075066,0.6631687397899558
0.08,0.03345642487929354,0.30337483533075066,0.6631687397899558
0.1,0.03345642487929354,0.30337483533075066,0.6631687397899558
0.12,0.03345642487929354,0.30337483533075066,0.6631687397899558
0.14,0.03345642487929354,0.30337483533075066,0.6631687397899558
0.16,0.03345642487929354,0.30337483533075066,0.6631687397899558
0.18,0.03345642487929354,0.30337483533075066,0.6631687397899558
0.2,0.03345642487929354,0.30337483533075066,0.6631687397899558
0.22,0.03345642487929354,0.30337483533075066,0.6631687397899558
0.24,0.03345642487929354,0.30337483533075066,0.6631687397899558
0.26,0.03345642487929354,0.30337483533075066,0.6631687397899558
0.28,0.03345642487929354,0.30337483533075066,0.6631687397899558
0.3,0.03345642487929354,0.30337483533075066,0.6631687397899558
0.32,0.03345642487929354,0.30337483533075066,0.6631687397899558
0.34,0.03345642487929354,0.30337483533075066,0.6631687397899558
0.36,0.03345642487929354,0.30337483533075066,0.6631687397899558
0.38,0.03345642487929354,0.30337483533075066,0.6631687397899558
0.4,0.03345642487929354,0.30337483533075066,0.6631687397899558
0.42,0.03345642487929354,0.30337483533075066,0.6631687397899558
0.44,0.03345642487929354,0.30337483533075066,0.6631687397899558
0.46,0.04290251670556061,0.30523869182953606,0.6518587914649033
0.48,0.05234860853182768,0.3071025483283215,0.6405488431398508
0.5,0.06179470035809474,0.3089664048271069,0.6292388948147983
0.52,0.07124079218436181,0.3108302613258923,0.617928946489746
0.54,0.08068688401062889,0.31269411782467776,0.6066189981646934
0.56,0.09013297583689595,0.31455797432346316,0.595309049839641
0.58,0.09957906766316302,0.31642183082224856,0.5839991015145884
0.6,0.10902515948943009,0.318285687321034,0.572689153189536
0.62,0.11847125131569716,0.3201495438198194,0.5613792048644834
0.64,0.12791734314196423,0.3220134003186048,0.550069256539431
0.66,0.13736343496823128,0.3238772568173902,0.5387593082143785
0.68,0.14680952679449838,0.32574111331617567,0.527449359889326
0.7000000000000001,0.15625561862076542,0.32760496981496107,0.5161394115642735
0.72,0.1657017104470325,0.32946882631374647,0.5048294632392211
0.74,0.17514780227329957,0.3313326828125319,0.49351951491416857
0.76,0.18459389409956664,0.3331965393113173,0.48220956658911607
0.78,0.1940399859258337,0.3350603958101027,0.47089961826406357
0.8,0.20348607775210079,0.3369242523088882,0.45958966993901107
0.8200000000000001,0.21293216957836786,0.33878810880767357,0.4482797216139586
0.84,0.21293216957836786,0.33878810880767357,0.4482797216139586
0.86,0.21293216957836786,0.33878810880767357,0.4482797216139586
0.88,0.21293216957836786,0.33878810880767357,0.4482797216139586
0.9,0.21293216957836786,0.33878810880767357,0.4482797216139586
0.92,0.21293216957836786,0.33878810880767357,0.4482797216139586
0.9400000000000001,0.21293216957836786,0.33878810880767357,0.4482797216139586
0.96,0.21293216957836786,0.33878810880767357,0.4482797216139586
0.98,0.21293216957836786,0.33878810880767357,0.4482797216139586
1.0,0.21293216957836786,0.33878810880767357,0.4482797216139586
