fraction_of_volc,OH,H2O2,TMI
0.0,0.2186149170944536,0.6773373437499677,0.10404773915557879
0.02,0.2186149170944536,0.6773373437499677,0.10404773915557879
0.04,0.2186149170944536,0.6773373437499677,0.10404773915557879
0.06,0.2186149170944536,0.6773373437499677,0.10404773915557879
0.08,0.2186149170944536,0.6773373437499677,0.10404773915557879
0.1,0.2186149170944536,0.6773373437499677,0.10404773915557879
0.12,0.2186149170944536,0.6773373437499677,0.10404773915557879
0.14,0.2186149170944536,0.6773373437499677,0.10404773915557879
0.16,0.2186149170944536,0.6773373437499677,0.10404773915557879
0.18,0.2186149170944536,0.6773373437499677,0.10404773915557879
0.2,0.2186149170944536,0.6773373437499677,0.10404773915557879
0.22,0.2186149170944536,0.6773373437499677,0.10404773915557879
0.24,0.2186149170944536,0.6773373437499677,0.10404773915557879
0.26,0.2186149170944536,0.6773373437499677,0.10404773915557879
0.28,0.2186149170944536,0.6773373437499677,0.10404773915557879
0.3,0.2186149170944536,0.6773373437499677,0.10404773915557879
0.32,0.2186149170944536,0.6773373437499677,0.10404773915557879
0.34,0.2186149170944536,0.6773373437499677,0.10404773915557879
0.36,0.2186149170944536,0.6773373437499677,0.10404773915557879
0.38,0.2186149170944536,0.6773373437499677,0.10404773915557879
0.4,0.2186149170944536,0.6773373437499677,0.10404773915557879
0.42,0.2186149170944536,0.6773373437499677,0.10404773915557879
0.44,0.2186149170944536,0.6773373437499677,0.10404773915557879
0.46,0.2186149170944536,0.6773373437499677,0.10404773915557879
0.48,0.2186149170944536,0.6773373437499677,0.10404773915557879
0.5,0.2186149170944536,0.6773373437499677,0.10404773915557879
0.52,0.2186149170944536,0.6773373437499677,0.10404773915557879
0.54,0.2186149170944536,0.6773373437499677,0.10404773915557879
0.56,0.27611866449686756,0.624116026873477,0.09976530862965545
0.58,0.33362241189928155,0.5708947099969864,0.0954828781037321
0.6,0.39112615930169553,0.5176733931204958,0.09120044757780876
0.62,0.4486299067041095,0.4644520762440051,0.08691801705188543
0.64,0.5061336541065234,0.41123075936751446,0.08263558652596208
0.66,0.5636374015089375,0.35800944249102384,0.07835315600003874
0.68,0.6211411489113514,0.30478812561453317,0.07407072547411539
0.7000000000000001,0.6786448963137655,0.25156680873804255,0.06978829494819205
0.72,0.7361486437161794,0.19834549186155193,0.06550586442226872
0.74,0.7936523911185933,0.14512417498506125,0.06122343389634537
0.76,0.8511561385210074,0.09190285810857057,0.05694100337042203
0.78,0.9086598859234213,0.03868154123208006,0.05265857284449869
0.8,0.9086598859234213,0.03868154123208006,0.05265857284449869
0.8200000000000001,0.9086598859234213,0.03868154123208006,0.05265857284449869
0.84,0.9086598859234213,0.03868154123208006,0.05265857284449869
0.86,0.9086598859234213,0.03868154123208006,0.05265857284449869
0.88,0.9086598859234213,0.03868154123208006,0.05265857284449869
0.9,0.9086598859234213,0.03868154123208006,0.05265857284449869
0.92,0.9086598859234213,0.03868154123208006,0.05265857284449869
0.9400000000000001,0.9086598859234213,0.03868154123208006,0.05265857284449869
0.96,0.9086598859234213,0.03868154123208006,0.05265857284449869
0.98,0.9086598859234213,0.03868154123208006,0.05265857284449869
1.0,0.9086598859234213,0.03868154123208006,0.05265857284449869
