fraction_of_volc,OH,H2O2,TMI
0.0,0.03496916829601122,0.8907276305293864,0.07430320117460236
0.02,0.03496916829601122,0.8907276305293864,0.07430320117460236
0.04,0.07969909142474954,0.8365910468497461,0.08370986172550442
0.06,0.12442901455348787,0.7824544631701056,0.09311652227640649
0.08,0.16915893768222617,0.7283178794904652,0.10252318282730855
0.1,0.2138888608109645,0.6741812958108249,0.1119298433782106
0.12,0.25861878393970283,0.6200447121311845,0.12133650392911266
0.14,0.30334870706844114,0.5659081284515441,0.13074316448001472
0.16,0.3480786301971795,0.5117715447719037,0.14014982503091677
0.18,0.3928085533259178,0.4576349610922633,0.14955648558181883
0.2,0.4375384764546561,0.40349837741262295,0.1589631461327209
0.22,0.48226839958339446,0.3493617937329826,0.16836980668362295
0.24,0.5269983227121328,0.2952252100533421,0.17777646723452503
0.26,0.5717282458408711,0.24108862637370176,0.1871831277854271
0.28,0.6164581689696095,0.1869520426940614,0.19658978833632915
0.3,0.6611880920983478,0.13281545901442093,0.20599644888723123
0.32,0.7059180152270861,0.07867887533478057,0.2154031094381333
0.34,0.7506479383558244,0.02454229165514019,0.22480976998903532
0.36,0.7506479383558244,0.02454229165514019,0.22480976998903532
0.38,0.7506479383558244,0.02454229165514019,0.22480976998903532
0.4,0.7506479383558244,0.02454229165514019,0.22480976998903532
0.42,0.7506479383558244,0.02454229165514019,0.22480976998903532
0.44,0.7506479383558244,0.02454229165514019,0.22480976998903532
0.46,0.7506479383558244,0.02454229165514019,0.22480976998903532
0.48,0.7506479383558244,0.02454229165514019,0.22480976998903532
0.5,0.7506479383558244,0.02454229165514019,0.22480976998903532
0.52,0.7506479383558244,0.02454229165514019,0.22480976998903532
0.54,0.7506479383558244,0.02454229165514019,0.22480976998903532
0.56,0.7506479383558244,0.02454229165514019,0.22480976998903532
0.58,0.7506479383558244,0.02454229165514019,0.22480976998903532
0.6,0.7506479383558244,0.02454229165514019,0.22480976998903532
0.62,0.7506479383558244,0.02454229165514019,0.22480976998903532
0.64,0.7506479383558244,0.02454229165514019,0.22480976998903532
0.66,0.7506479383558244,0.02454229165514019,0.22480976998903532
0.68,0.7506479383558244,0.02454229165514019,0.22480976998903532
0.7000000000000001,0.7506479383558244,0.02454229165514019,0.22480976998903532
0.72,0.7506479383558244,0.02454229165514019,0.22480976998903532
0.74,0.7506479383558244,0.02454229165514019,0.22480976998903532
0.76,0.7506479383558244,0.02454229165514019,0.22480976998903532
0.78,0.7506479383558244,0.02454229165514019,0.22480976998903532
0.8,0.7506479383558244,0.02454229165514019,0.22480976998903532
0.8200000000000001,0.7506479383558244,0.02454229165514019,0.22480976998903532
0.84,0.7506479383558244,0.02454229165514019,0.22480976998903532
0.86,0.7506479383558244,0.02454229165514019,0.22480976998903532
0.88,0.7506479383558244,0.02454229165514019,0.22480976998903532
0.9,0.7506479383558244,0.02454229165514019,0.22480976998903532
0.92,0.7506479383558244,0.02454229165514019,0.22480976998903532
0.9400000000000001,0.7506479383558244,0.02454229165514019,0.22480976998903532
0.96,0.7506479383558244,0.02454229165514019,0.22480976998903532
0.98,0.7506479383558244,0.02454229165514019,0.22480976998903532
1.0,0.7506479383558244,0.02454229165514019,0.22480976998903532
