fraction_of_volc,OH,H2O2,TMI
0.0,0.9017449601842102,0.07370176995242735,0.02455326986336238
0.02,0.9017449601842102,0.07370176995242735,0.02455326986336238
0.04,0.8787999989349551,0.08709107161936157,0.034108929445683306
0.06,0.8558550376856999,0.1004803732862958,0.043664589028004235
0.08,0.8329100764364448,0.11386967495323003,0.05322024861032516
0.1,0.8099651151871896,0.12725897662016425,0.06277590819264608
0.12,0.7870201539379345,0.14064827828709847,0.07233156777496702
0.14,0.7640751926886793,0.15403757995403272,0.08188722735728794
0.16,0.7411302314394241,0.16742688162096692,0.09144288693960888
0.18,0.718185270190169,0.18081618328790117,0.1009985465219298
0.2,0.6952403089409138,0.19420548495483536,0.11055420610425072
0.22,0.6722953476916587,0.2075947866217696,0.12010986568657166
0.24,0.6493503864424035,0.2209840882887038,0.12966552526889258
0.26,0.6264054251931483,0.23437338995563806,0.1392211848512135
0.28,0.6034604639438932,0.2477626916225723,0.14877684443353442
0.3,0.580515502694638,0.2611519932895065,0.15833250401585536
0.32,0.5575705414453829,0.27454129495644075,0.16788816359817627
0.34,0.5346255801961277,0.28793059662337495,0.1774438231804972
0.36,0.5116806189468726,0.3013198982903092,0.18699948276281814
0.38,0.48873565769761745,0.3147091999572434,0.19655514234513904
0.4,0.4657906964483623,0.32809850162417764,0.20611080192745998
0.42,0.44284573519910714,0.34148780329111184,0.21566646150978092
0.44,0.419900773949852,0.3548771049580461,0.22522212109210182
0.46,0.3969558127005969,0.3682664066249803,0.23477778067442276
0.48,0.3740108514513417,0.38165570829191453,0.2443334402567437
0.5,0.35106589020208656,0.3950450099588488,0.2538890998390646
0.52,0.3281209289528314,0.408434311625783,0.26344475942138557
0.54,0.30517596770357625,0.4218236132927172,0.2730004190037065
0.56,0.30517596770357625,0.4218236132927172,0.2730004190037065
0.58,0.30517596770357625,0.4218236132927172,0.2730004190037065
0.6,0.30517596770357625,0.4218236132927172,0.2730004190037065
0.62,0.30517596770357625,0.4218236132927172,0.2730004190037065
0.64,0.30517596770357625,0.4218236132927172,0.2730004190037065
0.66,0.30517596770357625,0.4218236132927172,0.2730004190037065
0.68,0.30517596770357625,0.4218236132927172,0.2730004190037065
0.7000000000000001,0.30517596770357625,0.4218236132927172,0.2730004190037065
0.72,0.30517596770357625,0.4218236132927172,0.2730004190037065
0.74,0.30517596770357625,0.4218236132927172,0.2730004190037065
0.76,0.30517596770357625,0.4218236132927172,0.2730004190037065
0.78,0.30517596770357625,0.4218236132927172,0.2730004190037065
0.8,0.30517596770357625,0.4218236132927172,0.2730004190037065
0.8200000000000001,0.30517596770357625,0.4218236132927172,0.2730004190037065
0.84,0.30517596770357625,0.4218236132927172,0.2730004190037065
0.86,0.30517596770357625,0.4218236132927172,0.2730004190037065
0.88,0.30517596770357625,0.4218236132927172,0.2730004190037065
0.9,0.30517596770357625,0.4218236132927172,0.2730004190037065
0.92,0.30517596770357625,0.4218236132927172,0.2730004190037065
0.9400000000000001,0.30517596770357625,0.4218236132927172,0.2730004190037065
0.96,0.30517596770357625,0.4218236132927172,0.2730004190037065
0.98,0.30517596770357625,0.4218236132927172,0.2730004190037065
1.0,0.30517596770357625,0.4218236132927172,0.2730004190037065
