fraction_of_volc,OH,H2O2,TMI
0.0,0.11899963713587677,0.15583261191320277,0.7251677509509206
0.02,0.11899963713587677,0.15583261191320277,0.7251677509509206
0.04,0.11899963713587677,0.15583261191320277,0.7251677509509206
0.06,0.11899963713587677,0.15583261191320277,0.7251677509509206
0.08,0.11899963713587677,0.15583261191320277,0.7251677509509206
0.1,0.11899963713587677,0.15583261191320277,0.7251677509509206
0.12,0.11899963713587677,0.15583261191320277,0.7251677509509206
0.14,0.11899963713587677,0.15583261191320277,0.7251677509509206
0.16,0.11899963713587677,0.15583261191320277,0.7251677509509206
0.18,0.11899963713587677,0.15583261191320277,0.7251677509509206
0.2,0.11899963713587677,0.15583261191320277,0.7251677509509206
0.22,0.11899963713587677,0.15583261191320277,0.7251677509509206
0.24,0.11899963713587677,0.15583261191320277,0.7251677509509206
0.26,0.11899963713587677,0.15583261191320277,0.7251677509509206
0.28,0.11899963713587677,0.15583261191320277,0.7251677509509206
0.3,0.11899963713587677,0.15583261191320277,0.7251677509509206
0.32,0.11899963713587677,0.15583261191320277,0.7251677509509206
0.34,0.11899963713587677,0.15583261191320277,0.7251677509509206
0.36,0.11899963713587677,0.15583261191320277,0.7251677509509206
0.38,0.11899963713587677,0.15583261191320277,0.7251677509509206
0.4,0.11899963713587677,0.15583261191320277,0.7251677509509206
0.42,0.11899963713587677,0.15583261191320277,0.7251677509509206
0.44,0.11899963713587677,0.15583261191320277,0.7251677509509206
0.46,0.11899963713587677,0.15583261191320277,0.7251677509509206
0.48,0.11899963713587677,0.15583261191320277,0.7251677509509206
0.5,0.11899963713587677,0.15583261191320277,0.7251677509509206
0.52,0.1269228190605556,0.24064579952504955,0.6324313814143949
0.54,0.13484600098523444,0.32545898713689636,0.5396950118778693
0.56,0.14276918290991328,0.4102721747487431,0.4469586423413437
0.58,0.15069236483459214,0.49508536236058986,0.35422227280481805
0.6,0.15861554675927098,0.5798985499724366,0.2614859032682924
0.62,0.1665387286839498,0.6647117375842835,0.16874953373176682
0.64,0.17446191060862865,0.7495249251961302,0.0760131641952412
0.66,0.17446191060862865,0.7495249251961302,0.0760131641952412
0.68,0.17446191060862865,0.7495249251961302,0.0760131641952412
0.7000000000000001,0.17446191060862865,0.7495249251961302,0.0760131641952412
0.72,0.17446191060862865,0.7495249251961302,0.0760131641952412
0.74,0.17446191060862865,0.7495249251961302,0.0760131641952412
0.76,0.17446191060862865,0.7495249251961302,0.0760131641952412
0.78,0.17446191060862865,0.7495249251961302,0.0760131641952412
0.8,0.17446191060862865,0.7495249251961302,0.0760131641952412
0.8200000000000001,0.17446191060862865,0.7495249251961302,0.0760131641952412
0.84,0.17446191060862865,0.7495249251961302,0.0760131641952412
0.86,0.17446191060862865,0.7495249251961302,0.0760131641952412
0.88,0.17446191060862865,0.7495249251961302,0.0760131641952412
0.9,0.17446191060862865,0.7495249251961302,0.0760131641952412
0.92,0.17446191060862865,0.7495249251961302,0.0760131641952412
0.9400000000000001,0.17446191060862865,0.7495249251961302,0.0760131641952412
0.96,0.17446191060862865,0.7495249251961302,0.0760131641952412
0.98,0.17446191060862865,0.7495249251961302,0.0760131641952412
1.0,0.17446191060862865,0.7495249251961302,0.0760131641952412
