fraction_of_volc,OH,H2O2,TMI
0.0,0.6172701454017044,0.35307238858886464,0.02965746600943092
0.02,0.6172701454017044,0.35307238858886464,0.02965746600943092
0.04,0.6172701454017044,0.35307238858886464,0.02965746600943092
0.06,0.6172701454017044,0.35307238858886464,0.02965746600943092
0.08,0.6172701454017044,0.35307238858886464,0.02965746600943092
0.1,0.6172701454017044,0.35307238858886464,0.02965746600943092
0.12,0.6172701454017044,0.35307238858886464,0.02965746600943092
0.14,0.6172701454017044,0.35307238858886464,0.02965746600943092
0.16,0.6172701454017044,0.35307238858886464,0.02965746600943092
0.18,0.6172701454017044,0.35307238858886464,0.02965746600943092
0.2,0.6172701454017044,0.35307238858886464,0.02965746600943092
0.22,0.6172701454017044,0.35307238858886464,0.02965746600943092
0.24,0.6172701454017044,0.35307238858886464,0.02965746600943092
0.26,0.6172701454017044,0.35307238858886464,0.02965746600943092
0.28,0.6172701454017044,0.35307238858886464,0.02965746600943092
0.3,0.6172701454017044,0.35307238858886464,0.02965746600943092
0.32,0.6172701454017044,0.35307238858886464,0.02965746600943092
0.34,0.6172701454017044,0.35307238858886464,0.02965746600943092
0.36,0.6076435862378374,0.3449443106194453,0.04741210314271731
0.38,0.5980170270739703,0.33681623265002597,0.06516674027600369
0.4,0.5883904679101033,0.32868815468060664,0.08292137740929006
0.42,0.5787639087462363,0.3205600767111873,0.10067601454257645
0.44,0.5691373495823692,0.31243199874176797,0.11843065167586284
0.46,0.5595107904185022,0.30430392077234864,0.1361852888091492
0.48,0.549884231254635,0.2961758428029293,0.1539399259424356
0.5,0.540257672090768,0.28804776483351,0.17169456307572198
0.52,0.530631112926901,0.27991968686409063,0.18944920020900835
0.54,0.5210045537630339,0.27179160889467135,0.20720383734229475
0.56,0.5113779945991669,0.263663530925252,0.22495847447558112
0.58,0.5017514354352999,0.2555354529558327,0.2427131116088675
0.6,0.49212487627143275,0.24740737498641335,0.2604677487421539
0.62,0.48249831710756574,0.23927929701699402,0.27822238587544024
0.64,0.4728717579436987,0.23115121904757469,0.29597702300872664
0.66,0.4728717579436987,0.23115121904757469,0.29597702300872664
0.68,0.4728717579436987,0.23115121904757469,0.29597702300872664
0.7000000000000001,0.4728717579436987,0.23115121904757469,0.29597702300872664
0.72,0.4728717579436987,0.23115121904757469,0.29597702300872664
0.74,0.4728717579436987,0.23115121904757469,0.29597702300872664
0.76,0.4728717579436987,0.23115121904757469,0.29597702300872664
0.78,0.4728717579436987,0.23115121904757469,0.29597702300872664
0.8,0.4728717579436987,0.23115121904757469,0.29597702300872664
0.8200000000000001,0.4728717579436987,0.23115121904757469,0.29597702300872664
0.84,0.4728717579436987,0.23115121904757469,0.29597702300872664
0.86,0.4728717579436987,0.23115121904757469,0.29597702300872664
0.88,0.4728717579436987,0.23115121904757469,0.29597702300872664
0.9,0.4728717579436987,0.23115121904757469,0.29597702300872664
0.92,0.4728717579436987,0.23115121904757469,0.29597702300872664
0.9400000000000001,0.4728717579436987,0.23115121904757469,0.29597702300872664
0.96,0.4728717579436987,0.23115121904757469,0.29597702300872664
0.98,0.4728717579436987,0.23115121904757469,0.29597702300872664
1.0,0.4728717579436987,0.23115121904757469,0.29597702300872664
