fraction_of_volc,OH,H2O2,TMI
0.0,0.276889845987153,0.7161109330812278,0.00699922093161932
0.02,0.276889845987153,0.7161109330812278,0.00699922093161932
0.04,0.276889845987153,0.7161109330812278,0.00699922093161932
0.06,0.276889845987153,0.7161109330812278,0.00699922093161932
0.08,0.276889845987153,0.7161109330812278,0.00699922093161932
0.1,0.276889845987153,0.7161109330812278,0.00699922093161932
0.12,0.276889845987153,0.7161109330812278,0.00699922093161932
0.14,0.276889845987153,0.7161109330812278,0.00699922093161932
0.16,0.276889845987153,0.7161109330812278,0.00699922093161932
0.18,0.276889845987153,0.7161109330812278,0.00699922093161932
0.2,0.276889845987153,0.7161109330812278,0.00699922093161932
0.22,0.276889845987153,0.7161109330812278,0.00699922093161932
0.24,0.276889845987153,0.7161109330812278,0.00699922093161932
0.26,0.276889845987153,0.7161109330812278,0.00699922093161932
0.28,0.276889845987153,0.7161109330812278,0.00699922093161932
0.3,0.276889845987153,0.7161109330812278,0.00699922093161932
0.32,0.276889845987153,0.7161109330812278,0.00699922093161932
0.34,0.276889845987153,0.7161109330812278,0.00699922093161932
0.36,0.276889845987153,0.7161109330812278,0.00699922093161932
0.38,0.276889845987153,0.7161109330812278,0.00699922093161932
0.4,0.276889845987153,0.7161109330812278,0.00699922093161932
0.42,0.276889845987153,0.7161109330812278,0.00699922093161932
0.44,0.276889845987153,0.7161109330812278,0.00699922093161932
0.46,0.276889845987153,0.7161109330812278,0.00699922093161932
0.48,0.276889845987153,0.7161109330812278,0.00699922093161932
0.5,0.276889845987153,0.7161109330812278,0.00699922093161932
0.52,0.276889845987153,0.7161109330812278,0.00699922093161932
0.54,0.276889845987153,0.7161109330812278,0.00699922093161932
0.56,0.276889845987153,0.7161109330812278,0.00699922093161932
0.58,0.276889845987153,0.7161109330812278,0.00699922093161932
0.6,0.276889845987153,0.7161109330812278,0.00699922093161932
0.62,0.276889845987153,0.7161109330812278,0.00699922093161932
0.64,0.276889845987153,0.7161109330812278,0.00699922093161932
0.66,0.276889845987153,0.7161109330812278,0.00699922093161932
0.68,0.276889845987153,0.7161109330812278,0.00699922093161932
0.7000000000000001,0.276889845987153,0.7161109330812278,0.00699922093161932
0.72,0.276889845987153,0.7161109330812278,0.00699922093161932
0.74,0.276889845987153,0.7161109330812278,0.00699922093161932
0.76,0.276889845987153,0.7161109330812278,0.00699922093161932
0.78,0.276889845987153,0.7161109330812278,0.00699922093161932
0.8,0.3115466362365945,0.6481473309152834,0.040306032848122175
0.8200000000000001,0.34620342648603597,0.580183728749339,0.07361284476462503
0.84,0.38086021673547743,0.5122201265833947,0.10691965668112788
0.86,0.41551700698491895,0.44425652441745034,0.14022646859763072
0.88,0.45017379723436046,0.376292922251506,0.17353328051413358
0.9,0.4848305874838019,0.30832932008556163,0.20684009243063642
0.92,0.5194873777332434,0.24036571791961725,0.24014690434713926
0.9400000000000001,0.5541441679826848,0.17240211575367292,0.2734537162636421
0.96,0.5888009582321264,0.10443851358772856,0.306760528180145
0.98,0.5888009582321264,0.10443851358772856,0.306760528180145
1.0,0.5888009582321264,0.10443851358772856,0.306760528180145
