fraction_of_volc,OH,H2O2,TMI
0.0,0.1575986555771055,0.833580790145019,0.008820554277875573
0.02,0.1575986555771055,0.833580790145019,0.008820554277875573
0.04,0.1575986555771055,0.833580790145019,0.008820554277875573
0.06,0.1575986555771055,0.833580790145019,0.008820554277875573
0.08,0.1575986555771055,0.833580790145019,0.008820554277875573
0.1,0.1575986555771055,0.833580790145019,0.008820554277875573
0.12,0.1575986555771055,0.833580790145019,0.008820554277875573
0.14,0.1575986555771055,0.833580790145019,0.008820554277875573
0.16,0.1575986555771055,0.833580790145019,0.008820554277875573
0.18,0.1575986555771055,0.833580790145019,0.008820554277875573
0.2,0.1575986555771055,0.833580790145019,0.008820554277875573
0.22,0.1575986555771055,0.833580790145019,0.008820554277875573
0.24,0.1575986555771055,0.833580790145019,0.008820554277875573
0.26,0.1575986555771055,0.833580790145019,0.008820554277875573
0.28,0.1575986555771055,0.833580790145019,0.008820554277875573
0.3,0.1575986555771055,0.833580790145019,0.008820554277875573
0.32,0.1575986555771055,0.833580790145019,0.008820554277875573
0.34,0.1575986555771055,0.833580790145019,0.008820554277875573
0.36,0.1575986555771055,0.833580790145019,0.008820554277875573
0.38,0.1575986555771055,0.833580790145019,0.008820554277875573
0.4,0.1575986555771055,0.833580790145019,0.008820554277875573
0.42,0.1575986555771055,0.833580790145019,0.008820554277875573
0.44,0.1575986555771055,0.833580790145019,0.008820554277875573
0.46,0.16684493841703535,0.7799536880141633,0.053201373568801384
0.48,0.17609122125696522,0.7263265858833077,0.0975821928597272
0.5,0.18533750409689506,0.672699483752452,0.14196301215065302
0.52,0.1945837869368249,0.6190723816215963,0.18634383144157882
0.54,0.20383006977675477,0.5654452794907406,0.23072465073250462
0.56,0.21307635261668462,0.511818177359885,0.2751054700234305
0.58,0.22232263545661446,0.4581910752290293,0.3194862893143563
0.6,0.2315689182965443,0.40456397309817366,0.3638671086052821
0.62,0.24081520113647417,0.350936870967318,0.4082479278962079
0.64,0.24081520113647417,0.350936870967318,0.4082479278962079
0.66,0.24081520113647417,0.350936870967318,0.4082479278962079
0.68,0.24081520113647417,0.350936870967318,0.4082479278962079
0.7000000000000001,0.24081520113647417,0.350936870967318,0.4082479278962079
0.72,0.24081520113647417,0.350936870967318,0.4082479278962079
0.74,0.24081520113647417,0.350936870967318,0.4082479278962079
0.76,0.24081520113647417,0.350936870967318,0.4082479278962079
0.78,0.24081520113647417,0.350936870967318,0.4082479278962079
0.8,0.24081520113647417,0.350936870967318,0.4082479278962079
0.8200000000000001,0.24081520113647417,0.350936870967318,0.4082479278962079
0.84,0.24081520113647417,0.350936870967318,0.4082479278962079
0.86,0.24081520113647417,0.350936870967318,0.4082479278962079
0.88,0.24081520113647417,0.350936870967318,0.4082479278962079
0.9,0.24081520113647417,0.350936870967318,0.4082479278962079
0.92,0.24081520113647417,0.350936870967318,0.4082479278962079
0.9400000000000001,0.24081520113647417,0.350936870967318,0.4082479278962079
0.96,0.24081520113647417,0.350936870967318,0.4082479278962079
0.98,0.24081520113647417,0.350936870967318,0.4082479278962079
1.0,0.24081520113647417,0.350936870967318,0.4082479278962079
