fraction_of_volc,OH,H2O2,TMI
0.0,0.08825377019603253,0.5084900140039055,0.40325621580006193
0.02,0.08825377019603253,0.5084900140039055,0.40325621580006193
0.04,0.08825377019603253,0.5084900140039055,0.40325621580006193
0.06,0.08825377019603253,0.5084900140039055,0.40325621580006193
0.08,0.08825377019603253,0.5084900140039055,0.40325621580006193
0.1,0.08825377019603253,0.5084900140039055,0.40325621580006193
0.12,0.08825377019603253,0.5084900140039055,0.40325621580006193
0.14,0.08825377019603253,0.5084900140039055,0.40325621580006193
0.16,0.08825377019603253,0.5084900140039055,0.40325621580006193
0.18,0.08825377019603253,0.5084900140039055,0.40325621580006193
0.2,0.08825377019603253,0.5084900140039055,0.40325621580006193
0.22,0.08825377019603253,0.5084900140039055,0.40325621580006193
0.24,0.08825377019603253,0.5084900140039055,0.40325621580006193
0.26,0.09391046143642286,0.48745119757838323,0.41863834098519387
0.28,0.09956715267681317,0.466412381152861,0.4340204661703258
0.3,0.10522384391720349,0.4453735647273388,0.4494025913554577
0.32,0.1108805351575938,0.42433474830181656,0.4647847165405896
0.34,0.11653722639798413,0.4032959318762943,0.48016684172572155
0.36,0.12219391763837445,0.38225711545077207,0.4955489669108535
0.38,0.12785060887876476,0.3612182990252498,0.5109310920959854
0.4,0.13350730011915507,0.34017948259972763,0.5263132172811174
0.42,0.13916399135954538,0.31914066617420533,0.5416953424662493
0.44,0.14482068259993572,0.29810184974868315,0.5570774676513812
0.46,0.15047737384032603,0.2770630333231609,0.572459592836513
0.48,0.15613406508071637,0.25602421689763866,0.5878417180216451
0.5,0.16179075632110668,0.2349854004721164,0.6032238432067769
0.52,0.167447447561497,0.21394658404659422,0.6186059683919088
0.54,0.1731041388018873,0.19290776762107198,0.6339880935770408
0.56,0.1787608300422776,0.17186895119554974,0.6493702187621727
0.58,0.18441752128266795,0.1508301347700275,0.6647523439473046
0.6,0.18441752128266795,0.1508301347700275,0.6647523439473046
0.62,0.18441752128266795,0.1508301347700275,0.6647523439473046
0.64,0.18441752128266795,0.1508301347700275,0.6647523439473046
0.66,0.18441752128266795,0.1508301347700275,0.6647523439473046
0.68,0.18441752128266795,0.1508301347700275,0.6647523439473046
0.7000000000000001,0.18441752128266795,0.1508301347700275,0.6647523439473046
0.72,0.18441752128266795,0.1508301347700275,0.6647523439473046
0.74,0.18441752128266795,0.1508301347700275,0.6647523439473046
0.76,0.18441752128266795,0.1508301347700275,0.6647523439473046
0.78,0.18441752128266795,0.1508301347700275,0.6647523439473046
0.8,0.18441752128266795,0.1508301347700275,0.6647523439473046
0.8200000000000001,0.18441752128266795,0.1508301347700275,0.6647523439473046
0.84,0.18441752128266795,0.1508301347700275,0.6647523439473046
0.86,0.18441752128266795,0.1508301347700275,0.6647523439473046
0.88,0.18441752128266795,0.1508301347700275,0.6647523439473046
0.9,0.18441752128266795,0.1508301347700275,0.6647523439473046
0.92,0.18441752128266795,0.1508301347700275,0.6647523439473046
0.9400000000000001,0.18441752128266795,0.1508301347700275,0.6647523439473046
0.96,0.18441752128266795,0.1508301347700275,0.6647523439473046
0.98,0.18441752128266795,0.1508301347700275,0.6647523439473046
1.0,0.18441752128266795,0.1508301347700275,0.6647523439473046
