fraction_of_volc,OH,H2O2,TMI
0.0,0.6222413586869062,0.12816467771436366,0.24959396359873015
0.02,0.6222413586869062,0.12816467771436366,0.24959396359873015
0.04,0.6222413586869062,0.12816467771436366,0.24959396359873015
0.06,0.6222413586869062,0.12816467771436366,0.24959396359873015
0.08,0.6222413586869062,0.12816467771436366,0.24959396359873015
0.1,0.6222413586869062,0.12816467771436366,0.24959396359873015
0.12,0.6222413586869062,0.12816467771436366,0.24959396359873015
0.14,0.6222413586869062,0.12816467771436366,0.24959396359873015
0.16,0.6222413586869062,0.12816467771436366,0.24959396359873015
0.18,0.6222413586869062,0.12816467771436366,0.24959396359873015
0.2,0.6222413586869062,0.12816467771436366,0.24959396359873015
0.22,0.6222413586869062,0.12816467771436366,0.24959396359873015
0.24,0.6222413586869062,0.12816467771436366,0.24959396359873015
0.26,0.6222413586869062,0.12816467771436366,0.24959396359873015
0.28,0.6222413586869062,0.12816467771436366,0.24959396359873015
0.3,0.6222413586869062,0.12816467771436366,0.24959396359873015
0.32,0.6222413586869062,0.12816467771436366,0.24959396359873015
0.34,0.6222413586869062,0.12816467771436366,0.24959396359873015
0.36,0.6222413586869062,0.12816467771436366,0.24959396359873015
0.38,0.6222413586869062,0.12816467771436366,0.24959396359873015
0.4,0.6299700525617619,0.12750482446514405,0.24252512297309411
0.42,0.6376987464366175,0.12684497121592445,0.23545628234745808
0.44,0.6454274403114731,0.12618511796670484,0.22838744172182204
0.46,0.6531561341863288,0.12552526471748524,0.221318601096186
0.48,0.6608848280611844,0.12486541146826562,0.21424976047054994
0.5,0.6686135219360401,0.12420555821904601,0.2071809198449139
0.52,0.6763422158108957,0.1235457049698264,0.20011207921927787
0.54,0.6840709096857513,0.1228858517206068,0.19304323859364184
0.56,0.691799603560607,0.12222599847138718,0.1859743979680058
0.58,0.6995282974354626,0.12156614522216758,0.17890555734236976
0.6,0.7072569913103183,0.12090629197294797,0.17183671671673373
0.62,0.7149856851851739,0.12024643872372837,0.16476787609109766
0.64,0.7227143790600296,0.11958658547450876,0.15769903546546166
0.66,0.7304430729348852,0.11892673222528916,0.1506301948398256
0.68,0.738171766809741,0.11826687897606954,0.14356135421418956
0.7000000000000001,0.7459004606845965,0.11760702572684993,0.13649251358855352
0.72,0.7536291545594522,0.11694717247763033,0.12942367296291749
0.74,0.7613578484343078,0.11628731922841072,0.12235483233728145
0.76,0.7690865423091635,0.11562746597919112,0.11528599171164541
0.78,0.776815236184019,0.1149676127299715,0.10821715108600938
0.8,0.7845439300588748,0.11430775948075189,0.10114831046037331
0.8200000000000001,0.7922726239337304,0.11364790623153229,0.09407946983473728
0.84,0.8000013178085861,0.11298805298231268,0.08701062920910124
0.86,0.8077300116834417,0.11232819973309308,0.0799417885834652
0.88,0.8154587055582974,0.11166834648387347,0.07287294795782917
0.9,0.823187399433153,0.11100849323465387,0.06580410733219313
0.92,0.8309160933080086,0.11034863998543425,0.0587352667065571
0.9400000000000001,0.8386447871828643,0.10968878673621464,0.051666426080921035
0.96,0.8463734810577199,0.10902893348699504,0.044597585455285
0.98,0.8463734810577199,0.10902893348699504,0.044597585455285
1.0,0.8463734810577199,0.10902893348699504,0.044597585455285
