fraction_of_volc,OH,H2O2,TMI
0.0,0.525365149027822,0.2775711016449967,0.19706374932718118
0.02,0.525365149027822,0.2775711016449967,0.19706374932718118
0.04,0.525365149027822,0.2775711016449967,0.19706374932718118
0.06,0.525365149027822,0.2775711016449967,0.19706374932718118
0.08,0.525365149027822,0.2775711016449967,0.19706374932718118
0.1,0.525365149027822,0.2775711016449967,0.19706374932718118
0.12,0.525365149027822,0.2775711016449967,0.19706374932718118
0.14,0.525365149027822,0.2775711016449967,0.19706374932718118
0.16,0.525365149027822,0.2775711016449967,0.19706374932718118
0.18,0.525365149027822,0.2775711016449967,0.19706374932718118
0.2,0.525365149027822,0.2775711016449967,0.19706374932718118
0.22,0.525365149027822,0.2775711016449967,0.19706374932718118
0.24,0.525365149027822,0.2775711016449967,0.19706374932718118
0.26,0.525365149027822,0.2775711016449967,0.19706374932718118
0.28,0.525365149027822,0.2775711016449967,0.19706374932718118
0.3,0.525365149027822,0.2775711016449967,0.19706374932718118
0.32,0.5130519686795992,0.2885061378284745,0.1984418934919262
0.34,0.5007387883313764,0.2994411740119523,0.19982003765667122
0.36,0.4884256079831536,0.3103762101954301,0.20119818182141624
0.38,0.4761124276349308,0.32131124637890796,0.20257632598616127
0.4,0.46379924728670796,0.33224628256238575,0.20395447015090626
0.42,0.45148606693848514,0.34318131874586355,0.20533261431565128
0.44,0.4391728865902623,0.35411635492934135,0.2067107584803963
0.46,0.4268597062420395,0.36505139111281915,0.20808890264514132
0.48,0.4145465258938167,0.37598642729629694,0.20946704680988634
0.5,0.40223334554559387,0.38692146347977474,0.21084519097463136
0.52,0.38992016519737105,0.39785649966325254,0.21222333513937638
0.54,0.37760698484914823,0.40879153584673034,0.2136014793041214
0.56,0.3652938045009254,0.41972657203020813,0.21497962346886643
0.58,0.3529806241527026,0.430661608213686,0.21635776763361142
0.6,0.3406674438044798,0.4415966443971638,0.21773591179835644
0.62,0.32835426345625696,0.4525316805806416,0.21911405596310146
0.64,0.31604108310803414,0.4634667167641194,0.22049220012784648
0.66,0.3037279027598113,0.4744017529475972,0.2218703442925915
0.68,0.2914147224115885,0.48533678913107503,0.22324848845733652
0.7000000000000001,0.2791015420633657,0.49627182531455283,0.22462663262208155
0.72,0.26678836171514286,0.5072068614980306,0.22600477678682657
0.74,0.25447518136692004,0.5181418976815084,0.2273829209515716
0.76,0.24216200101869723,0.5290769338649862,0.2287610651163166
0.78,0.2298488206704744,0.540011970048464,0.23013920928106163
0.8,0.2175356403222516,0.5509470062319418,0.23151735344580662
0.8200000000000001,0.20522245997402877,0.5618820424154196,0.23289549761055164
0.84,0.19290927962580592,0.5728170785988974,0.23427364177529666
0.86,0.19290927962580592,0.5728170785988974,0.23427364177529666
0.88,0.19290927962580592,0.5728170785988974,0.23427364177529666
0.9,0.19290927962580592,0.5728170785988974,0.23427364177529666
0.92,0.19290927962580592,0.5728170785988974,0.23427364177529666
0.9400000000000001,0.19290927962580592,0.5728170785988974,0.23427364177529666
0.96,0.19290927962580592,0.5728170785988974,0.23427364177529666
0.98,0.19290927962580592,0.5728170785988974,0.23427364177529666
1.0,0.19290927962580592,0.5728170785988974,0.23427364177529666
