fraction_of_volc,OH,H2O2,TMI
0.0,0.16660679630514957,0.01937658702741325,0.8140166166674372
0.02,0.16660679630514957,0.01937658702741325,0.8140166166674372
0.04,0.16660679630514957,0.01937658702741325,0.8140166166674372
0.06,0.16660679630514957,0.01937658702741325,0.8140166166674372
0.08,0.16660679630514957,0.01937658702741325,0.8140166166674372
0.1,0.16660679630514957,0.01937658702741325,0.8140166166674372
0.12,0.16660679630514957,0.01937658702741325,0.8140166166674372
0.14,0.16660679630514957,0.01937658702741325,0.8140166166674372
0.16,0.16660679630514957,0.01937658702741325,0.8140166166674372
0.18,0.16660679630514957,0.01937658702741325,0.8140166166674372
0.2,0.16660679630514957,0.01937658702741325,0.8140166166674372
0.22,0.16660679630514957,0.01937658702741325,0.8140166166674372
0.24,0.16660679630514957,0.01937658702741325,0.8140166166674372
0.26,0.16660679630514957,0.01937658702741325,0.8140166166674372
0.28,0.16660679630514957,0.01937658702741325,0.8140166166674372
0.3,0.16660679630514957,0.01937658702741325,0.8140166166674372
0.32,0.16660679630514957,0.01937658702741325,0.8140166166674372
0.34,0.16660679630514957,0.01937658702741325,0.8140166166674372
0.36,0.16660679630514957,0.01937658702741325,0.8140166166674372
0.38,0.16660679630514957,0.01937658702741325,0.8140166166674372
0.4,0.16660679630514957,0.01937658702741325,0.8140166166674372
0.42,0.16660679630514957,0.01937658702741325,0.8140166166674372
0.44,0.16660679630514957,0.01937658702741325,0.8140166166674372
0.46,0.16660679630514957,0.01937658702741325,0.8140166166674372
0.48,0.16660679630514957,0.01937658702741325,0.8140166166674372
0.5,0.16660679630514957,0.01937658702741325,0.8140166166674372
0.52,0.16660679630514957,0.01937658702741325,0.8140166166674372
0.54,0.16660679630514957,0.01937658702741325,0.8140166166674372
0.56,0.16660679630514957,0.01937658702741325,0.8140166166674372
0.58,0.16660679630514957,0.01937658702741325,0.8140166166674372
0.6,0.16660679630514957,0.01937658702741325,0.8140166166674372
0.62,0.16660679630514957,0.01937658702741325,0.8140166166674372
0.64,0.16660679630514957,0.01937658702741325,0.8140166166674372
0.66,0.16660679630514957,0.01937658702741325,0.8140166166674372
0.68,0.16660679630514957,0.01937658702741325,0.8140166166674372
0.7000000000000001,0.16660679630514957,0.01937658702741325,0.8140166166674372
0.72,0.16660679630514957,0.01937658702741325,0.8140166166674372
0.74,0.16660679630514957,0.01937658702741325,0.8140166166674372
0.76,0.18230879202987077,0.019103735174798155,0.798587472795331
0.78,0.19801078775459197,0.01883088332218306,0.7831583289232249
0.8,0.21371278347931316,0.018558031469567967,0.7677291850511189
0.8200000000000001,0.22941477920403436,0.018285179616952873,0.7523000411790127
0.84,0.24511677492875555,0.018012327764337782,0.7368708973069066
0.86,0.26081877065347675,0.017739475911722688,0.7214417534348004
0.88,0.27652076637819795,0.017466624059107594,0.7060126095626944
0.9,0.29222276210291914,0.0171937722064925,0.6905834656905883
0.92,0.30792475782764034,0.016920920353877406,0.6751543218184821
0.9400000000000001,0.30792475782764034,0.016920920353877406,0.6751543218184821
0.96,0.30792475782764034,0.016920920353877406,0.6751543218184821
0.98,0.30792475782764034,0.016920920353877406,0.6751543218184821
1.0,0.30792475782764034,0.016920920353877406,0.6751543218184821
