fraction_of_volc,OH,H2O2,TMI
0.0,0.10468371895374953,0.13304897757299552,0.762267303473255
0.02,0.10468371895374953,0.13304897757299552,0.762267303473255
0.04,0.10468371895374953,0.13304897757299552,0.762267303473255
0.06,0.10468371895374953,0.13304897757299552,0.762267303473255
0.08,0.10468371895374953,0.13304897757299552,0.762267303473255
0.1,0.10468371895374953,0.13304897757299552,0.762267303473255
0.12,0.10468371895374953,0.13304897757299552,0.762267303473255
0.14,0.10468371895374953,0.13304897757299552,0.762267303473255
0.16,0.10468371895374953,0.13304897757299552,0.762267303473255
0.18,0.10468371895374953,0.13304897757299552,0.762267303473255
0.2,0.12979283098902394,0.13664819368687622,0.7335589753240999
0.22,0.15490194302429833,0.14024740980075692,0.7048506471749448
0.24,0.18001105505957274,0.1438466259146376,0.6761423190257897
0.26,0.20512016709484715,0.1474458420285183,0.6474339908766346
0.28,0.23022927913012156,0.151045058142399,0.6187256627274795
0.3,0.2553383911653959,0.1546442742562797,0.5900173345783244
0.32,0.28044750320067036,0.1582434903701604,0.5613090064291693
0.34,0.3055566152359448,0.1618427064840411,0.5326006782800141
0.36,0.3306657272712192,0.16544192259792176,0.5038923501308591
0.38,0.35577483930649356,0.16904113871180246,0.47518402198170395
0.4,0.380883951341768,0.17264035482568316,0.44647569383254887
0.42,0.40599306337704233,0.17623957093956386,0.4177673656833938
0.44,0.43110217541231677,0.17983878705344453,0.38905903753423865
0.46,0.4562112874475912,0.18343800316732523,0.36035070938508357
0.48,0.48132039948286565,0.18703721928120592,0.33164238123592843
0.5,0.50642951151814,0.19063643539508662,0.30293405308677335
0.52,0.5315386235534144,0.19423565150896732,0.27422572493761826
0.54,0.5566477355886889,0.19783486762284802,0.24551739678846318
0.56,0.5817568476239632,0.20143408373672872,0.21680906863930804
0.58,0.6068659596592376,0.2050332998506094,0.1881007404901529
0.6,0.631975071694512,0.2086325159644901,0.15939241234099788
0.62,0.6570841837297864,0.2122317320783708,0.13068408419184274
0.64,0.6821932957650608,0.21583094819225146,0.1019757560426876
0.66,0.7073024078003352,0.21943016430613216,0.07326742789353258
0.68,0.7324115198356096,0.22302938042001286,0.04455909974437744
0.7000000000000001,0.757520631870884,0.22662859653389356,0.01585077159522231
0.72,0.757520631870884,0.22662859653389356,0.01585077159522231
0.74,0.757520631870884,0.22662859653389356,0.01585077159522231
0.76,0.757520631870884,0.22662859653389356,0.01585077159522231
0.78,0.757520631870884,0.22662859653389356,0.01585077159522231
0.8,0.757520631870884,0.22662859653389356,0.01585077159522231
0.8200000000000001,0.757520631870884,0.22662859653389356,0.01585077159522231
0.84,0.757520631870884,0.22662859653389356,0.01585077159522231
0.86,0.757520631870884,0.22662859653389356,0.01585077159522231
0.88,0.757520631870884,0.22662859653389356,0.01585077159522231
0.9,0.757520631870884,0.22662859653389356,0.01585077159522231
0.92,0.757520631870884,0.22662859653389356,0.01585077159522231
0.9400000000000001,0.757520631870884,0.22662859653389356,0.01585077159522231
0.96,0.757520631870884,0.22662859653389356,0.01585077159522231
0.98,0.757520631870884,0.22662859653389356,0.01585077159522231
1.0,0.757520631870884,0.22662859653389356,0.01585077159522231
