fraction_of_volc,OH,H2O2,TMI
0.0,0.8057767304121967,0.18114587323530368,0.013077396352499599
0.02,0.8057767304121967,0.18114587323530368,0.013077396352499599
0.04,0.8057767304121967,0.18114587323530368,0.013077396352499599
0.06,0.8057767304121967,0.18114587323530368,0.013077396352499599
0.08,0.8057767304121967,0.18114587323530368,0.013077396352499599
0.1,0.8057767304121967,0.18114587323530368,0.013077396352499599
0.12,0.8057767304121967,0.18114587323530368,0.013077396352499599
0.14,0.8057767304121967,0.18114587323530368,0.013077396352499599
0.16,0.8057767304121967,0.18114587323530368,0.013077396352499599
0.18,0.8057767304121967,0.18114587323530368,0.013077396352499599
0.2,0.8057767304121967,0.18114587323530368,0.013077396352499599
0.22,0.8057767304121967,0.18114587323530368,0.013077396352499599
0.24,0.8057767304121967,0.18114587323530368,0.013077396352499599
0.26,0.8057767304121967,0.18114587323530368,0.013077396352499599
0.28,0.8057767304121967,0.18114587323530368,0.013077396352499599
0.3,0.8057767304121967,0.18114587323530368,0.013077396352499599
0.32,0.8057767304121967,0.18114587323530368,0.013077396352499599
0.34,0.8057767304121967,0.18114587323530368,0.013077396352499599
0.36,0.8057767304121967,0.18114587323530368,0.013077396352499599
0.38,0.8057767304121967,0.18114587323530368,0.013077396352499599
0.4,0.8057767304121967,0.18114587323530368,0.013077396352499599
0.42,0.8057767304121967,0.18114587323530368,0.013077396352499599
0.44,0.8057767304121967,0.18114587323530368,0.013077396352499599
0.46,0.8057767304121967,0.18114587323530368,0.013077396352499599
0.48,0.8057767304121967,0.18114587323530368,0.013077396352499599
0.5,0.8057767304121967,0.18114587323530368,0.013077396352499599
0.52,0.747340507113785,0.17487814267982965,0.0777813502063853
0.54,0.6889042838153734,0.16861041212435562,0.142485304060271
0.56,0.6304680605169617,0.1623426815688816,0.20718925791415668
0.58,0.57203183721855,0.15607495101340757,0.2718932117680424
0.6,0.5135956139201383,0.14980722045793354,0.3365971656219281
0.62,0.45515939062172667,0.14353948990245952,0.40130111947581376
0.64,0.39672316732331503,0.13727175934698546,0.4660050733296994
0.66,0.33828694402490334,0.13100402879151143,0.5307090271835851
0.68,0.27985072072649164,0.12473629823603741,0.5954129810374709
0.7000000000000001,0.22141449742807995,0.11846856768056338,0.6601169348913566
0.72,0.16297827412966837,0.11220083712508935,0.7248208887452422
0.74,0.1045420508312567,0.10593310656961533,0.7895248425991279
0.76,0.1045420508312567,0.10593310656961533,0.7895248425991279
0.78,0.1045420508312567,0.10593310656961533,0.7895248425991279
0.8,0.1045420508312567,0.10593310656961533,0.7895248425991279
0.8200000000000001,0.1045420508312567,0.10593310656961533,0.7895248425991279
0.84,0.1045420508312567,0.10593310656961533,0.7895248425991279
0.86,0.1045420508312567,0.10593310656961533,0.7895248425991279
0.88,0.1045420508312567,0.10593310656961533,0.7895248425991279
0.9,0.1045420508312567,0.10593310656961533,0.7895248425991279
0.92,0.1045420508312567,0.10593310656961533,0.7895248425991279
0.9400000000000001,0.1045420508312567,0.10593310656961533,0.7895248425991279
0.96,0.1045420508312567,0.10593310656961533,0.7895248425991279
0.98,0.1045420508312567,0.10593310656961533,0.7895248425991279
1.0,0.1045420508312567,0.10593310656961533,0.7895248425991279
