fraction_of_volc,OH,H2O2,TMI
0.0,0.26353077348525633,0.0656347055638665,0.6708345209508773
0.02,0.26353077348525633,0.0656347055638665,0.6708345209508773
0.04,0.26353077348525633,0.0656347055638665,0.6708345209508773
0.06,0.26353077348525633,0.0656347055638665,0.6708345209508773
0.08,0.26353077348525633,0.0656347055638665,0.6708345209508773
0.1,0.26353077348525633,0.0656347055638665,0.6708345209508773
0.12,0.26353077348525633,0.0656347055638665,0.6708345209508773
0.14,0.26353077348525633,0.0656347055638665,0.6708345209508773
0.16,0.26353077348525633,0.0656347055638665,0.6708345209508773
0.18,0.26353077348525633,0.0656347055638665,0.6708345209508773
0.2,0.26353077348525633,0.0656347055638665,0.6708345209508773
0.22,0.26353077348525633,0.0656347055638665,0.6708345209508773
0.24,0.26353077348525633,0.0656347055638665,0.6708345209508773
0.26,0.26353077348525633,0.0656347055638665,0.6708345209508773
0.28,0.26353077348525633,0.0656347055638665,0.6708345209508773
0.3,0.28121688753173957,0.07179058054684587,0.6469925319214147
0.32,0.2989030015782228,0.07794645552982524,0.623150542891952
0.34,0.31658911562470604,0.08410233051280461,0.5993085538624895
0.36,0.3342752296711893,0.09025820549578398,0.5754665648330268
0.38,0.3519613437176725,0.09641408047876335,0.5516245758035643
0.4,0.3696474577641557,0.10256995546174272,0.5277825867741016
0.42,0.38733357181063893,0.10872583044472209,0.5039405977446391
0.44,0.40501968585712217,0.11488170542770146,0.4800986087151764
0.46,0.4227057999036054,0.12103758041068083,0.45625661968571385
0.48,0.44039191395008864,0.1271934553936602,0.4324146306562512
0.5,0.4580780279965718,0.13334933037663957,0.40857264162678864
0.52,0.47576414204305506,0.13950520535961894,0.38473065259732603
0.54,0.4934502560895383,0.1456610803425983,0.3608886635678634
0.56,0.5111363701360215,0.15181695532557768,0.3370466745384008
0.58,0.5288224841825048,0.15797283030855705,0.3132046855089382
0.6,0.546508598228988,0.16412870529153642,0.2893626964794756
0.62,0.5641947122754712,0.1702845802745158,0.265520707450013
0.64,0.5818808263219545,0.17644045525749516,0.2416787184205504
0.66,0.5995669403684377,0.18259633024047453,0.21783672939108778
0.68,0.617253054414921,0.1887522052234539,0.19399474036162517
0.7000000000000001,0.6349391684614041,0.19490808020643327,0.17015275133216257
0.72,0.6526252825078873,0.20106395518941264,0.14631076230270001
0.74,0.6703113965543706,0.207219830172392,0.12246877327323735
0.76,0.6879975106008538,0.21337570515537138,0.0986267842437748
0.78,0.705683624647337,0.21953158013835075,0.07478479521431214
0.8,0.7233697386938203,0.22568745512133012,0.05094280618484959
0.8200000000000001,0.7410558527403035,0.2318433301043095,0.027100817155386966
0.84,0.7410558527403035,0.2318433301043095,0.027100817155386966
0.86,0.7410558527403035,0.2318433301043095,0.027100817155386966
0.88,0.7410558527403035,0.2318433301043095,0.027100817155386966
0.9,0.7410558527403035,0.2318433301043095,0.027100817155386966
0.92,0.7410558527403035,0.2318433301043095,0.027100817155386966
0.9400000000000001,0.7410558527403035,0.2318433301043095,0.027100817155386966
0.96,0.7410558527403035,0.2318433301043095,0.027100817155386966
0.98,0.7410558527403035,0.2318433301043095,0.027100817155386966
1.0,0.7410558527403035,0.2318433301043095,0.027100817155386966
