fraction_of_volc,OH,H2O2,TMI
0.0,0.25422782200312116,0.5066983189533251,0.23907385904355383
0.02,0.25422782200312116,0.5066983189533251,0.23907385904355383
0.04,0.25422782200312116,0.5066983189533251,0.23907385904355383
0.06,0.25422782200312116,0.5066983189533251,0.23907385904355383
0.08,0.25422782200312116,0.5066983189533251,0.23907385904355383
0.1,0.25422782200312116,0.5066983189533251,0.23907385904355383
0.12,0.25422782200312116,0.5066983189533251,0.23907385904355383
0.14,0.25422782200312116,0.5066983189533251,0.23907385904355383
0.16,0.25422782200312116,0.5066983189533251,0.23907385904355383
0.18,0.25422782200312116,0.5066983189533251,0.23907385904355383
0.2,0.25422782200312116,0.5066983189533251,0.23907385904355383
0.22,0.25422782200312116,0.5066983189533251,0.23907385904355383
0.24,0.25422782200312116,0.5066983189533251,0.23907385904355383
0.26,0.25422782200312116,0.5066983189533251,0.23907385904355383
0.28,0.25422782200312116,0.5066983189533251,0.23907385904355383
0.3,0.25422782200312116,0.5066983189533251,0.23907385904355383
0.32,0.25422782200312116,0.5066983189533251,0.23907385904355383
0.34,0.25422782200312116,0.5066983189533251,0.23907385904355383
0.36,0.25422782200312116,0.5066983189533251,0.23907385904355383
0.38,0.25422782200312116,0.5066983189533251,0.23907385904355383
0.4,0.25422782200312116,0.5066983189533251,0.23907385904355383
0.42,0.25422782200312116,0.5066983189533251,0.23907385904355383
0.44,0.25422782200312116,0.5066983189533251,0.23907385904355383
0.46,0.25422782200312116,0.5066983189533251,0.23907385904355383
0.48,0.25422782200312116,0.5066983189533251,0.23907385904355383
0.5,0.25422782200312116,0.5066983189533251,0.23907385904355383
0.52,0.25422782200312116,0.5066983189533251,0.23907385904355383
0.54,0.25422782200312116,0.5066983189533251,0.23907385904355383
0.56,0.25422782200312116,0.5066983189533251,0.23907385904355383
0.58,0.25422782200312116,0.5066983189533251,0.23907385904355383
0.6,0.2790348518515745,0.4780252404922996,0.24293990765612591
0.62,0.30384188170002785,0.44935216203127415,0.24680595626869803
0.64,0.3286489115484812,0.42067908357024875,0.2506720048812701
0.66,0.35345594139693454,0.3920060051092233,0.25453805349384223
0.68,0.3782629712453879,0.36333292664819783,0.25840410210641435
0.7000000000000001,0.4030700010938412,0.33465984818717237,0.2622701507189864
0.72,0.42787703094229457,0.3059867697261469,0.2661361993315585
0.74,0.4526840607907479,0.2773136912651215,0.27000224794413064
0.76,0.47749109063920125,0.24864061280409605,0.27386829655670275
0.78,0.5022981204876547,0.2199675343430706,0.2777343451692748
0.8,0.5271051503361079,0.19129445588204513,0.2816003937818469
0.8200000000000001,0.5519121801845612,0.16262137742101967,0.28546644239441904
0.84,0.5767192100330146,0.13394829895999422,0.2893324910069911
0.86,0.601526239881468,0.10527522049896881,0.2931985396195632
0.88,0.6263332697299213,0.07660214203794333,0.29706458823213533
0.9,0.6263332697299213,0.07660214203794333,0.29706458823213533
0.92,0.6263332697299213,0.07660214203794333,0.29706458823213533
0.9400000000000001,0.6263332697299213,0.07660214203794333,0.29706458823213533
0.96,0.6263332697299213,0.07660214203794333,0.29706458823213533
0.98,0.6263332697299213,0.07660214203794333,0.29706458823213533
1.0,0.6263332697299213,0.07660214203794333,0.29706458823213533
