fraction_of_volc,OH,H2O2,TMI
0.0,0.4174795302217653,0.16046328964701337,0.4220571801312212
0.02,0.4174795302217653,0.16046328964701337,0.4220571801312212
0.04,0.4174795302217653,0.16046328964701337,0.4220571801312212
0.06,0.4174795302217653,0.16046328964701337,0.4220571801312212
0.08,0.4174795302217653,0.16046328964701337,0.4220571801312212
0.1,0.4174795302217653,0.16046328964701337,0.4220571801312212
0.12,0.4174795302217653,0.16046328964701337,0.4220571801312212
0.14,0.4174795302217653,0.16046328964701337,0.4220571801312212
0.16,0.4174795302217653,0.16046328964701337,0.4220571801312212
0.18,0.4174795302217653,0.16046328964701337,0.4220571801312212
0.2,0.4174795302217653,0.16046328964701337,0.4220571801312212
0.22,0.4174795302217653,0.16046328964701337,0.4220571801312212
0.24,0.4174795302217653,0.16046328964701337,0.4220571801312212
0.26,0.4174795302217653,0.16046328964701337,0.4220571801312212
0.28,0.4174795302217653,0.16046328964701337,0.4220571801312212
0.3,0.4174795302217653,0.16046328964701337,0.4220571801312212
0.32,0.4174795302217653,0.16046328964701337,0.4220571801312212
0.34,0.4174795302217653,0.16046328964701337,0.4220571801312212
0.36,0.4174795302217653,0.16046328964701337,0.4220571801312212
0.38,0.4174795302217653,0.16046328964701337,0.4220571801312212
0.4,0.4174795302217653,0.16046328964701337,0.4220571801312212
0.42,0.4174795302217653,0.16046328964701337,0.4220571801312212
0.44,0.4174795302217653,0.16046328964701337,0.4220571801312212
0.46,0.4174795302217653,0.16046328964701337,0.4220571801312212
0.48,0.4174795302217653,0.16046328964701337,0.4220571801312212
0.5,0.4174795302217653,0.16046328964701337,0.4220571801312212
0.52,0.4174795302217653,0.16046328964701337,0.4220571801312212
0.54,0.4174795302217653,0.16046328964701337,0.4220571801312212
0.56,0.4174795302217653,0.16046328964701337,0.4220571801312212
0.58,0.4174795302217653,0.16046328964701337,0.4220571801312212
0.6,0.4174795302217653,0.16046328964701337,0.4220571801312212
0.62,0.4174795302217653,0.16046328964701337,0.4220571801312212
0.64,0.4513191369055406,0.15435346545530057,0.3943273976391587
0.66,0.4851587435893159,0.1482436412635878,0.3665976151470962
0.68,0.5189983502730912,0.142133817071875,0.33886783265503373
0.7000000000000001,0.5528379569568664,0.13602399288016223,0.31113805016297125
0.72,0.5866775636406418,0.12991416868844943,0.28340826767090876
0.74,0.6205171703244171,0.12380434449673665,0.2556784851788462
0.76,0.6543567770081924,0.11769452030502386,0.22794870268678374
0.78,0.6881963836919677,0.11158469611331108,0.20021892019472126
0.8,0.722035990375743,0.1054748719215983,0.17248913770265878
0.8200000000000001,0.7558755970595182,0.09936504772988551,0.1447593552105963
0.84,0.7897152037432935,0.09325522353817273,0.11702957271853381
0.86,0.8235548104270689,0.08714539934645993,0.08929979022647128
0.88,0.8573944171108441,0.08103557515474714,0.061570007734408794
0.9,0.8912340237946195,0.07492575096303436,0.033840225242346304
0.92,0.8912340237946195,0.07492575096303436,0.033840225242346304
0.9400000000000001,0.8912340237946195,0.07492575096303436,0.033840225242346304
0.96,0.8912340237946195,0.07492575096303436,0.033840225242346304
0.98,0.8912340237946195,0.07492575096303436,0.033840225242346304
1.0,0.8912340237946195,0.07492575096303436,0.033840225242346304
