fraction_of_volc,OH,H2O2,TMI
0.0,0.04512983713118265,0.2262002768832323,0.7286698859855851
0.02,0.04512983713118265,0.2262002768832323,0.7286698859855851
0.04,0.04512983713118265,0.2262002768832323,0.7286698859855851
0.06,0.04512983713118265,0.2262002768832323,0.7286698859855851
0.08,0.04512983713118265,0.2262002768832323,0.7286698859855851
0.1,0.04512983713118265,0.2262002768832323,0.7286698859855851
0.12,0.04512983713118265,0.2262002768832323,0.7286698859855851
0.14,0.04512983713118265,0.2262002768832323,0.7286698859855851
0.16,0.04512983713118265,0.2262002768832323,0.7286698859855851
0.18,0.04512983713118265,0.2262002768832323,0.7286698859855851
0.2,0.04512983713118265,0.2262002768832323,0.7286698859855851
0.22,0.04512983713118265,0.2262002768832323,0.7286698859855851
0.24,0.04512983713118265,0.2262002768832323,0.7286698859855851
0.26,0.05566547956066946,0.26253643856575914,0.6817980818735715
0.28,0.06620112199015626,0.298872600248286,0.6349262777615579
0.3,0.07673676441964308,0.33520876193081284,0.5880544736495441
0.32,0.08727240684912989,0.3715449236133397,0.5411826695375305
0.34,0.0978080492786167,0.40788108529586653,0.49431086542551683
0.36,0.10834369170810351,0.4442172469783934,0.4474390613135032
0.38,0.11887933413759033,0.4805534086609202,0.4005672572014895
0.4,0.12941497656707712,0.5168895703434471,0.35369545308947586
0.42,0.13995061899656394,0.5532257320259739,0.3068236489774622
0.44,0.15048626142605076,0.5895618937085008,0.25995184486544853
0.46,0.16102190385553755,0.6258980553910276,0.2130800407534349
0.48,0.17155754628502437,0.6622342170735545,0.16620823664142126
0.5,0.1820931887145112,0.6985703787560813,0.11933643252940762
0.52,0.192628831143998,0.7349065404386081,0.07246462841739387
0.54,0.2031644735734848,0.771242702121135,0.025592824305380197
0.56,0.2031644735734848,0.771242702121135,0.025592824305380197
0.58,0.2031644735734848,0.771242702121135,0.025592824305380197
0.6,0.2031644735734848,0.771242702121135,0.025592824305380197
0.62,0.2031644735734848,0.771242702121135,0.025592824305380197
0.64,0.2031644735734848,0.771242702121135,0.025592824305380197
0.66,0.2031644735734848,0.771242702121135,0.025592824305380197
0.68,0.2031644735734848,0.771242702121135,0.025592824305380197
0.7000000000000001,0.2031644735734848,0.771242702121135,0.025592824305380197
0.72,0.2031644735734848,0.771242702121135,0.025592824305380197
0.74,0.2031644735734848,0.771242702121135,0.025592824305380197
0.76,0.2031644735734848,0.771242702121135,0.025592824305380197
0.78,0.2031644735734848,0.771242702121135,0.025592824305380197
0.8,0.2031644735734848,0.771242702121135,0.025592824305380197
0.8200000000000001,0.2031644735734848,0.771242702121135,0.025592824305380197
0.84,0.2031644735734848,0.771242702121135,0.025592824305380197
0.86,0.2031644735734848,0.771242702121135,0.025592824305380197
0.88,0.2031644735734848,0.771242702121135,0.025592824305380197
0.9,0.2031644735734848,0.771242702121135,0.025592824305380197
0.92,0.2031644735734848,0.771242702121135,0.025592824305380197
0.9400000000000001,0.2031644735734848,0.771242702121135,0.025592824305380197
0.96,0.2031644735734848,0.771242702121135,0.025592824305380197
0.98,0.2031644735734848,0.771242702121135,0.025592824305380197
1.0,0.2031644735734848,0.771242702121135,0.025592824305380197
