fraction_of_volc,OH,H2O2,TMI
0.0,0.7132393390342107,0.13227728420877716,0.15448337675701224
0.02,0.7132393390342107,0.13227728420877716,0.15448337675701224
0.04,0.7132393390342107,0.13227728420877716,0.15448337675701224
0.06,0.7132393390342107,0.13227728420877716,0.15448337675701224
0.08,0.7132393390342107,0.13227728420877716,0.15448337675701224
0.1,0.7132393390342107,0.13227728420877716,0.15448337675701224
0.12,0.7132393390342107,0.13227728420877716,0.15448337675701224
0.14,0.7132393390342107,0.13227728420877716,0.15448337675701224
0.16,0.7132393390342107,0.13227728420877716,0.15448337675701224
0.18,0.7132393390342107,0.13227728420877716,0.15448337675701224
0.2,0.7132393390342107,0.13227728420877716,0.15448337675701224
0.22,0.7132393390342107,0.13227728420877716,0.15448337675701224
0.24,0.7132393390342107,0.13227728420877716,0.15448337675701224
0.26,0.7132393390342107,0.13227728420877716,0.15448337675701224
0.28,0.7132393390342107,0.13227728420877716,0.15448337675701224
0.3,0.7132393390342107,0.13227728420877716,0.15448337675701224
0.32,0.7132393390342107,0.13227728420877716,0.15448337675701224
0.34,0.7132393390342107,0.13227728420877716,0.15448337675701224
0.36,0.7132393390342107,0.13227728420877716,0.15448337675701224
0.38,0.7132393390342107,0.13227728420877716,0.15448337675701224
0.4,0.7132393390342107,0.13227728420877716,0.15448337675701224
0.42,0.7132393390342107,0.13227728420877716,0.15448337675701224
0.44,0.7132393390342107,0.13227728420877716,0.15448337675701224
0.46,0.7132393390342107,0.13227728420877716,0.15448337675701224
0.48,0.7132393390342107,0.13227728420877716,0.15448337675701224
0.5,0.7132393390342107,0.13227728420877716,0.15448337675701224
0.52,0.7132393390342107,0.13227728420877716,0.15448337675701224
0.54,0.7132393390342107,0.13227728420877716,0.15448337675701224
0.56,0.7132393390342107,0.13227728420877716,0.15448337675701224
0.58,0.7132393390342107,0.13227728420877716,0.15448337675701224
0.6,0.7132393390342107,0.13227728420877716,0.15448337675701224
0.62,0.7132393390342107,0.13227728420877716,0.15448337675701224
0.64,0.7132393390342107,0.13227728420877716,0.15448337675701224
0.66,0.7132393390342107,0.13227728420877716,0.15448337675701224
0.68,0.7132393390342107,0.13227728420877716,0.15448337675701224
0.7000000000000001,0.7132393390342107,0.13227728420877716,0.15448337675701224
0.72,0.7132393390342107,0.13227728420877716,0.15448337675701224
0.74,0.7132393390342107,0.13227728420877716,0.15448337675701224
0.76,0.6464357515533349,0.1643591622794312,0.18920508616723403
0.78,0.579632164072459,0.19644104035008522,0.2239267955774558
0.8,0.5128285765915832,0.22852291842073924,0.25864850498767755
0.8200000000000001,0.44602498911070737,0.2606047964913933,0.29337021439789934
0.84,0.37922140162983153,0.29268667456204733,0.32809192380812113
0.86,0.31241781414895575,0.3247685526327013,0.3628136332183429
0.88,0.24561422666807992,0.35685043070335537,0.39753534262856466
0.9,0.17881063918720408,0.3889323087740094,0.43225705203878645
0.92,0.11200705170632828,0.42101418684466346,0.46697876144900824
0.9400000000000001,0.11200705170632828,0.42101418684466346,0.46697876144900824
0.96,0.11200705170632828,0.42101418684466346,0.46697876144900824
0.98,0.11200705170632828,0.42101418684466346,0.46697876144900824
1.0,0.11200705170632828,0.42101418684466346,0.46697876144900824
