fraction_of_volc,OH,H2O2,TMI
0.0,0.7136942629854811,0.10725389937829274,0.17905183763622629
0.02,0.7136942629854811,0.10725389937829274,0.17905183763622629
0.04,0.7136942629854811,0.10725389937829274,0.17905183763622629
0.06,0.7136942629854811,0.10725389937829274,0.17905183763622629
0.08,0.7136942629854811,0.10725389937829274,0.17905183763622629
0.1,0.7136942629854811,0.10725389937829274,0.17905183763622629
0.12,0.7136942629854811,0.10725389937829274,0.17905183763622629
0.14,0.7136942629854811,0.10725389937829274,0.17905183763622629
0.16,0.7136942629854811,0.10725389937829274,0.17905183763622629
0.18,0.7136942629854811,0.10725389937829274,0.17905183763622629
0.2,0.7136942629854811,0.10725389937829274,0.17905183763622629
0.22,0.7136942629854811,0.10725389937829274,0.17905183763622629
0.24,0.7136942629854811,0.10725389937829274,0.17905183763622629
0.26,0.7136942629854811,0.10725389937829274,0.17905183763622629
0.28,0.7136942629854811,0.10725389937829274,0.17905183763622629
0.3,0.7136942629854811,0.10725389937829274,0.17905183763622629
0.32,0.7136942629854811,0.10725389937829274,0.17905183763622629
0.34,0.7136942629854811,0.10725389937829274,0.17905183763622629
0.36,0.7136942629854811,0.10725389937829274,0.17905183763622629
0.38,0.7136942629854811,0.10725389937829274,0.17905183763622629
0.4,0.6986132119057236,0.12699634395424722,0.1743904441400294
0.42,0.6835321608259659,0.14673878853020167,0.16972905064383254
0.44,0.6684511097462084,0.16648123310615615,0.16506765714763566
0.46,0.6533700586664507,0.18622367768211062,0.16040626365143879
0.48,0.6382890075866932,0.20596612225806507,0.1557448701552419
0.5,0.6232079565069355,0.22570856683401955,0.15108347665904504
0.52,0.608126905427178,0.245451011409974,0.14642208316284816
0.54,0.5930458543474203,0.2651934559859285,0.14176068966665129
0.56,0.5779648032676628,0.28493590056188295,0.1370992961704544
0.58,0.5628837521879051,0.3046783451378374,0.13243790267425753
0.6,0.5478027011081475,0.32442078971379185,0.12777650917806066
0.62,0.53272165002839,0.3441632342897464,0.12311511568186377
0.64,0.5176405989486323,0.3639056788657008,0.1184537221856669
0.66,0.5025595478688748,0.3836481234416552,0.11379232868947002
0.68,0.48747849678911714,0.40339056801760975,0.10913093519327315
0.7000000000000001,0.4723974457093596,0.4231330125935642,0.10446954169707627
0.72,0.457316394629602,0.4428754571695187,0.0998081482008794
0.74,0.4422353435498444,0.4626179017454731,0.09514675470468252
0.76,0.4271542924700868,0.48236034632142755,0.09048536120848565
0.78,0.4120732413903292,0.5021027908973821,0.08582396771228877
0.8,0.3969921903105716,0.5218452354733365,0.0811625742160919
0.8200000000000001,0.381911139230814,0.541587680049291,0.07650118071989502
0.84,0.381911139230814,0.541587680049291,0.07650118071989502
0.86,0.381911139230814,0.541587680049291,0.07650118071989502
0.88,0.381911139230814,0.541587680049291,0.07650118071989502
0.9,0.381911139230814,0.541587680049291,0.07650118071989502
0.92,0.381911139230814,0.541587680049291,0.07650118071989502
0.9400000000000001,0.381911139230814,0.541587680049291,0.07650118071989502
0.96,0.381911139230814,0.541587680049291,0.07650118071989502
0.98,0.381911139230814,0.541587680049291,0.07650118071989502
1.0,0.381911139230814,0.541587680049291,0.07650118071989502
