fraction_of_volc,OH,H2O2,TMI
0.0,0.424564153113411,0.5611704817738367,0.014265365112752358
0.02,0.424564153113411,0.5611704817738367,0.014265365112752358
0.04,0.424564153113411,0.5611704817738367,0.014265365112752358
0.06,0.424564153113411,0.5611704817738367,0.014265365112752358
0.08,0.424564153113411,0.5611704817738367,0.014265365112752358
0.1,0.424564153113411,0.5611704817738367,0.014265365112752358
0.12,0.424564153113411,0.5611704817738367,0.014265365112752358
0.14,0.424564153113411,0.5611704817738367,0.014265365112752358
0.16,0.424564153113411,0.5611704817738367,0.014265365112752358
0.18,0.424564153113411,0.5611704817738367,0.014265365112752358
0.2,0.424564153113411,0.5611704817738367,0.014265365112752358
0.22,0.424564153113411,0.5611704817738367,0.014265365112752358
0.24,0.4170524304899091,0.564548942142759,0.018398627367331916
0.26,0.4095407078664072,0.5679274025116813,0.022531889621911473
0.28,0.4020289852429053,0.5713058628806037,0.026665151876491027
0.3,0.3945172626194034,0.574684323249526,0.030798414131070585
0.32,0.38700553999590154,0.5780627836184483,0.034931676385650146
0.34,0.3794938173723996,0.5814412439873706,0.039064938640229696
0.36,0.3719820947488977,0.584819704356293,0.043198200894809254
0.38,0.36447037212539585,0.5881981647252154,0.04733146314938881
0.4,0.35695864950189393,0.5915766250941377,0.05146472540396837
0.42,0.3494469268783921,0.59495508546306,0.055597987658547926
0.44,0.34193520425489016,0.5983335458319823,0.059731249913127483
0.46,0.33442348163138824,0.6017120062009047,0.06386451216770703
0.48,0.3269117590078864,0.605090466569827,0.06799777442228659
0.5,0.31940003638438447,0.6084689269387493,0.07213103667686616
0.52,0.31188831376088255,0.6118473873076716,0.0762642989314457
0.54,0.3043765911373807,0.6152258476765939,0.08039756118602526
0.56,0.2968648685138788,0.6186043080455164,0.08453082344060481
0.58,0.28935314589037686,0.6219827684144387,0.08866408569518439
0.6,0.281841423266875,0.625361228783361,0.09279734794976394
0.62,0.2743297006433731,0.6287396891522833,0.09693061020434349
0.64,0.26681797801987117,0.6321181495212056,0.10106387245892304
0.66,0.2593062553963693,0.635496609890128,0.10519713471350262
0.68,0.2517945327728674,0.6388750702590503,0.10933039696808217
0.7000000000000001,0.24428281014936548,0.6422535306279726,0.11346365922266172
0.72,0.2367710875258636,0.6456319909968949,0.11759692147724127
0.74,0.2292593649023617,0.6490104513658174,0.12173018373182082
0.76,0.22174764227885982,0.6523889117347397,0.1258634459864004
0.78,0.2142359196553579,0.655767372103662,0.12999670824097995
0.8,0.20672419703185602,0.6591458324725843,0.1341299704955595
0.8200000000000001,0.19921247440835413,0.6625242928415067,0.13826323275013905
0.84,0.1917007517848522,0.665902753210429,0.14239649500471863
0.86,0.18418902916135033,0.6692812135793513,0.14652975725929818
0.88,0.17667730653784844,0.6726596739482736,0.15066301951387773
0.9,0.16916558391434655,0.676038134317196,0.15479628176845728
0.92,0.16165386129084464,0.6794165946861184,0.15892954402303686
0.9400000000000001,0.15414213866734272,0.6827950550550407,0.1630628062776164
0.96,0.14663041604384083,0.686173515423963,0.16719606853219596
0.98,0.14663041604384083,0.686173515423963,0.16719606853219596
1.0,0.14663041604384083,0.686173515423963,0.16719606853219596
