fraction_of_volc,OH,H2O2,TMI
0.0,0.5068706744141775,0.09109186524274172,0.4020374603430807
0.02,0.5068706744141775,0.09109186524274172,0.4020374603430807
0.04,0.5068706744141775,0.09109186524274172,0.4020374603430807
0.06,0.5068706744141775,0.09109186524274172,0.4020374603430807
0.08,0.5068706744141775,0.09109186524274172,0.4020374603430807
0.1,0.5068706744141775,0.09109186524274172,0.4020374603430807
0.12,0.5068706744141775,0.09109186524274172,0.4020374603430807
0.14,0.5068706744141775,0.09109186524274172,0.4020374603430807
0.16,0.5068706744141775,0.09109186524274172,0.4020374603430807
0.18,0.5068706744141775,0.09109186524274172,0.4020374603430807
0.2,0.5068706744141775,0.09109186524274172,0.4020374603430807
0.22,0.5068706744141775,0.09109186524274172,0.4020374603430807
0.24,0.5068706744141775,0.09109186524274172,0.4020374603430807
0.26,0.5068706744141775,0.09109186524274172,0.4020374603430807
0.28,0.5068706744141775,0.09109186524274172,0.4020374603430807
0.3,0.5068706744141775,0.09109186524274172,0.4020374603430807
0.32,0.5068706744141775,0.09109186524274172,0.4020374603430807
0.34,0.5068706744141775,0.09109186524274172,0.4020374603430807
0.36,0.5068706744141775,0.09109186524274172,0.4020374603430807
0.38,0.5068706744141775,0.09109186524274172,0.4020374603430807
0.4,0.5068706744141775,0.09109186524274172,0.4020374603430807
0.42,0.5068706744141775,0.09109186524274172,0.4020374603430807
0.44,0.5068706744141775,0.09109186524274172,0.4020374603430807
0.46,0.5068706744141775,0.09109186524274172,0.4020374603430807
0.48,0.5068706744141775,0.09109186524274172,0.4020374603430807
0.5,0.5068706744141775,0.09109186524274172,0.4020374603430807
0.52,0.5068706744141775,0.09109186524274172,0.4020374603430807
0.54,0.5068706744141775,0.09109186524274172,0.4020374603430807
0.56,0.5068706744141775,0.09109186524274172,0.4020374603430807
0.58,0.5068706744141775,0.09109186524274172,0.4020374603430807
0.6,0.5068706744141775,0.09109186524274172,0.4020374603430807
0.62,0.5068706744141775,0.09109186524274172,0.4020374603430807
0.64,0.5068706744141775,0.09109186524274172,0.4020374603430807
0.66,0.5068706744141775,0.09109186524274172,0.4020374603430807
0.68,0.5068706744141775,0.09109186524274172,0.4020374603430807
0.7000000000000001,0.5068706744141775,0.09109186524274172,0.4020374603430807
0.72,0.5068706744141775,0.09109186524274172,0.4020374603430807
0.74,0.5388764610018136,0.0939615806340725,0.3671619583641138
0.76,0.5708822475894497,0.09683129602540327,0.332286456385147
0.78,0.6028880341770858,0.09970101141673406,0.2974109544061801
0.8,0.6348938207647219,0.10257072680806484,0.2625354524272132
0.8200000000000001,0.666899607352358,0.1054404421993956,0.22765995044824633
0.84,0.6989053939399941,0.10831015759072639,0.19278444846927947
0.86,0.7309111805276303,0.11117987298205717,0.15790894649031262
0.88,0.7629169671152662,0.11404958837338794,0.12303344451134574
0.9,0.7949227537029024,0.11691930376471871,0.08815794253237885
0.92,0.8269285402905384,0.11978901915604949,0.05328244055341197
0.9400000000000001,0.8589343268781746,0.12265873454738027,0.018406938574445135
0.96,0.8589343268781746,0.12265873454738027,0.018406938574445135
0.98,0.8589343268781746,0.12265873454738027,0.018406938574445135
1.0,0.8589343268781746,0.12265873454738027,0.018406938574445135
