fraction_of_volc,OH,H2O2,TMI
0.0,0.3087586422191823,0.23480401243883697,0.4564373453419806
0.02,0.3087586422191823,0.23480401243883697,0.4564373453419806
0.04,0.3087586422191823,0.23480401243883697,0.4564373453419806
0.06,0.3087586422191823,0.23480401243883697,0.4564373453419806
0.08,0.3087586422191823,0.23480401243883697,0.4564373453419806
0.1,0.3087586422191823,0.23480401243883697,0.4564373453419806
0.12,0.3087586422191823,0.23480401243883697,0.4564373453419806
0.14,0.3087586422191823,0.23480401243883697,0.4564373453419806
0.16,0.3087586422191823,0.23480401243883697,0.4564373453419806
0.18,0.3087586422191823,0.23480401243883697,0.4564373453419806
0.2,0.3087586422191823,0.23480401243883697,0.4564373453419806
0.22,0.3087586422191823,0.23480401243883697,0.4564373453419806
0.24,0.3087586422191823,0.23480401243883697,0.4564373453419806
0.26,0.3087586422191823,0.23480401243883697,0.4564373453419806
0.28,0.3087586422191823,0.23480401243883697,0.4564373453419806
0.3,0.3087586422191823,0.23480401243883697,0.4564373453419806
0.32,0.3087586422191823,0.23480401243883697,0.4564373453419806
0.34,0.3087586422191823,0.23480401243883697,0.4564373453419806
0.36,0.3087586422191823,0.23480401243883697,0.4564373453419806
0.38,0.3087586422191823,0.23480401243883697,0.4564373453419806
0.4,0.3087586422191823,0.23480401243883697,0.4564373453419806
0.42,0.3087586422191823,0.23480401243883697,0.4564373453419806
0.44,0.3087586422191823,0.23480401243883697,0.4564373453419806
0.46,0.3087586422191823,0.23480401243883697,0.4564373453419806
0.48,0.3087586422191823,0.23480401243883697,0.4564373453419806
0.5,0.3087586422191823,0.23480401243883697,0.4564373453419806
0.52,0.3087586422191823,0.23480401243883697,0.4564373453419806
0.54,0.3087586422191823,0.23480401243883697,0.4564373453419806
0.56,0.3087586422191823,0.23480401243883697,0.4564373453419806
0.58,0.3087586422191823,0.23480401243883697,0.4564373453419806
0.6,0.3087586422191823,0.23480401243883697,0.4564373453419806
0.62,0.3087586422191823,0.23480401243883697,0.4564373453419806
0.64,0.3087586422191823,0.23480401243883697,0.4564373453419806
0.66,0.3087586422191823,0.23480401243883697,0.4564373453419806
0.68,0.3021737704479085,0.2648988313430844,0.43292739820900705
0.7000000000000001,0.2955888986766346,0.2949936502473318,0.40941745107603345
0.72,0.2890040269053608,0.32508846915157924,0.3859075039430599
0.74,0.28241915513408694,0.35518328805582666,0.36239755681008634
0.76,0.2758342833628131,0.3852781069600741,0.33888760967711273
0.78,0.26924941159153926,0.4153729258643215,0.3153776625441392
0.8,0.26266453982026544,0.44546774476856893,0.29186771541116563
0.8200000000000001,0.2560796680489916,0.47556256367281635,0.268357768278192
0.84,0.24949479627771776,0.5056573825770638,0.24484782114521847
0.86,0.24290992450644394,0.5357522014813112,0.22133787401224492
0.88,0.23632505273517007,0.5658470203855586,0.19782792687927137
0.9,0.22974018096389626,0.595941839289806,0.17431797974629776
0.92,0.22315530919262241,0.6260366581940535,0.1508080326133242
0.9400000000000001,0.21657043742134857,0.6561314770983009,0.12729808548035063
0.96,0.21657043742134857,0.6561314770983009,0.12729808548035063
0.98,0.21657043742134857,0.6561314770983009,0.12729808548035063
1.0,0.21657043742134857,0.6561314770983009,0.12729808548035063
