fraction_of_volc,OH,H2O2,TMI
0.0,0.39596214060232005,0.15439611647677817,0.44964174292090164
0.02,0.39596214060232005,0.15439611647677817,0.44964174292090164
0.04,0.39596214060232005,0.15439611647677817,0.44964174292090164
0.06,0.39596214060232005,0.15439611647677817,0.44964174292090164
0.08,0.39596214060232005,0.15439611647677817,0.44964174292090164
0.1,0.39596214060232005,0.15439611647677817,0.44964174292090164
0.12,0.39596214060232005,0.15439611647677817,0.44964174292090164
0.14,0.39596214060232005,0.15439611647677817,0.44964174292090164
0.16,0.39596214060232005,0.15439611647677817,0.44964174292090164
0.18,0.39596214060232005,0.15439611647677817,0.44964174292090164
0.2,0.39596214060232005,0.15439611647677817,0.44964174292090164
0.22,0.39596214060232005,0.15439611647677817,0.44964174292090164
0.24,0.39596214060232005,0.15439611647677817,0.44964174292090164
0.26,0.39596214060232005,0.15439611647677817,0.44964174292090164
0.28,0.39596214060232005,0.15439611647677817,0.44964174292090164
0.3,0.39596214060232005,0.15439611647677817,0.44964174292090164
0.32,0.39596214060232005,0.15439611647677817,0.44964174292090164
0.34,0.39596214060232005,0.15439611647677817,0.44964174292090164
0.36,0.39596214060232005,0.15439611647677817,0.44964174292090164
0.38,0.39596214060232005,0.15439611647677817,0.44964174292090164
0.4,0.39596214060232005,0.15439611647677817,0.44964174292090164
0.42,0.39596214060232005,0.15439611647677817,0.44964174292090164
0.44,0.39596214060232005,0.15439611647677817,0.44964174292090164
0.46,0.39596214060232005,0.15439611647677817,0.44964174292090164
0.48,0.39596214060232005,0.15439611647677817,0.44964174292090164
0.5,0.39596214060232005,0.15439611647677817,0.44964174292090164
0.52,0.39596214060232005,0.15439611647677817,0.44964174292090164
0.54,0.39596214060232005,0.15439611647677817,0.44964174292090164
0.56,0.39596214060232005,0.15439611647677817,0.44964174292090164
0.58,0.39596214060232005,0.15439611647677817,0.44964174292090164
0.6,0.39596214060232005,0.15439611647677817,0.44964174292090164
0.62,0.39596214060232005,0.15439611647677817,0.44964174292090164
0.64,0.39596214060232005,0.15439611647677817,0.44964174292090164
0.66,0.39596214060232005,0.15439611647677817,0.44964174292090164
0.68,0.41944349084834587,0.14311819298797313,0.4374383161636809
0.7000000000000001,0.4429248410943717,0.13184026949916805,0.42523488940646015
0.72,0.4664061913403975,0.120562346010363,0.41303146264923934
0.74,0.48988754158642334,0.10928442252155796,0.4008280358920186
0.76,0.5133688918324492,0.0980064990327529,0.38862460913479785
0.78,0.5368502420784749,0.08672857554394783,0.3764211823775771
0.8,0.5603315923245007,0.07545065205514279,0.3642177556203563
0.8200000000000001,0.5838129425705265,0.06417272856633773,0.35201432886313555
0.84,0.6072942928165523,0.052894805077532664,0.3398109021059148
0.86,0.6307756430625782,0.04161688158872762,0.32760747534869405
0.88,0.654256993308604,0.030338958099922556,0.3154040485914733
0.9,0.6777383435546298,0.019061034611117494,0.30320062183425256
0.92,0.7012196938006556,0.007783111122312455,0.29099719507703176
0.9400000000000001,0.7012196938006556,0.007783111122312455,0.29099719507703176
0.96,0.7012196938006556,0.007783111122312455,0.29099719507703176
0.98,0.7012196938006556,0.007783111122312455,0.29099719507703176
1.0,0.7012196938006556,0.007783111122312455,0.29099719507703176
