fraction_of_volc,OH,H2O2,TMI
0.0,0.21452580545947258,0.29586809492085625,0.4896060996196713
0.02,0.21452580545947258,0.29586809492085625,0.4896060996196713
0.04,0.21452580545947258,0.29586809492085625,0.4896060996196713
0.06,0.21452580545947258,0.29586809492085625,0.4896060996196713
0.08,0.21452580545947258,0.29586809492085625,0.4896060996196713
0.1,0.21452580545947258,0.29586809492085625,0.4896060996196713
0.12,0.21452580545947258,0.29586809492085625,0.4896060996196713
0.14,0.21452580545947258,0.29586809492085625,0.4896060996196713
0.16,0.21452580545947258,0.29586809492085625,0.4896060996196713
0.18,0.21452580545947258,0.29586809492085625,0.4896060996196713
0.2,0.21452580545947258,0.29586809492085625,0.4896060996196713
0.22,0.21452580545947258,0.29586809492085625,0.4896060996196713
0.24,0.21452580545947258,0.29586809492085625,0.4896060996196713
0.26,0.21452580545947258,0.29586809492085625,0.4896060996196713
0.28,0.21452580545947258,0.29586809492085625,0.4896060996196713
0.3,0.21452580545947258,0.29586809492085625,0.4896060996196713
0.32,0.21452580545947258,0.29586809492085625,0.4896060996196713
0.34,0.21452580545947258,0.29586809492085625,0.4896060996196713
0.36,0.21452580545947258,0.29586809492085625,0.4896060996196713
0.38,0.21452580545947258,0.29586809492085625,0.4896060996196713
0.4,0.21452580545947258,0.29586809492085625,0.4896060996196713
0.42,0.21452580545947258,0.29586809492085625,0.4896060996196713
0.44,0.21452580545947258,0.29586809492085625,0.4896060996196713
0.46,0.21452580545947258,0.29586809492085625,0.4896060996196713
0.48,0.21452580545947258,0.29586809492085625,0.4896060996196713
0.5,0.21452580545947258,0.29586809492085625,0.4896060996196713
0.52,0.21452580545947258,0.29586809492085625,0.4896060996196713
0.54,0.21698775996309175,0.27685976742838236,0.506152472608526
0.56,0.2194497144667109,0.2578514399359085,0.5226988455973808
0.58,0.22191166897033007,0.2388431124434346,0.5392452185862354
0.6,0.2243736234739492,0.2198347849509607,0.5557915915750902
0.62,0.22683557797756837,0.20082645745848682,0.5723379645639449
0.64,0.22929753248118753,0.1818181299660129,0.5888843375527997
0.66,0.2317594869848067,0.16280980247353902,0.6054307105416543
0.68,0.23422144148842586,0.14380147498106513,0.6219770835305091
0.7000000000000001,0.23668339599204502,0.12479314748859124,0.6385234565193638
0.72,0.23914535049566418,0.10578481999611736,0.6550698295082186
0.74,0.24160730499928335,0.08677649250364347,0.6716162024970733
0.76,0.24406925950290248,0.06776816501116956,0.688162575485928
0.78,0.24653121400652164,0.04875983751869567,0.7047089484747827
0.8,0.2489931685101408,0.029751510026221766,0.7212553214636375
0.8200000000000001,0.2489931685101408,0.029751510026221766,0.7212553214636375
0.84,0.2489931685101408,0.029751510026221766,0.7212553214636375
0.86,0.2489931685101408,0.029751510026221766,0.7212553214636375
0.88,0.2489931685101408,0.029751510026221766,0.7212553214636375
0.9,0.2489931685101408,0.029751510026221766,0.7212553214636375
0.92,0.2489931685101408,0.029751510026221766,0.7212553214636375
0.9400000000000001,0.2489931685101408,0.029751510026221766,0.7212553214636375
0.96,0.2489931685101408,0.029751510026221766,0.7212553214636375
0.98,0.2489931685101408,0.029751510026221766,0.7212553214636375
1.0,0.2489931685101408,0.029751510026221766,0.7212553214636375
