fraction_of_volc,OH,H2O2,TMI
0.0,0.050885125336233177,0.9155426589802588,0.03357221568350807
0.02,0.050885125336233177,0.9155426589802588,0.03357221568350807
0.04,0.050885125336233177,0.9155426589802588,0.03357221568350807
0.06,0.050885125336233177,0.9155426589802588,0.03357221568350807
0.08,0.050885125336233177,0.9155426589802588,0.03357221568350807
0.1,0.050885125336233177,0.9155426589802588,0.03357221568350807
0.12,0.050885125336233177,0.9155426589802588,0.03357221568350807
0.14,0.050885125336233177,0.9155426589802588,0.03357221568350807
0.16,0.050885125336233177,0.9155426589802588,0.03357221568350807
0.18,0.050885125336233177,0.9155426589802588,0.03357221568350807
0.2,0.050885125336233177,0.9155426589802588,0.03357221568350807
0.22,0.050885125336233177,0.9155426589802588,0.03357221568350807
0.24,0.06413435356082886,0.8909523215315736,0.04491332490759754
0.26,0.07738358178542457,0.8663619840828884,0.05625443413168702
0.28,0.09063281001002024,0.8417716466342032,0.0675955433557765
0.3,0.10388203823461595,0.8171813091855181,0.07893665257986597
0.32,0.11713126645921162,0.7925909717368329,0.09027776180395544
0.34,0.13038049468380733,0.7680006342881478,0.10161887102804493
0.36,0.143629722908403,0.7434102968394626,0.1129599802521344
0.38,0.1568789511329987,0.7188199593907774,0.12430108947622387
0.4,0.1701281793575944,0.6942296219420923,0.13564219870031335
0.42,0.1833774075821901,0.6696392844934071,0.1469833079244028
0.44,0.1966266358067858,0.6450489470447219,0.1583244171484923
0.46,0.20987586403138148,0.6204586095960367,0.16966552637258178
0.48,0.22312509225597715,0.5958682721473516,0.18100663559667124
0.5,0.23637432048057286,0.5712779346986664,0.19234774482076072
0.52,0.24962354870516856,0.5466875972499812,0.20368885404485018
0.54,0.26287277692976424,0.5220972598012961,0.21502996326893967
0.56,0.2761220051543599,0.4975069223526109,0.22637107249302915
0.58,0.2893712333789556,0.47291658490392574,0.2377121817171186
0.6,0.3026204616035513,0.4483262474552406,0.2490532909412081
0.62,0.315869689828147,0.4237359100065554,0.2603944001652976
0.64,0.3291189180527427,0.3991455725578702,0.27173550938938706
0.66,0.3423681462773384,0.3745552351091851,0.28307661861347655
0.68,0.3556173745019341,0.3499648976604999,0.29441772783756603
0.7000000000000001,0.36886660272652977,0.32537456021181466,0.3057588370616555
0.72,0.38211583095112545,0.30078422276312955,0.3170999462857449
0.74,0.3953650591757211,0.27619388531444433,0.3284410555098344
0.76,0.40861428740031686,0.2516035478657592,0.33978216473392386
0.78,0.42186351562491253,0.227013210417074,0.35112327395801335
0.8,0.4351127438495082,0.2024228729683889,0.36246438318210283
0.8200000000000001,0.44836197207410394,0.17783253551970368,0.3738054924061923
0.84,0.4616112002986996,0.15324219807101858,0.3851466016302818
0.86,0.4748604285232953,0.12865186062233336,0.3964877108543713
0.88,0.488109656747891,0.10406152317364814,0.4078288200784608
0.9,0.5013588849724867,0.07947118572496305,0.41916992930255026
0.92,0.5013588849724867,0.07947118572496305,0.41916992930255026
0.9400000000000001,0.5013588849724867,0.07947118572496305,0.41916992930255026
0.96,0.5013588849724867,0.07947118572496305,0.41916992930255026
0.98,0.5013588849724867,0.07947118572496305,0.41916992930255026
1.0,0.5013588849724867,0.07947118572496305,0.41916992930255026
