fraction_of_volc,OH,H2O2,TMI
0.0,0.43326175287626933,0.1393384111004737,0.4273998360232571
0.02,0.43326175287626933,0.1393384111004737,0.4273998360232571
0.04,0.43326175287626933,0.1393384111004737,0.4273998360232571
0.06,0.43326175287626933,0.1393384111004737,0.4273998360232571
0.08,0.43326175287626933,0.1393384111004737,0.4273998360232571
0.1,0.4211240416461077,0.15625441314278915,0.4226215452111033
0.12,0.40898633041594606,0.1731704151851046,0.4178432543989495
0.14,0.39684861918578446,0.19008641722742003,0.4130649635867957
0.16,0.3847109079556228,0.20700241926973545,0.40828667277464187
0.18,0.3725731967254612,0.22391842131205092,0.40350838196248806
0.2,0.3604354854952996,0.24083442335436633,0.3987300911503342
0.22,0.34829777426513797,0.2577504253966818,0.3939518003381804
0.24,0.3361600630349763,0.2746664274389972,0.3891735095260266
0.26,0.32402235180481465,0.29158242948131263,0.3843952187138728
0.28,0.31188464057465304,0.3084984315236281,0.37961692790171897
0.3,0.29974692934449143,0.3254144335659436,0.37483863708956516
0.32,0.2876092181143298,0.34233043560825893,0.37006034627741136
0.34,0.27547150688416816,0.3592464376505744,0.36528205546525755
0.36,0.26333379565400655,0.37616243969288987,0.36050376465310374
0.38,0.2511960844238449,0.39307844173520534,0.3557254738409499
0.4,0.23905837319368328,0.4099944437775207,0.35094718302879613
0.42,0.22692066196352165,0.42691044581983617,0.34616889221664227
0.44,0.21478295073336,0.44382644786215164,0.34139060140448846
0.46,0.2026452395031984,0.460742449904467,0.33661231059233465
0.48,0.19050752827303677,0.47765845194678247,0.33183401978018084
0.5,0.17836981704287513,0.49457445398909794,0.32705572896802704
0.52,0.16623210581271353,0.5114904560314134,0.32227743815587323
0.54,0.15409439458255186,0.5284064580737288,0.3174991473437194
0.56,0.14195668335239026,0.5453224601160442,0.3127208565315656
0.58,0.12981897212222865,0.5622384621583597,0.3079425657194118
0.6,0.11768126089206699,0.5791544642006751,0.30316427490725795
0.62,0.10554354966190538,0.5960704662429905,0.2983859840951042
0.64,0.09340583843174377,0.612986468285306,0.29360769328295033
0.66,0.08126812720158211,0.6299024703276215,0.2888294024707966
0.68,0.0691304159714205,0.646818472369937,0.2840511116586427
0.7000000000000001,0.05699270474125884,0.6637344744122523,0.2792728208464889
0.72,0.04485499351109723,0.6806504764545678,0.2744945300343351
0.74,0.03271728228093562,0.6975664784968832,0.2697162392221813
0.76,0.03271728228093562,0.6975664784968832,0.2697162392221813
0.78,0.03271728228093562,0.6975664784968832,0.2697162392221813
0.8,0.03271728228093562,0.6975664784968832,0.2697162392221813
0.8200000000000001,0.03271728228093562,0.6975664784968832,0.2697162392221813
0.84,0.03271728228093562,0.6975664784968832,0.2697162392221813
0.86,0.03271728228093562,0.6975664784968832,0.2697162392221813
0.88,0.03271728228093562,0.6975664784968832,0.2697162392221813
0.9,0.03271728228093562,0.6975664784968832,0.2697162392221813
0.92,0.03271728228093562,0.6975664784968832,0.2697162392221813
0.9400000000000001,0.03271728228093562,0.6975664784968832,0.2697162392221813
0.96,0.03271728228093562,0.6975664784968832,0.2697162392221813
0.98,0.03271728228093562,0.6975664784968832,0.2697162392221813
1.0,0.03271728228093562,0.6975664784968832,0.2697162392221813
