fraction_of_volc,OH,H2O2,TMI
0.0,0.25968460687795236,0.7383827802230258,0.0019326128990217698
0.02,0.25968460687795236,0.7383827802230258,0.0019326128990217698
0.04,0.25968460687795236,0.7383827802230258,0.0019326128990217698
0.06,0.25968460687795236,0.7383827802230258,0.0019326128990217698
0.08,0.25968460687795236,0.7383827802230258,0.0019326128990217698
0.1,0.25968460687795236,0.7383827802230258,0.0019326128990217698
0.12,0.25968460687795236,0.7383827802230258,0.0019326128990217698
0.14,0.25968460687795236,0.7383827802230258,0.0019326128990217698
0.16,0.25968460687795236,0.7383827802230258,0.0019326128990217698
0.18,0.25968460687795236,0.7383827802230258,0.0019326128990217698
0.2,0.25968460687795236,0.7383827802230258,0.0019326128990217698
0.22,0.25968460687795236,0.7383827802230258,0.0019326128990217698
0.24,0.25968460687795236,0.7383827802230258,0.0019326128990217698
0.26,0.25968460687795236,0.7383827802230258,0.0019326128990217698
0.28,0.25968460687795236,0.7383827802230258,0.0019326128990217698
0.3,0.25968460687795236,0.7383827802230258,0.0019326128990217698
0.32,0.25968460687795236,0.7383827802230258,0.0019326128990217698
0.34,0.25968460687795236,0.7383827802230258,0.0019326128990217698
0.36,0.25968460687795236,0.7383827802230258,0.0019326128990217698
0.38,0.25968460687795236,0.7383827802230258,0.0019326128990217698
0.4,0.25968460687795236,0.7383827802230258,0.0019326128990217698
0.42,0.25968460687795236,0.7383827802230258,0.0019326128990217698
0.44,0.25968460687795236,0.7383827802230258,0.0019326128990217698
0.46,0.25968460687795236,0.7383827802230258,0.0019326128990217698
0.48,0.25968460687795236,0.7383827802230258,0.0019326128990217698
0.5,0.25968460687795236,0.7383827802230258,0.0019326128990217698
0.52,0.25968460687795236,0.7383827802230258,0.0019326128990217698
0.54,0.25968460687795236,0.7383827802230258,0.0019326128990217698
0.56,0.2798378633109172,0.6669305046673528,0.05323163202172998
0.58,0.29999111974388204,0.5954782291116798,0.1045306511444382
0.6,0.3201443761768469,0.5240259535560067,0.15582967026714642
0.62,0.3402976326098117,0.45257367800033366,0.20712868938985463
0.64,0.36045088904277656,0.38112140244466064,0.2584277085125628
0.66,0.3806041454757414,0.30966912688898757,0.30972672763527104
0.68,0.40075740190870623,0.2382168513333145,0.3610257467579792
0.7000000000000001,0.4209106583416711,0.1667645757776415,0.41232476588068745
0.72,0.4209106583416711,0.1667645757776415,0.41232476588068745
0.74,0.4209106583416711,0.1667645757776415,0.41232476588068745
0.76,0.4209106583416711,0.1667645757776415,0.41232476588068745
0.78,0.4209106583416711,0.1667645757776415,0.41232476588068745
0.8,0.4209106583416711,0.1667645757776415,0.41232476588068745
0.8200000000000001,0.4209106583416711,0.1667645757776415,0.41232476588068745
0.84,0.4209106583416711,0.1667645757776415,0.41232476588068745
0.86,0.4209106583416711,0.1667645757776415,0.41232476588068745
0.88,0.4209106583416711,0.1667645757776415,0.41232476588068745
0.9,0.4209106583416711,0.1667645757776415,0.41232476588068745
0.92,0.4209106583416711,0.1667645757776415,0.41232476588068745
0.9400000000000001,0.4209106583416711,0.1667645757776415,0.41232476588068745
0.96,0.4209106583416711,0.1667645757776415,0.41232476588068745
0.98,0.4209106583416711,0.1667645757776415,0.41232476588068745
1.0,0.4209106583416711,0.1667645757776415,0.41232476588068745
