fraction_of_volc,OH,H2O2,TMI
0.0,0.3746353141244361,0.5638701217151406,0.06149456416042324
0.02,0.3746353141244361,0.5638701217151406,0.06149456416042324
0.04,0.3824180750395743,0.5507334185194868,0.06684850644093891
0.06,0.3902008359547125,0.5375967153238329,0.07220244872145458
0.08,0.39798359686985063,0.524460012128179,0.07755639100197025
0.1,0.4057663577849888,0.5113233089325252,0.08291033328248593
0.12,0.413549118700127,0.49818660573687135,0.08826427556300159
0.14,0.4213318796152652,0.4850499025412175,0.09361821784351726
0.16,0.4291146405304034,0.4719131993455637,0.09897216012403293
0.18,0.43689740144554157,0.45877649614990984,0.10432610240454859
0.2,0.44468016236067975,0.445639792954256,0.10968004468506426
0.22,0.4524629232758179,0.43250308975860213,0.11503398696557994
0.24,0.4602456841909561,0.4193663865629483,0.12038792924609562
0.26,0.46802844510609426,0.4062296833672944,0.1257418715266113
0.28,0.47581120602123245,0.39309298017164057,0.13109581380712695
0.3,0.4835939669363706,0.3799562769759868,0.13644975608764262
0.32,0.49137672785150877,0.3668195737803329,0.1418036983681583
0.34,0.49915948876664695,0.35368287058467907,0.14715764064867395
0.36,0.5069422496817851,0.3405461673890252,0.15251158292918962
0.38,0.5147250105969233,0.32740946419337136,0.1578655252097053
0.4,0.5225077715120615,0.3142727609977175,0.16321946749022098
0.42,0.5302905324271997,0.30113605780206365,0.16857340977073665
0.44,0.5380732933423379,0.2879993546064098,0.17392735205125232
0.46,0.545856054257476,0.27486265141075594,0.17928129433176798
0.48,0.5536388151726142,0.2617259482151021,0.18463523661228365
0.5,0.5614215760877523,0.24858924501944824,0.18998917889279932
0.52,0.5692043370028905,0.23545254182379438,0.19534312117331498
0.54,0.5769870979180287,0.22231583862814053,0.20069706345383065
0.56,0.5847698588331669,0.20917913543248673,0.20605100573434632
0.58,0.5925526197483051,0.19604243223683288,0.211404948014862
0.6,0.6003353806634433,0.18290572904117902,0.21675889029537768
0.62,0.6081181415785815,0.16976902584552517,0.22211283257589334
0.64,0.6159009024937196,0.15663232264987131,0.227466774856409
0.66,0.6236836634088578,0.14349561945421746,0.23282071713692468
0.68,0.631466424323996,0.1303589162585636,0.23817465941744034
0.7000000000000001,0.6392491852391342,0.11722221306290975,0.243528601697956
0.72,0.6470319461542724,0.1040855098672559,0.24888254397847168
0.74,0.6548147070694106,0.09094880667160204,0.25423648625898737
0.76,0.6625974679845488,0.07781210347594819,0.25959042853950304
0.78,0.6703802288996868,0.06467540028029439,0.2649443708200187
0.8,0.678162989814825,0.05153869708464054,0.27029831310053437
0.8200000000000001,0.6859457507299632,0.038401993888986664,0.27565225538105004
0.84,0.6859457507299632,0.038401993888986664,0.27565225538105004
0.86,0.6859457507299632,0.038401993888986664,0.27565225538105004
0.88,0.6859457507299632,0.038401993888986664,0.27565225538105004
0.9,0.6859457507299632,0.038401993888986664,0.27565225538105004
0.92,0.6859457507299632,0.038401993888986664,0.27565225538105004
0.9400000000000001,0.6859457507299632,0.038401993888986664,0.27565225538105004
0.96,0.6859457507299632,0.038401993888986664,0.27565225538105004
0.98,0.6859457507299632,0.038401993888986664,0.27565225538105004
1.0,0.6859457507299632,0.038401993888986664,0.27565225538105004
