fraction_of_volc,OH,H2O2,TMI
0.0,0.02241117581432277,0.8528767254207322,0.12471209876494509
0.02,0.02241117581432277,0.8528767254207322,0.12471209876494509
0.04,0.02241117581432277,0.8528767254207322,0.12471209876494509
0.06,0.02241117581432277,0.8528767254207322,0.12471209876494509
0.08,0.02241117581432277,0.8528767254207322,0.12471209876494509
0.1,0.02241117581432277,0.8528767254207322,0.12471209876494509
0.12,0.02241117581432277,0.8528767254207322,0.12471209876494509
0.14,0.02241117581432277,0.8528767254207322,0.12471209876494509
0.16,0.02241117581432277,0.8528767254207322,0.12471209876494509
0.18,0.02241117581432277,0.8528767254207322,0.12471209876494509
0.2,0.02241117581432277,0.8528767254207322,0.12471209876494509
0.22,0.02241117581432277,0.8528767254207322,0.12471209876494509
0.24,0.02241117581432277,0.8528767254207322,0.12471209876494509
0.26,0.02241117581432277,0.8528767254207322,0.12471209876494509
0.28,0.02241117581432277,0.8528767254207322,0.12471209876494509
0.3,0.02241117581432277,0.8528767254207322,0.12471209876494509
0.32,0.02241117581432277,0.8528767254207322,0.12471209876494509
0.34,0.02241117581432277,0.8528767254207322,0.12471209876494509
0.36,0.02241117581432277,0.8528767254207322,0.12471209876494509
0.38,0.02241117581432277,0.8528767254207322,0.12471209876494509
0.4,0.04707581481437059,0.8192714392231127,0.13365274596251672
0.42,0.07174045381441842,0.7856661530254933,0.14259339316008837
0.44,0.09640509281446624,0.7520608668278739,0.15153404035766002
0.46,0.12106973181451407,0.7184555806302544,0.16047468755523167
0.48,0.1457343708145619,0.6848502944326349,0.1694153347528033
0.5,0.17039900981460973,0.6512450082350154,0.17835598195037494
0.52,0.19506364881465754,0.6176397220373959,0.1872966291479466
0.54,0.21972828781470538,0.5840344358397764,0.19623727634551824
0.56,0.24439292681475322,0.550429149642157,0.2051779235430899
0.58,0.269057565814801,0.5168238634445376,0.21411857074066154
0.6,0.29372220481484884,0.4832185772469181,0.2230592179382332
0.62,0.3183868438148967,0.4496132910492986,0.23199986513580484
0.64,0.3430514828149445,0.41600800485167916,0.24094051233337646
0.66,0.3677161218149923,0.38240271865405967,0.24988115953094808
0.68,0.39238076081504014,0.34879743245644024,0.25882180672851973
0.7000000000000001,0.417045399815088,0.31519214625882075,0.2677624539260914
0.72,0.4417100388151358,0.28158686006120126,0.27670310112366303
0.74,0.46637467781518366,0.24798157386358177,0.2856437483212347
0.76,0.49103931681523144,0.2143762876659624,0.29458439551880633
0.78,0.5157039558152793,0.1807710014683429,0.303525042716378
0.8,0.5403685948153271,0.14716571527072342,0.31246568991394963
0.8200000000000001,0.5650332338153748,0.11356042907310393,0.3214063371115213
0.84,0.5896978728154227,0.07995514287548444,0.33034698430909293
0.86,0.6143625118154705,0.04634985667786495,0.3392876315066646
0.88,0.6390271508155183,0.012744570480245528,0.3482282787042362
0.9,0.6390271508155183,0.012744570480245528,0.3482282787042362
0.92,0.6390271508155183,0.012744570480245528,0.3482282787042362
0.9400000000000001,0.6390271508155183,0.012744570480245528,0.3482282787042362
0.96,0.6390271508155183,0.012744570480245528,0.3482282787042362
0.98,0.6390271508155183,0.012744570480245528,0.3482282787042362
1.0,0.6390271508155183,0.012744570480245528,0.3482282787042362
