fraction_of_volc,OH,H2O2,TMI
0.0,0.2468215292017784,0.5278213467162897,0.22535712408193198
0.02,0.2468215292017784,0.5278213467162897,0.22535712408193198
0.04,0.2468215292017784,0.5278213467162897,0.22535712408193198
0.06,0.2468215292017784,0.5278213467162897,0.22535712408193198
0.08,0.2468215292017784,0.5278213467162897,0.22535712408193198
0.1,0.2468215292017784,0.5278213467162897,0.22535712408193198
0.12,0.2468215292017784,0.5278213467162897,0.22535712408193198
0.14,0.2468215292017784,0.5278213467162897,0.22535712408193198
0.16,0.2468215292017784,0.5278213467162897,0.22535712408193198
0.18,0.2468215292017784,0.5278213467162897,0.22535712408193198
0.2,0.2468215292017784,0.5278213467162897,0.22535712408193198
0.22,0.2468215292017784,0.5278213467162897,0.22535712408193198
0.24,0.2468215292017784,0.5278213467162897,0.22535712408193198
0.26,0.2468215292017784,0.5278213467162897,0.22535712408193198
0.28,0.2468215292017784,0.5278213467162897,0.22535712408193198
0.3,0.2468215292017784,0.5278213467162897,0.22535712408193198
0.32,0.2468215292017784,0.5278213467162897,0.22535712408193198
0.34,0.2468215292017784,0.5278213467162897,0.22535712408193198
0.36,0.2468215292017784,0.5278213467162897,0.22535712408193198
0.38,0.2468215292017784,0.5278213467162897,0.22535712408193198
0.4,0.2468215292017784,0.5278213467162897,0.22535712408193198
0.42,0.2468215292017784,0.5278213467162897,0.22535712408193198
0.44,0.2468215292017784,0.5278213467162897,0.22535712408193198
0.46,0.2468215292017784,0.5278213467162897,0.22535712408193198
0.48,0.2468215292017784,0.5278213467162897,0.22535712408193198
0.5,0.2468215292017784,0.5278213467162897,0.22535712408193198
0.52,0.2468215292017784,0.5278213467162897,0.22535712408193198
0.54,0.24142485891540624,0.5090027254473941,0.24957241563719973
0.56,0.23602818862903405,0.4901841041784985,0.2737877071924675
0.58,0.23063151834266188,0.47136548290960295,0.2980029987477353
0.6,0.2252348480562897,0.45254686164070734,0.322218290303003
0.62,0.21983817776991754,0.4337282403718118,0.3464335818582708
0.64,0.21444150748354535,0.41490961910291624,0.3706488734135385
0.66,0.20904483719717318,0.39609099783402063,0.3948641649688063
0.68,0.203648166910801,0.377272376565125,0.419079456524074
0.7000000000000001,0.1982514966244288,0.35845375529622947,0.44329474807934177
0.72,0.19285482633805665,0.3396351340273339,0.4675100396346095
0.74,0.18745815605168448,0.3208165127584383,0.49172533118987727
0.76,0.18206148576531228,0.30199789148954276,0.5159406227451451
0.78,0.1766648154789401,0.28317927022064715,0.5401559143004129
0.8,0.17126814519256794,0.2643606489517516,0.5643712058556806
0.8200000000000001,0.16587147490619575,0.245542027682856,0.5885864974109483
0.84,0.16047480461982358,0.22672340641396044,0.6128017889662161
0.86,0.1550781343334514,0.20790478514506489,0.6370170805214839
0.88,0.14968146404707922,0.18908616387616928,0.6612323720767516
0.9,0.14428479376070705,0.17026754260727373,0.6854476636320193
0.92,0.13888812347433488,0.15144892133837812,0.7096629551872871
0.9400000000000001,0.13888812347433488,0.15144892133837812,0.7096629551872871
0.96,0.13888812347433488,0.15144892133837812,0.7096629551872871
0.98,0.13888812347433488,0.15144892133837812,0.7096629551872871
1.0,0.13888812347433488,0.15144892133837812,0.7096629551872871
