fraction_of_volc,OH,H2O2,TMI
0.0,0.2455932596498006,0.5952324169551441,0.15917432339505544
0.02,0.2455932596498006,0.5952324169551441,0.15917432339505544
0.04,0.2455932596498006,0.5952324169551441,0.15917432339505544
0.06,0.2455932596498006,0.5952324169551441,0.15917432339505544
0.08,0.2455932596498006,0.5952324169551441,0.15917432339505544
0.1,0.2455932596498006,0.5952324169551441,0.15917432339505544
0.12,0.2455932596498006,0.5952324169551441,0.15917432339505544
0.14,0.2455932596498006,0.5952324169551441,0.15917432339505544
0.16,0.2455932596498006,0.5952324169551441,0.15917432339505544
0.18,0.2455932596498006,0.5952324169551441,0.15917432339505544
0.2,0.2455932596498006,0.5952324169551441,0.15917432339505544
0.22,0.2455932596498006,0.5952324169551441,0.15917432339505544
0.24,0.2455932596498006,0.5952324169551441,0.15917432339505544
0.26,0.2455932596498006,0.5952324169551441,0.15917432339505544
0.28,0.2455932596498006,0.5952324169551441,0.15917432339505544
0.3,0.2455932596498006,0.5952324169551441,0.15917432339505544
0.32,0.2455932596498006,0.5952324169551441,0.15917432339505544
0.34,0.2455932596498006,0.5952324169551441,0.15917432339505544
0.36,0.2455932596498006,0.5952324169551441,0.15917432339505544
0.38,0.2455932596498006,0.5952324169551441,0.15917432339505544
0.4,0.2455932596498006,0.5952324169551441,0.15917432339505544
0.42,0.2455932596498006,0.5952324169551441,0.15917432339505544
0.44,0.2455932596498006,0.5952324169551441,0.15917432339505544
0.46,0.2318690951153606,0.5921319738018233,0.17599893108281625
0.48,0.2181449305809206,0.5890315306485024,0.19282353877057706
0.5,0.2044207660464806,0.5859310874951816,0.2096481464583379
0.52,0.1906966015120406,0.5828306443418608,0.2264727541460987
0.54,0.17697243697760062,0.57973020118854,0.24329736183385953
0.56,0.1632482724431606,0.5766297580352192,0.26012196952162037
0.58,0.14952410790872062,0.5735293148818983,0.27694657720938115
0.6,0.13579994337428059,0.5704288717285775,0.29377118489714193
0.62,0.1220757788398406,0.5673284285752567,0.3105957925849028
0.64,0.1083516143054006,0.5642279854219359,0.3274204002726636
0.66,0.0946274497709606,0.561127542268615,0.3442450079604244
0.68,0.0809032852365206,0.5580270991152942,0.36106961564818524
0.7000000000000001,0.0671791207020806,0.5549266559619734,0.377894223335946
0.72,0.053454956167640594,0.5518262128086526,0.39471883102370686
0.74,0.053454956167640594,0.5518262128086526,0.39471883102370686
0.76,0.053454956167640594,0.5518262128086526,0.39471883102370686
0.78,0.053454956167640594,0.5518262128086526,0.39471883102370686
0.8,0.053454956167640594,0.5518262128086526,0.39471883102370686
0.8200000000000001,0.053454956167640594,0.5518262128086526,0.39471883102370686
0.84,0.053454956167640594,0.5518262128086526,0.39471883102370686
0.86,0.053454956167640594,0.5518262128086526,0.39471883102370686
0.88,0.053454956167640594,0.5518262128086526,0.39471883102370686
0.9,0.053454956167640594,0.5518262128086526,0.39471883102370686
0.92,0.053454956167640594,0.5518262128086526,0.39471883102370686
0.9400000000000001,0.053454956167640594,0.5518262128086526,0.39471883102370686
0.96,0.053454956167640594,0.5518262128086526,0.39471883102370686
0.98,0.053454956167640594,0.5518262128086526,0.39471883102370686
1.0,0.053454956167640594,0.5518262128086526,0.39471883102370686
