fraction_of_volc,OH,H2O2,TMI
0.0,0.016839006808405114,0.6368432893799221,0.34631770381167265
0.02,0.016839006808405114,0.6368432893799221,0.34631770381167265
0.04,0.016839006808405114,0.6368432893799221,0.34631770381167265
0.06,0.016839006808405114,0.6368432893799221,0.34631770381167265
0.08,0.016839006808405114,0.6368432893799221,0.34631770381167265
0.1,0.016839006808405114,0.6368432893799221,0.34631770381167265
0.12,0.016839006808405114,0.6368432893799221,0.34631770381167265
0.14,0.016839006808405114,0.6368432893799221,0.34631770381167265
0.16,0.016839006808405114,0.6368432893799221,0.34631770381167265
0.18,0.016839006808405114,0.6368432893799221,0.34631770381167265
0.2,0.016839006808405114,0.6368432893799221,0.34631770381167265
0.22,0.016839006808405114,0.6368432893799221,0.34631770381167265
0.24,0.016839006808405114,0.6368432893799221,0.34631770381167265
0.26,0.016839006808405114,0.6368432893799221,0.34631770381167265
0.28,0.016839006808405114,0.6368432893799221,0.34631770381167265
0.3,0.016839006808405114,0.6368432893799221,0.34631770381167265
0.32,0.016839006808405114,0.6368432893799221,0.34631770381167265
0.34,0.016839006808405114,0.6368432893799221,0.34631770381167265
0.36,0.016839006808405114,0.6368432893799221,0.34631770381167265
0.38,0.016839006808405114,0.6368432893799221,0.34631770381167265
0.4,0.016839006808405114,0.6368432893799221,0.34631770381167265
0.42,0.016839006808405114,0.6368432893799221,0.34631770381167265
0.44,0.016839006808405114,0.6368432893799221,0.34631770381167265
0.46,0.016839006808405114,0.6368432893799221,0.34631770381167265
0.48,0.016839006808405114,0.6368432893799221,0.34631770381167265
0.5,0.016839006808405114,0.6368432893799221,0.34631770381167265
0.52,0.016839006808405114,0.6368432893799221,0.34631770381167265
0.54,0.016839006808405114,0.6368432893799221,0.34631770381167265
0.56,0.05188871825131107,0.6129778690920962,0.3351334126565926
0.58,0.08693842969421703,0.5891124488042703,0.32394912150151256
0.6,0.12198814113712299,0.5652470285164444,0.3127648303464325
0.62,0.15703785258002895,0.5413816082286185,0.3015805391913524
0.64,0.19208756402293492,0.5175161879407926,0.2903962480362724
0.66,0.22713727546584087,0.49365076765296667,0.2792119568811923
0.68,0.2621869869087468,0.46978534736514077,0.26802766572611225
0.7000000000000001,0.2972366983516528,0.44591992707731487,0.25684337457103223
0.72,0.33228640979455876,0.42205450678948897,0.24565908341595216
0.74,0.36733612123746473,0.39818908650166307,0.23447479226087212
0.76,0.40238583268037065,0.37432366621383717,0.22329050110579207
0.78,0.4374355441232766,0.35045824592601127,0.212106209950712
0.8,0.4724852555661826,0.32659282563818537,0.20092191879563195
0.8200000000000001,0.5075349670090885,0.30272740535035947,0.1897376276405519
0.84,0.5425846784519945,0.27886198506253357,0.17855333648547184
0.86,0.5776343898949005,0.25499656477470767,0.1673690453303918
0.88,0.6126841013378064,0.23113114448688177,0.15618475417531175
0.9,0.6477338127807124,0.20726572419905587,0.14500046302023167
0.92,0.6827835242236183,0.18340030391122997,0.13381617186515163
0.9400000000000001,0.6827835242236183,0.18340030391122997,0.13381617186515163
0.96,0.6827835242236183,0.18340030391122997,0.13381617186515163
0.98,0.6827835242236183,0.18340030391122997,0.13381617186515163
1.0,0.6827835242236183,0.18340030391122997,0.13381617186515163
