fraction_of_volc,OH,H2O2,TMI
0.0,0.29128680385939887,0.2969872334113165,0.4117259627292846
0.02,0.29128680385939887,0.2969872334113165,0.4117259627292846
0.04,0.29128680385939887,0.2969872334113165,0.4117259627292846
0.06,0.29128680385939887,0.2969872334113165,0.4117259627292846
0.08,0.29128680385939887,0.2969872334113165,0.4117259627292846
0.1,0.2794287393687568,0.3301485787051716,0.39042268192607155
0.12,0.26757067487811476,0.36330992399902673,0.36911940112285846
0.14,0.25571261038747267,0.3964712692928819,0.34781612031964537
0.16,0.24385454589683062,0.42963261458673696,0.32651283951643234
0.18,0.23199648140618856,0.46279395988059213,0.3052095587132193
0.2,0.2201384169155465,0.49595530517444725,0.2839062779100062
0.22,0.20828035242490445,0.5291166504683024,0.26260299710679313
0.24,0.19642228793426236,0.5622779957621575,0.2412997163035801
0.26,0.18456422344362033,0.5954393410560126,0.21999643550036704
0.28,0.17270615895297825,0.6286006863498677,0.19869315469715398
0.3,0.1608480944623362,0.6617620316437228,0.17738987389394092
0.32,0.14899002997169414,0.694923376937578,0.15608659309072787
0.34,0.14899002997169414,0.694923376937578,0.15608659309072787
0.36,0.14899002997169414,0.694923376937578,0.15608659309072787
0.38,0.14899002997169414,0.694923376937578,0.15608659309072787
0.4,0.14899002997169414,0.694923376937578,0.15608659309072787
0.42,0.14899002997169414,0.694923376937578,0.15608659309072787
0.44,0.14899002997169414,0.694923376937578,0.15608659309072787
0.46,0.14899002997169414,0.694923376937578,0.15608659309072787
0.48,0.14899002997169414,0.694923376937578,0.15608659309072787
0.5,0.14899002997169414,0.694923376937578,0.15608659309072787
0.52,0.14899002997169414,0.694923376937578,0.15608659309072787
0.54,0.14899002997169414,0.694923376937578,0.15608659309072787
0.56,0.14899002997169414,0.694923376937578,0.15608659309072787
0.58,0.14899002997169414,0.694923376937578,0.15608659309072787
0.6,0.14899002997169414,0.694923376937578,0.15608659309072787
0.62,0.14899002997169414,0.694923376937578,0.15608659309072787
0.64,0.14899002997169414,0.694923376937578,0.15608659309072787
0.66,0.14899002997169414,0.694923376937578,0.15608659309072787
0.68,0.14899002997169414,0.694923376937578,0.15608659309072787
0.7000000000000001,0.14899002997169414,0.694923376937578,0.15608659309072787
0.72,0.14899002997169414,0.694923376937578,0.15608659309072787
0.74,0.14899002997169414,0.694923376937578,0.15608659309072787
0.76,0.14899002997169414,0.694923376937578,0.15608659309072787
0.78,0.14899002997169414,0.694923376937578,0.15608659309072787
0.8,0.14899002997169414,0.694923376937578,0.15608659309072787
0.8200000000000001,0.14899002997169414,0.694923376937578,0.15608659309072787
0.84,0.14899002997169414,0.694923376937578,0.15608659309072787
0.86,0.14899002997169414,0.694923376937578,0.15608659309072787
0.88,0.14899002997169414,0.694923376937578,0.15608659309072787
0.9,0.14899002997169414,0.694923376937578,0.15608659309072787
0.92,0.14899002997169414,0.694923376937578,0.15608659309072787
0.9400000000000001,0.14899002997169414,0.694923376937578,0.15608659309072787
0.96,0.14899002997169414,0.694923376937578,0.15608659309072787
0.98,0.14899002997169414,0.694923376937578,0.15608659309072787
1.0,0.14899002997169414,0.694923376937578,0.15608659309072787
