fraction_of_volc,OH,H2O2,TMI
0.0,0.3844808148584446,0.008581904577073515,0.6069372805644819
0.02,0.3844808148584446,0.008581904577073515,0.6069372805644819
0.04,0.3844808148584446,0.008581904577073515,0.6069372805644819
0.06,0.3844808148584446,0.008581904577073515,0.6069372805644819
0.08,0.3844808148584446,0.008581904577073515,0.6069372805644819
0.1,0.3844808148584446,0.008581904577073515,0.6069372805644819
0.12,0.3844808148584446,0.008581904577073515,0.6069372805644819
0.14,0.3844808148584446,0.008581904577073515,0.6069372805644819
0.16,0.3844808148584446,0.008581904577073515,0.6069372805644819
0.18,0.3844808148584446,0.008581904577073515,0.6069372805644819
0.2,0.3844808148584446,0.008581904577073515,0.6069372805644819
0.22,0.3844808148584446,0.008581904577073515,0.6069372805644819
0.24,0.3844808148584446,0.008581904577073515,0.6069372805644819
0.26,0.3844808148584446,0.008581904577073515,0.6069372805644819
0.28,0.3844808148584446,0.008581904577073515,0.6069372805644819
0.3,0.3844808148584446,0.008581904577073515,0.6069372805644819
0.32,0.3763420756832421,0.024452441817870058,0.5992054824988878
0.34,0.3682033365080397,0.0403229790586666,0.5914736844332937
0.36,0.36006459733283724,0.05619351629946315,0.5837418863676996
0.38,0.3519258581576348,0.07206405354025969,0.5760100883021055
0.4,0.3437871189824323,0.08793459078105623,0.5682782902365114
0.42,0.33564837980722984,0.10380512802185278,0.5605464921709173
0.44,0.3275096406320274,0.11967566526264932,0.5528146941053232
0.46,0.31937090145682495,0.13554620250344585,0.5450828960397291
0.48,0.3112321622816225,0.1514167397442424,0.537351097974135
0.5,0.30309342310642007,0.16728727698503892,0.529619299908541
0.52,0.2949546839312176,0.1831578142258355,0.5218875018429469
0.54,0.28681594475601513,0.19902835146663206,0.5141557037773528
0.56,0.27867720558081266,0.21489888870742857,0.5064239057117587
0.58,0.2705384664056102,0.23076942594822514,0.49869210764616456
0.6,0.2623997272304078,0.24663996318902165,0.49096030958057046
0.62,0.2542609880552053,0.2625105004298182,0.48322851151497637
0.64,0.2542609880552053,0.2625105004298182,0.48322851151497637
0.66,0.2542609880552053,0.2625105004298182,0.48322851151497637
0.68,0.2542609880552053,0.2625105004298182,0.48322851151497637
0.7000000000000001,0.2542609880552053,0.2625105004298182,0.48322851151497637
0.72,0.2542609880552053,0.2625105004298182,0.48322851151497637
0.74,0.2542609880552053,0.2625105004298182,0.48322851151497637
0.76,0.2542609880552053,0.2625105004298182,0.48322851151497637
0.78,0.2542609880552053,0.2625105004298182,0.48322851151497637
0.8,0.2542609880552053,0.2625105004298182,0.48322851151497637
0.8200000000000001,0.2542609880552053,0.2625105004298182,0.48322851151497637
0.84,0.2542609880552053,0.2625105004298182,0.48322851151497637
0.86,0.2542609880552053,0.2625105004298182,0.48322851151497637
0.88,0.2542609880552053,0.2625105004298182,0.48322851151497637
0.9,0.2542609880552053,0.2625105004298182,0.48322851151497637
0.92,0.2542609880552053,0.2625105004298182,0.48322851151497637
0.9400000000000001,0.2542609880552053,0.2625105004298182,0.48322851151497637
0.96,0.2542609880552053,0.2625105004298182,0.48322851151497637
0.98,0.2542609880552053,0.2625105004298182,0.48322851151497637
1.0,0.2542609880552053,0.2625105004298182,0.48322851151497637
