fraction_of_volc,OH,H2O2,TMI
0.0,0.4394646768863696,0.15649676078056068,0.40403856233306973
0.02,0.4394646768863696,0.15649676078056068,0.40403856233306973
0.04,0.4394646768863696,0.15649676078056068,0.40403856233306973
0.06,0.4394646768863696,0.15649676078056068,0.40403856233306973
0.08,0.4394646768863696,0.15649676078056068,0.40403856233306973
0.1,0.4394646768863696,0.15649676078056068,0.40403856233306973
0.12,0.4394646768863696,0.15649676078056068,0.40403856233306973
0.14,0.4394646768863696,0.15649676078056068,0.40403856233306973
0.16,0.4394646768863696,0.15649676078056068,0.40403856233306973
0.18,0.4394646768863696,0.15649676078056068,0.40403856233306973
0.2,0.4394646768863696,0.15649676078056068,0.40403856233306973
0.22,0.4394646768863696,0.15649676078056068,0.40403856233306973
0.24,0.4394646768863696,0.15649676078056068,0.40403856233306973
0.26,0.4394646768863696,0.15649676078056068,0.40403856233306973
0.28,0.4394646768863696,0.15649676078056068,0.40403856233306973
0.3,0.4394646768863696,0.15649676078056068,0.40403856233306973
0.32,0.4394646768863696,0.15649676078056068,0.40403856233306973
0.34,0.4394646768863696,0.15649676078056068,0.40403856233306973
0.36,0.4538840682203551,0.16430431332243203,0.3818116184572129
0.38,0.46830345955434055,0.17211186586430338,0.35958467458135607
0.4,0.48272285088832606,0.1799194184061747,0.33735773070549924
0.42,0.4971422422223115,0.18772697094804605,0.3151307868296424
0.44,0.511561633556297,0.1955345234899174,0.2929038429537856
0.46,0.5259810248902825,0.20334207603178875,0.27067689907792875
0.48,0.5404004162242679,0.2111496285736601,0.24844995520207191
0.5,0.5548198075582534,0.21895718111553145,0.22622301132621508
0.52,0.569239198892239,0.2267647336574028,0.20399606745035825
0.54,0.5836585902262245,0.23457228619927412,0.18176912357450142
0.56,0.59807798156021,0.2423798387411455,0.1595421796986446
0.58,0.6124973728941954,0.2501873912830168,0.13731523582278776
0.6,0.6269167642281809,0.2579949438248882,0.11508829194693093
0.62,0.6413361555621664,0.2658024963667595,0.09286134807107412
0.64,0.6413361555621664,0.2658024963667595,0.09286134807107412
0.66,0.6413361555621664,0.2658024963667595,0.09286134807107412
0.68,0.6413361555621664,0.2658024963667595,0.09286134807107412
0.7000000000000001,0.6413361555621664,0.2658024963667595,0.09286134807107412
0.72,0.6413361555621664,0.2658024963667595,0.09286134807107412
0.74,0.6413361555621664,0.2658024963667595,0.09286134807107412
0.76,0.6413361555621664,0.2658024963667595,0.09286134807107412
0.78,0.6413361555621664,0.2658024963667595,0.09286134807107412
0.8,0.6413361555621664,0.2658024963667595,0.09286134807107412
0.8200000000000001,0.6413361555621664,0.2658024963667595,0.09286134807107412
0.84,0.6413361555621664,0.2658024963667595,0.09286134807107412
0.86,0.6413361555621664,0.2658024963667595,0.09286134807107412
0.88,0.6413361555621664,0.2658024963667595,0.09286134807107412
0.9,0.6413361555621664,0.2658024963667595,0.09286134807107412
0.92,0.6413361555621664,0.2658024963667595,0.09286134807107412
0.9400000000000001,0.6413361555621664,0.2658024963667595,0.09286134807107412
0.96,0.6413361555621664,0.2658024963667595,0.09286134807107412
0.98,0.6413361555621664,0.2658024963667595,0.09286134807107412
1.0,0.6413361555621664,0.2658024963667595,0.09286134807107412
