fraction_of_volc,OH,H2O2,TMI
0.0,0.5937200141359891,0.2809031424734968,0.12537684339051408
0.02,0.5937200141359891,0.2809031424734968,0.12537684339051408
0.04,0.5937200141359891,0.2809031424734968,0.12537684339051408
0.06,0.5937200141359891,0.2809031424734968,0.12537684339051408
0.08,0.5937200141359891,0.2809031424734968,0.12537684339051408
0.1,0.5937200141359891,0.2809031424734968,0.12537684339051408
0.12,0.5937200141359891,0.2809031424734968,0.12537684339051408
0.14,0.5937200141359891,0.2809031424734968,0.12537684339051408
0.16,0.5937200141359891,0.2809031424734968,0.12537684339051408
0.18,0.5937200141359891,0.2809031424734968,0.12537684339051408
0.2,0.5937200141359891,0.2809031424734968,0.12537684339051408
0.22,0.5937200141359891,0.2809031424734968,0.12537684339051408
0.24,0.5938180138087853,0.2804640025946912,0.12571798359652342
0.26,0.5939160134815816,0.2800248627158856,0.12605912380253276
0.28,0.5940140131543779,0.27958572283708,0.1264002640085421
0.3,0.5941120128271741,0.27914658295827444,0.1267414042145514
0.32,0.5942100124999704,0.2787074430794688,0.12708254442056074
0.34,0.5943080121727666,0.2782683032006632,0.12742368462657008
0.36,0.594406011845563,0.27782916332185764,0.12776482483257942
0.38,0.5945040115183592,0.277390023443052,0.12810596503858876
0.4,0.5946020111911554,0.27695088356424646,0.1284471052445981
0.42,0.5947000108639517,0.27651174368544085,0.1287882454506074
0.44,0.594798010536748,0.27607260380663523,0.12912938565661675
0.46,0.5948960102095442,0.27563346392782967,0.12947052586262608
0.48,0.5949940098823405,0.27519432404902405,0.12981166606863542
0.5,0.5950920095551367,0.2747551841702185,0.13015280627464476
0.52,0.595190009227933,0.2743160442914129,0.1304939464806541
0.54,0.5952880089007293,0.27387690441260726,0.13083508668666344
0.56,0.5953860085735255,0.2734377645338017,0.13117622689267275
0.58,0.5954840082463219,0.2729986246549961,0.1315173670986821
0.6,0.5955820079191181,0.27255948477619046,0.13185850730469142
0.62,0.5956800075919143,0.2721203448973849,0.13219964751070076
0.64,0.5957780072647106,0.2716812050185793,0.1325407877167101
0.66,0.5958760069375069,0.2712420651397737,0.13288192792271944
0.68,0.5959740066103031,0.2708029252609681,0.13322306812872875
0.7000000000000001,0.5960720062830994,0.2703637853821625,0.1335642083347381
0.72,0.5961700059558956,0.26992464550335693,0.13390534854074743
0.74,0.5962680056286919,0.2694855056245513,0.13424648874675676
0.76,0.5963660053014882,0.26904636574574575,0.1345876289527661
0.78,0.5964640049742844,0.26860722586694014,0.13492876915877544
0.8,0.5965620046470808,0.2681680859881345,0.13526990936478478
0.8200000000000001,0.596660004319877,0.26772894610932896,0.1356110495707941
0.84,0.5967580039926732,0.26728980623052334,0.13595218977680343
0.86,0.5968560036654695,0.2668506663517178,0.13629332998281277
0.88,0.5969540033382658,0.26641152647291216,0.1366344701888221
0.9,0.5969540033382658,0.26641152647291216,0.1366344701888221
0.92,0.5969540033382658,0.26641152647291216,0.1366344701888221
0.9400000000000001,0.5969540033382658,0.26641152647291216,0.1366344701888221
0.96,0.5969540033382658,0.26641152647291216,0.1366344701888221
0.98,0.5969540033382658,0.26641152647291216,0.1366344701888221
1.0,0.5969540033382658,0.26641152647291216,0.1366344701888221
