fraction_of_volc,OH,H2O2,TMI
0.0,0.20512771287540357,0.684702822551529,0.1101694645730674
0.02,0.20512771287540357,0.684702822551529,0.1101694645730674
0.04,0.21839416372253345,0.6722506777302674,0.1093551585471992
0.06,0.23166061456966336,0.6597985329090057,0.108540852521331
0.08,0.24492706541679324,0.6473463880877439,0.10772654649546279
0.1,0.2581935162639231,0.6348942432664822,0.10691224046959459
0.12,0.271459967111053,0.6224420984452206,0.1060979344437264
0.14,0.2847264179581829,0.6099899536239589,0.1052836284178582
0.16,0.2979928688053128,0.5975378088026971,0.10446932239198999
0.18,0.3112593196524427,0.5850856639814355,0.10365501636612179
0.2,0.32452577049957254,0.5726335191601738,0.10284071034025359
0.22,0.33779222134670245,0.5601813743389121,0.1020264043143854
0.24,0.35105867219383236,0.5477292295176504,0.10121209828851718
0.26,0.3643251230409622,0.5352770846963887,0.10039779226264899
0.28,0.3775915738880921,0.522824939875127,0.09958348623678079
0.3,0.3775915738880921,0.522824939875127,0.09958348623678079
0.32,0.3775915738880921,0.522824939875127,0.09958348623678079
0.34,0.3775915738880921,0.522824939875127,0.09958348623678079
0.36,0.3775915738880921,0.522824939875127,0.09958348623678079
0.38,0.3775915738880921,0.522824939875127,0.09958348623678079
0.4,0.3775915738880921,0.522824939875127,0.09958348623678079
0.42,0.3775915738880921,0.522824939875127,0.09958348623678079
0.44,0.3775915738880921,0.522824939875127,0.09958348623678079
0.46,0.3775915738880921,0.522824939875127,0.09958348623678079
0.48,0.3775915738880921,0.522824939875127,0.09958348623678079
0.5,0.3775915738880921,0.522824939875127,0.09958348623678079
0.52,0.3775915738880921,0.522824939875127,0.09958348623678079
0.54,0.3775915738880921,0.522824939875127,0.09958348623678079
0.56,0.3775915738880921,0.522824939875127,0.09958348623678079
0.58,0.3775915738880921,0.522824939875127,0.09958348623678079
0.6,0.3775915738880921,0.522824939875127,0.09958348623678079
0.62,0.3775915738880921,0.522824939875127,0.09958348623678079
0.64,0.3775915738880921,0.522824939875127,0.09958348623678079
0.66,0.3775915738880921,0.522824939875127,0.09958348623678079
0.68,0.3775915738880921,0.522824939875127,0.09958348623678079
0.7000000000000001,0.3775915738880921,0.522824939875127,0.09958348623678079
0.72,0.3775915738880921,0.522824939875127,0.09958348623678079
0.74,0.3775915738880921,0.522824939875127,0.09958348623678079
0.76,0.3775915738880921,0.522824939875127,0.09958348623678079
0.78,0.3775915738880921,0.522824939875127,0.09958348623678079
0.8,0.3775915738880921,0.522824939875127,0.09958348623678079
0.8200000000000001,0.3775915738880921,0.522824939875127,0.09958348623678079
0.84,0.3775915738880921,0.522824939875127,0.09958348623678079
0.86,0.3775915738880921,0.522824939875127,0.09958348623678079
0.88,0.3775915738880921,0.522824939875127,0.09958348623678079
0.9,0.3775915738880921,0.522824939875127,0.09958348623678079
0.92,0.3775915738880921,0.522824939875127,0.09958348623678079
0.9400000000000001,0.3775915738880921,0.522824939875127,0.09958348623678079
0.96,0.3775915738880921,0.522824939875127,0.09958348623678079
0.98,0.3775915738880921,0.522824939875127,0.09958348623678079
1.0,0.3775915738880921,0.522824939875127,0.09958348623678079
