fraction_of_volc,OH,H2O2,TMI
0.0,0.24745379116213959,0.7309477818935879,0.021598426944272598
0.02,0.24745379116213959,0.7309477818935879,0.021598426944272598
0.04,0.24745379116213959,0.7309477818935879,0.021598426944272598
0.06,0.24745379116213959,0.7309477818935879,0.021598426944272598
0.08,0.24745379116213959,0.7309477818935879,0.021598426944272598
0.1,0.24745379116213959,0.7309477818935879,0.021598426944272598
0.12,0.24745379116213959,0.7309477818935879,0.021598426944272598
0.14,0.24745379116213959,0.7309477818935879,0.021598426944272598
0.16,0.24745379116213959,0.7309477818935879,0.021598426944272598
0.18,0.24745379116213959,0.7309477818935879,0.021598426944272598
0.2,0.24745379116213959,0.7309477818935879,0.021598426944272598
0.22,0.24745379116213959,0.7309477818935879,0.021598426944272598
0.24,0.24745379116213959,0.7309477818935879,0.021598426944272598
0.26,0.24745379116213959,0.7309477818935879,0.021598426944272598
0.28,0.24745379116213959,0.7309477818935879,0.021598426944272598
0.3,0.24745379116213959,0.7309477818935879,0.021598426944272598
0.32,0.24745379116213959,0.7309477818935879,0.021598426944272598
0.34,0.23223518530761023,0.6954995060061796,0.07226530868621024
0.36,0.2170165794530809,0.6600512301187713,0.12293219042814788
0.38,0.20179797359855153,0.624602954231363,0.17359907217008552
0.4,0.18657936774402217,0.5891546783439547,0.22426595391202317
0.42,0.17136076188949284,0.5537064024565465,0.2749328356539608
0.44,0.15614215603496348,0.5182581265691382,0.32559971739589844
0.46,0.14092355018043412,0.4828098506817298,0.3762665991378361
0.48,0.1257049443259048,0.44736157479432154,0.42693348087977373
0.5,0.11048633847137543,0.41191329890691325,0.47760036262171135
0.52,0.09526773261684611,0.37646502301950496,0.528267244363649
0.54,0.09526773261684611,0.37646502301950496,0.528267244363649
0.56,0.09526773261684611,0.37646502301950496,0.528267244363649
0.58,0.09526773261684611,0.37646502301950496,0.528267244363649
0.6,0.09526773261684611,0.37646502301950496,0.528267244363649
0.62,0.09526773261684611,0.37646502301950496,0.528267244363649
0.64,0.09526773261684611,0.37646502301950496,0.528267244363649
0.66,0.09526773261684611,0.37646502301950496,0.528267244363649
0.68,0.09526773261684611,0.37646502301950496,0.528267244363649
0.7000000000000001,0.09526773261684611,0.37646502301950496,0.528267244363649
0.72,0.09526773261684611,0.37646502301950496,0.528267244363649
0.74,0.09526773261684611,0.37646502301950496,0.528267244363649
0.76,0.09526773261684611,0.37646502301950496,0.528267244363649
0.78,0.09526773261684611,0.37646502301950496,0.528267244363649
0.8,0.09526773261684611,0.37646502301950496,0.528267244363649
0.8200000000000001,0.09526773261684611,0.37646502301950496,0.528267244363649
0.84,0.09526773261684611,0.37646502301950496,0.528267244363649
0.86,0.09526773261684611,0.37646502301950496,0.528267244363649
0.88,0.09526773261684611,0.37646502301950496,0.528267244363649
0.9,0.09526773261684611,0.37646502301950496,0.528267244363649
0.92,0.09526773261684611,0.37646502301950496,0.528267244363649
0.9400000000000001,0.09526773261684611,0.37646502301950496,0.528267244363649
0.96,0.09526773261684611,0.37646502301950496,0.528267244363649
0.98,0.09526773261684611,0.37646502301950496,0.528267244363649
1.0,0.09526773261684611,0.37646502301950496,0.528267244363649
