fraction_of_volc,OH,H2O2,TMI
0.0,0.21484463997352196,0.745902323473818,0.03925303655266007
0.02,0.21484463997352196,0.745902323473818,0.03925303655266007
0.04,0.21484463997352196,0.745902323473818,0.03925303655266007
0.06,0.21484463997352196,0.745902323473818,0.03925303655266007
0.08,0.21484463997352196,0.745902323473818,0.03925303655266007
0.1,0.21484463997352196,0.745902323473818,0.03925303655266007
0.12,0.21484463997352196,0.745902323473818,0.03925303655266007
0.14,0.21484463997352196,0.745902323473818,0.03925303655266007
0.16,0.21484463997352196,0.745902323473818,0.03925303655266007
0.18,0.21484463997352196,0.745902323473818,0.03925303655266007
0.2,0.21484463997352196,0.745902323473818,0.03925303655266007
0.22,0.21484463997352196,0.745902323473818,0.03925303655266007
0.24,0.21484463997352196,0.745902323473818,0.03925303655266007
0.26,0.21484463997352196,0.745902323473818,0.03925303655266007
0.28,0.21484463997352196,0.745902323473818,0.03925303655266007
0.3,0.21484463997352196,0.745902323473818,0.03925303655266007
0.32,0.21484463997352196,0.745902323473818,0.03925303655266007
0.34,0.21484463997352196,0.745902323473818,0.03925303655266007
0.36,0.21484463997352196,0.745902323473818,0.03925303655266007
0.38,0.21484463997352196,0.745902323473818,0.03925303655266007
0.4,0.21484463997352196,0.745902323473818,0.03925303655266007
0.42,0.21484463997352196,0.745902323473818,0.03925303655266007
0.44,0.21484463997352196,0.745902323473818,0.03925303655266007
0.46,0.21484463997352196,0.745902323473818,0.03925303655266007
0.48,0.21484463997352196,0.745902323473818,0.03925303655266007
0.5,0.21484463997352196,0.745902323473818,0.03925303655266007
0.52,0.21484463997352196,0.745902323473818,0.03925303655266007
0.54,0.21484463997352196,0.745902323473818,0.03925303655266007
0.56,0.21484463997352196,0.745902323473818,0.03925303655266007
0.58,0.21484463997352196,0.745902323473818,0.03925303655266007
0.6,0.21484463997352196,0.745902323473818,0.03925303655266007
0.62,0.21484463997352196,0.745902323473818,0.03925303655266007
0.64,0.21484463997352196,0.745902323473818,0.03925303655266007
0.66,0.21484463997352196,0.745902323473818,0.03925303655266007
0.68,0.21484463997352196,0.745902323473818,0.03925303655266007
0.7000000000000001,0.21484463997352196,0.745902323473818,0.03925303655266007
0.72,0.21484463997352196,0.745902323473818,0.03925303655266007
0.74,0.21484463997352196,0.745902323473818,0.03925303655266007
0.76,0.21484463997352196,0.745902323473818,0.03925303655266007
0.78,0.21484463997352196,0.745902323473818,0.03925303655266007
0.8,0.21484463997352196,0.745902323473818,0.03925303655266007
0.8200000000000001,0.21484463997352196,0.745902323473818,0.03925303655266007
0.84,0.21484463997352196,0.745902323473818,0.03925303655266007
0.86,0.20869894885938745,0.6947302521941305,0.09657079894648206
0.88,0.2025532577452529,0.6435581809144431,0.15388856134030404
0.9,0.19640756663111839,0.5923861096347556,0.21120632373412604
0.92,0.19026187551698387,0.5412140383550681,0.26852408612794804
0.9400000000000001,0.18411618440284935,0.4900419670753806,0.32584184852177
0.96,0.1779704932887148,0.43886989579569313,0.383159610915592
0.98,0.1718248021745803,0.38769782451600565,0.440477373309414
1.0,0.1718248021745803,0.38769782451600565,0.440477373309414
