fraction_of_volc,OH,H2O2,TMI
0.0,0.36341986046949104,0.3103979992100341,0.3261821403204748
0.02,0.36341986046949104,0.3103979992100341,0.3261821403204748
0.04,0.36341986046949104,0.3103979992100341,0.3261821403204748
0.06,0.36341986046949104,0.3103979992100341,0.3261821403204748
0.08,0.36341986046949104,0.3103979992100341,0.3261821403204748
0.1,0.36341986046949104,0.3103979992100341,0.3261821403204748
0.12,0.36341986046949104,0.3103979992100341,0.3261821403204748
0.14,0.36341986046949104,0.3103979992100341,0.3261821403204748
0.16,0.36341986046949104,0.3103979992100341,0.3261821403204748
0.18,0.36341986046949104,0.3103979992100341,0.3261821403204748
0.2,0.3608127289602539,0.32157428350385314,0.3176129875358929
0.22,0.35820559745101677,0.33275056779767226,0.3090438347513109
0.24,0.3555984659417796,0.3439268520914913,0.300474681966729
0.26,0.35299133443254244,0.35510313638531044,0.29190552918214707
0.28,0.3503842029233053,0.3662794206791295,0.28333637639756515
0.3,0.3477770714140681,0.37745570497294856,0.2747672236129832
0.32,0.34516993990483097,0.3886319892667677,0.26619807082840125
0.34,0.34256280839559383,0.3998082735605868,0.2576289180438193
0.36,0.3399556768863567,0.41098455785440585,0.2490597652592374
0.38,0.33734854537711956,0.4221608421482249,0.24049061247465545
0.4,0.33474141386788236,0.43333712644204403,0.2319214596900735
0.42,0.3321342823586452,0.4445134107358631,0.22335230690549157
0.44,0.3295271508494081,0.45568969502968215,0.21478315412090965
0.46,0.3269200193401709,0.46686597932350127,0.2062140013363277
0.48,0.32431288783093376,0.4780422636173204,0.19764484855174574
0.5,0.3217057563216966,0.48921854791113945,0.18907569576716382
0.52,0.3217057563216966,0.48921854791113945,0.18907569576716382
0.54,0.3217057563216966,0.48921854791113945,0.18907569576716382
0.56,0.3217057563216966,0.48921854791113945,0.18907569576716382
0.58,0.3217057563216966,0.48921854791113945,0.18907569576716382
0.6,0.3217057563216966,0.48921854791113945,0.18907569576716382
0.62,0.3217057563216966,0.48921854791113945,0.18907569576716382
0.64,0.3217057563216966,0.48921854791113945,0.18907569576716382
0.66,0.3217057563216966,0.48921854791113945,0.18907569576716382
0.68,0.3217057563216966,0.48921854791113945,0.18907569576716382
0.7000000000000001,0.3217057563216966,0.48921854791113945,0.18907569576716382
0.72,0.3217057563216966,0.48921854791113945,0.18907569576716382
0.74,0.3217057563216966,0.48921854791113945,0.18907569576716382
0.76,0.3217057563216966,0.48921854791113945,0.18907569576716382
0.78,0.3217057563216966,0.48921854791113945,0.18907569576716382
0.8,0.3217057563216966,0.48921854791113945,0.18907569576716382
0.8200000000000001,0.3217057563216966,0.48921854791113945,0.18907569576716382
0.84,0.3217057563216966,0.48921854791113945,0.18907569576716382
0.86,0.3217057563216966,0.48921854791113945,0.18907569576716382
0.88,0.3217057563216966,0.48921854791113945,0.18907569576716382
0.9,0.3217057563216966,0.48921854791113945,0.18907569576716382
0.92,0.3217057563216966,0.48921854791113945,0.18907569576716382
0.9400000000000001,0.3217057563216966,0.48921854791113945,0.18907569576716382
0.96,0.3217057563216966,0.48921854791113945,0.18907569576716382
0.98,0.3217057563216966,0.48921854791113945,0.18907569576716382
1.0,0.3217057563216966,0.48921854791113945,0.18907569576716382
