fraction_of_volc,OH,H2O2,TMI
0.0,0.27955653713210493,0.3448173932485751,0.37562606961931994
0.02,0.27955653713210493,0.3448173932485751,0.37562606961931994
0.04,0.27955653713210493,0.3448173932485751,0.37562606961931994
0.06,0.27955653713210493,0.3448173932485751,0.37562606961931994
0.08,0.27955653713210493,0.3448173932485751,0.37562606961931994
0.1,0.27955653713210493,0.3448173932485751,0.37562606961931994
0.12,0.27955653713210493,0.3448173932485751,0.37562606961931994
0.14,0.27955653713210493,0.3448173932485751,0.37562606961931994
0.16,0.27955653713210493,0.3448173932485751,0.37562606961931994
0.18,0.27955653713210493,0.3448173932485751,0.37562606961931994
0.2,0.27955653713210493,0.3448173932485751,0.37562606961931994
0.22,0.27955653713210493,0.3448173932485751,0.37562606961931994
0.24,0.27955653713210493,0.3448173932485751,0.37562606961931994
0.26,0.27955653713210493,0.3448173932485751,0.37562606961931994
0.28,0.27955653713210493,0.3448173932485751,0.37562606961931994
0.3,0.27955653713210493,0.3448173932485751,0.37562606961931994
0.32,0.27955653713210493,0.3448173932485751,0.37562606961931994
0.34,0.27955653713210493,0.3448173932485751,0.37562606961931994
0.36,0.27955653713210493,0.3448173932485751,0.37562606961931994
0.38,0.27955653713210493,0.3448173932485751,0.37562606961931994
0.4,0.27955653713210493,0.3448173932485751,0.37562606961931994
0.42,0.2860524259452085,0.35023153678483804,0.36371603726995344
0.44,0.2925483147583121,0.35564568032110094,0.3518060049205869
0.46,0.2990442035714157,0.3610598238573639,0.3398959725712204
0.48,0.3055400923845193,0.3664739673936268,0.3279859402218539
0.5,0.3120359811976229,0.37188811092988977,0.31607590787248735
0.52,0.3185318700107264,0.3773022544661527,0.30416587552312085
0.54,0.32502775882383,0.38271639800241564,0.2922558431737543
0.56,0.3315236476369336,0.38813054153867854,0.2803458108243878
0.58,0.3380195364500372,0.3935446850749415,0.2684357784750213
0.6,0.3380195364500372,0.3935446850749415,0.2684357784750213
0.62,0.3380195364500372,0.3935446850749415,0.2684357784750213
0.64,0.3380195364500372,0.3935446850749415,0.2684357784750213
0.66,0.3380195364500372,0.3935446850749415,0.2684357784750213
0.68,0.3380195364500372,0.3935446850749415,0.2684357784750213
0.7000000000000001,0.3380195364500372,0.3935446850749415,0.2684357784750213
0.72,0.3380195364500372,0.3935446850749415,0.2684357784750213
0.74,0.3380195364500372,0.3935446850749415,0.2684357784750213
0.76,0.3380195364500372,0.3935446850749415,0.2684357784750213
0.78,0.3380195364500372,0.3935446850749415,0.2684357784750213
0.8,0.3380195364500372,0.3935446850749415,0.2684357784750213
0.8200000000000001,0.3380195364500372,0.3935446850749415,0.2684357784750213
0.84,0.3380195364500372,0.3935446850749415,0.2684357784750213
0.86,0.3380195364500372,0.3935446850749415,0.2684357784750213
0.88,0.3380195364500372,0.3935446850749415,0.2684357784750213
0.9,0.3380195364500372,0.3935446850749415,0.2684357784750213
0.92,0.3380195364500372,0.3935446850749415,0.2684357784750213
0.9400000000000001,0.3380195364500372,0.3935446850749415,0.2684357784750213
0.96,0.3380195364500372,0.3935446850749415,0.2684357784750213
0.98,0.3380195364500372,0.3935446850749415,0.2684357784750213
1.0,0.3380195364500372,0.3935446850749415,0.2684357784750213
