fraction_of_volc,OH,H2O2,TMI
0.0,0.5043120427188811,0.27845130841579696,0.21723664886532187
0.02,0.5043120427188811,0.27845130841579696,0.21723664886532187
0.04,0.5043120427188811,0.27845130841579696,0.21723664886532187
0.06,0.5043120427188811,0.27845130841579696,0.21723664886532187
0.08,0.5043120427188811,0.27845130841579696,0.21723664886532187
0.1,0.5043120427188811,0.27845130841579696,0.21723664886532187
0.12,0.5043120427188811,0.27845130841579696,0.21723664886532187
0.14,0.5043120427188811,0.27845130841579696,0.21723664886532187
0.16,0.5043120427188811,0.27845130841579696,0.21723664886532187
0.18,0.5043120427188811,0.27845130841579696,0.21723664886532187
0.2,0.5043120427188811,0.27845130841579696,0.21723664886532187
0.22,0.5043120427188811,0.27845130841579696,0.21723664886532187
0.24,0.5043120427188811,0.27845130841579696,0.21723664886532187
0.26,0.5043120427188811,0.27845130841579696,0.21723664886532187
0.28,0.5043120427188811,0.27845130841579696,0.21723664886532187
0.3,0.5043120427188811,0.27845130841579696,0.21723664886532187
0.32,0.5043120427188811,0.27845130841579696,0.21723664886532187
0.34,0.5043120427188811,0.27845130841579696,0.21723664886532187
0.36,0.5043120427188811,0.27845130841579696,0.21723664886532187
0.38,0.5043120427188811,0.27845130841579696,0.21723664886532187
0.4,0.5043120427188811,0.27845130841579696,0.21723664886532187
0.42,0.5043120427188811,0.27845130841579696,0.21723664886532187
0.44,0.5043120427188811,0.27845130841579696,0.21723664886532187
0.46,0.5043120427188811,0.27845130841579696,0.21723664886532187
0.48,0.5043120427188811,0.27845130841579696,0.21723664886532187
0.5,0.4916694458474958,0.27343089442864926,0.23489965972385488
0.52,0.4790268489761105,0.2684104804415015,0.2525626705823879
0.54,0.4663842521047252,0.2633900664543538,0.2702256814409209
0.56,0.4537416552333399,0.2583696524672061,0.2878886922994539
0.58,0.4410990583619546,0.25334923848005836,0.30555170315798696
0.6,0.4284564614905693,0.24832882449291066,0.3232147140165199
0.62,0.415813864619184,0.24330841050576296,0.34087772487505297
0.64,0.40317126774779877,0.23828799651861524,0.35854073573358597
0.66,0.39052867087641346,0.2332675825314675,0.37620374659211897
0.68,0.37788607400502816,0.2282471685443198,0.393866757450652
0.7000000000000001,0.36524347713364286,0.22322675455717209,0.411529768309185
0.72,0.35260088026225755,0.21820634057002436,0.42919277916771803
0.74,0.3399582833908723,0.21318592658287666,0.44685579002625103
0.76,0.32731568651948695,0.20816551259572894,0.46451880088478403
0.78,0.3146730896481017,0.2031450986085812,0.4821818117433171
0.8,0.3020304927767164,0.1981246846214335,0.49984482260185004
0.8200000000000001,0.2893878959053311,0.19310427063428579,0.5175078334603831
0.84,0.27674529903394585,0.18808385664713806,0.535170844318916
0.86,0.2641027021625605,0.18306344265999036,0.5528338551774491
0.88,0.25146010529117524,0.17804302867284263,0.5704968660359822
0.9,0.23881750841978994,0.1730226146856949,0.5881598768945151
0.92,0.22617491154840463,0.1680022006985472,0.6058228877530482
0.9400000000000001,0.21353231467701933,0.16298178671139948,0.6234858986115812
0.96,0.21353231467701933,0.16298178671139948,0.6234858986115812
0.98,0.21353231467701933,0.16298178671139948,0.6234858986115812
1.0,0.21353231467701933,0.16298178671139948,0.6234858986115812
