fraction_of_volc,OH,H2O2,TMI
0.0,0.35481167864481483,0.43254057342759744,0.2126477479275877
0.02,0.35481167864481483,0.43254057342759744,0.2126477479275877
0.04,0.35481167864481483,0.43254057342759744,0.2126477479275877
0.06,0.35481167864481483,0.43254057342759744,0.2126477479275877
0.08,0.35481167864481483,0.43254057342759744,0.2126477479275877
0.1,0.35481167864481483,0.43254057342759744,0.2126477479275877
0.12,0.35481167864481483,0.43254057342759744,0.2126477479275877
0.14,0.3506712018551068,0.4359983740221902,0.21333042412270295
0.16,0.3465307250653988,0.439456174616783,0.2140131003178182
0.18,0.34239024827569076,0.44291397521137577,0.21469577651293345
0.2,0.33824977148598273,0.44637177580596854,0.2153784527080487
0.22,0.3341092946962747,0.4498295764005613,0.21606112890316395
0.24,0.3299688179065667,0.4532873769951541,0.2167438050982792
0.26,0.32582834111685866,0.45674517758974686,0.21742648129339445
0.28,0.32168786432715063,0.46020297818433964,0.2181091574885097
0.3,0.3175473875374426,0.46366077877893236,0.21879183368362495
0.32,0.31340691074773463,0.46711857937352513,0.2194745098787402
0.34,0.30926643395802655,0.4705763799681179,0.22015718607385545
0.36,0.3051259571683186,0.4740341805627107,0.2208398622689707
0.38,0.30098548037861056,0.47749198115730346,0.22152253846408596
0.4,0.29684500358890253,0.48094978175189623,0.2222052146592012
0.42,0.2927045267991945,0.484407582346489,0.22288789085431646
0.44,0.2885640500094865,0.4878653829410818,0.2235705670494317
0.46,0.28442357321977846,0.49132318353567456,0.22425324324454696
0.48,0.28028309643007043,0.49478098413026733,0.2249359194396622
0.5,0.2761426196403624,0.4982387847248601,0.22561859563477746
0.52,0.2720021428506544,0.5016965853194528,0.2263012718298927
0.54,0.26786166606094636,0.5051543859140456,0.22698394802500796
0.56,0.26372118927123833,0.5086121865086384,0.2276666242201232
0.58,0.2595807124815303,0.5120699871032312,0.22834930041523846
0.6,0.2554402356918223,0.5155277876978239,0.2290319766103537
0.62,0.25129975890211426,0.5189855882924167,0.22971465280546896
0.64,0.24715928211240623,0.5224433888870095,0.2303973290005842
0.66,0.2430188053226982,0.5259011894816022,0.23108000519569946
0.68,0.23887832853299018,0.529358990076195,0.2317626813908147
0.7000000000000001,0.23473785174328216,0.5328167906707878,0.23244535758592996
0.72,0.23059737495357416,0.5362745912653806,0.2331280337810452
0.74,0.22645689816386613,0.5397323918599733,0.23381070997616046
0.76,0.2223164213741581,0.5431901924545661,0.23449338617127571
0.78,0.2223164213741581,0.5431901924545661,0.23449338617127571
0.8,0.2223164213741581,0.5431901924545661,0.23449338617127571
0.8200000000000001,0.2223164213741581,0.5431901924545661,0.23449338617127571
0.84,0.2223164213741581,0.5431901924545661,0.23449338617127571
0.86,0.2223164213741581,0.5431901924545661,0.23449338617127571
0.88,0.2223164213741581,0.5431901924545661,0.23449338617127571
0.9,0.2223164213741581,0.5431901924545661,0.23449338617127571
0.92,0.2223164213741581,0.5431901924545661,0.23449338617127571
0.9400000000000001,0.2223164213741581,0.5431901924545661,0.23449338617127571
0.96,0.2223164213741581,0.5431901924545661,0.23449338617127571
0.98,0.2223164213741581,0.5431901924545661,0.23449338617127571
1.0,0.2223164213741581,0.5431901924545661,0.23449338617127571
