fraction_of_volc,OH,H2O2,TMI
0.0,0.6030807303282263,0.36772626814760173,0.029193001524172046
0.02,0.6030807303282263,0.36772626814760173,0.029193001524172046
0.04,0.6030807303282263,0.36772626814760173,0.029193001524172046
0.06,0.6030807303282263,0.36772626814760173,0.029193001524172046
0.08,0.6030807303282263,0.36772626814760173,0.029193001524172046
0.1,0.6030807303282263,0.36772626814760173,0.029193001524172046
0.12,0.6030807303282263,0.36772626814760173,0.029193001524172046
0.14,0.6030807303282263,0.36772626814760173,0.029193001524172046
0.16,0.6030807303282263,0.36772626814760173,0.029193001524172046
0.18,0.6030807303282263,0.36772626814760173,0.029193001524172046
0.2,0.6030807303282263,0.36772626814760173,0.029193001524172046
0.22,0.607382642538004,0.3605208774635758,0.03209647999842023
0.24,0.6116845547477817,0.3533154867795499,0.034999958472668416
0.26,0.6159864669575595,0.34611009609552396,0.0379034369469166
0.28,0.6202883791673373,0.33890470541149803,0.04080691542116478
0.3,0.624590291377115,0.3316993147274721,0.043710393895412966
0.32,0.6288922035868927,0.3244939240434462,0.04661387236966115
0.34,0.6331941157966704,0.31728853335942026,0.04951735084390934
0.36,0.6374960280064482,0.31008314267539433,0.05242082931815752
0.38,0.6417979402162259,0.30287775199136846,0.05532430779240571
0.4,0.6460998524260037,0.29567236130734253,0.0582277862666539
0.42,0.6504017646357814,0.2884669706233166,0.06113126474090208
0.44,0.6547036768455591,0.2812615799392907,0.06403474321515026
0.46,0.6590055890553369,0.27405618925526476,0.06693822168939845
0.48,0.6633075012651146,0.26685079857123883,0.06984170016364663
0.5,0.6676094134748923,0.2596454078872129,0.07274517863789481
0.52,0.67191132568467,0.252440017203187,0.075648657112143
0.54,0.6762132378944479,0.24523462651916106,0.07855213558639118
0.56,0.6805151501042256,0.23802923583513513,0.08145561406063936
0.58,0.6848170623140033,0.2308238451511092,0.08435909253488756
0.6,0.689118974523781,0.22361845446708328,0.08726257100913574
0.62,0.6934208867335587,0.21641306378305736,0.09016604948338393
0.64,0.6977227989433366,0.20920767309903143,0.09306952795763211
0.66,0.7020247111531143,0.2020022824150055,0.0959730064318803
0.68,0.706326623362892,0.19479689173097958,0.09887648490612848
0.7000000000000001,0.7106285355726697,0.18759150104695366,0.10177996338037666
0.72,0.7106285355726697,0.18759150104695366,0.10177996338037666
0.74,0.7106285355726697,0.18759150104695366,0.10177996338037666
0.76,0.7106285355726697,0.18759150104695366,0.10177996338037666
0.78,0.7106285355726697,0.18759150104695366,0.10177996338037666
0.8,0.7106285355726697,0.18759150104695366,0.10177996338037666
0.8200000000000001,0.7106285355726697,0.18759150104695366,0.10177996338037666
0.84,0.7106285355726697,0.18759150104695366,0.10177996338037666
0.86,0.7106285355726697,0.18759150104695366,0.10177996338037666
0.88,0.7106285355726697,0.18759150104695366,0.10177996338037666
0.9,0.7106285355726697,0.18759150104695366,0.10177996338037666
0.92,0.7106285355726697,0.18759150104695366,0.10177996338037666
0.9400000000000001,0.7106285355726697,0.18759150104695366,0.10177996338037666
0.96,0.7106285355726697,0.18759150104695366,0.10177996338037666
0.98,0.7106285355726697,0.18759150104695366,0.10177996338037666
1.0,0.7106285355726697,0.18759150104695366,0.10177996338037666
