fraction_of_volc,OH,H2O2,TMI
0.0,0.1505941233026062,0.12543459525536163,0.7239712814420323
0.02,0.1505941233026062,0.12543459525536163,0.7239712814420323
0.04,0.1505941233026062,0.12543459525536163,0.7239712814420323
0.06,0.1505941233026062,0.12543459525536163,0.7239712814420323
0.08,0.1505941233026062,0.12543459525536163,0.7239712814420323
0.1,0.1505941233026062,0.12543459525536163,0.7239712814420323
0.12,0.1505941233026062,0.12543459525536163,0.7239712814420323
0.14,0.1505941233026062,0.12543459525536163,0.7239712814420323
0.16,0.1505941233026062,0.12543459525536163,0.7239712814420323
0.18,0.1505941233026062,0.12543459525536163,0.7239712814420323
0.2,0.1505941233026062,0.12543459525536163,0.7239712814420323
0.22,0.1505941233026062,0.12543459525536163,0.7239712814420323
0.24,0.1505941233026062,0.12543459525536163,0.7239712814420323
0.26,0.1505941233026062,0.12543459525536163,0.7239712814420323
0.28,0.1505941233026062,0.12543459525536163,0.7239712814420323
0.3,0.1505941233026062,0.12543459525536163,0.7239712814420323
0.32,0.1505941233026062,0.12543459525536163,0.7239712814420323
0.34,0.1505941233026062,0.12543459525536163,0.7239712814420323
0.36,0.1505941233026062,0.12543459525536163,0.7239712814420323
0.38,0.1505941233026062,0.12543459525536163,0.7239712814420323
0.4,0.1505941233026062,0.12543459525536163,0.7239712814420323
0.42,0.1505941233026062,0.12543459525536163,0.7239712814420323
0.44,0.1505941233026062,0.12543459525536163,0.7239712814420323
0.46,0.1505941233026062,0.12543459525536163,0.7239712814420323
0.48,0.1505941233026062,0.12543459525536163,0.7239712814420323
0.5,0.1505941233026062,0.12543459525536163,0.7239712814420323
0.52,0.1505941233026062,0.12543459525536163,0.7239712814420323
0.54,0.1505941233026062,0.12543459525536163,0.7239712814420323
0.56,0.1863009774127346,0.11534233995309932,0.6983566826341662
0.58,0.22200783152286302,0.10525008465083703,0.6727420838263001
0.6,0.25771468563299144,0.09515782934857472,0.6471274850184339
0.62,0.29342153974311985,0.08506557404631243,0.6215128862105678
0.64,0.32912839385324827,0.07497331874405012,0.5958982874027017
0.66,0.3648352479633767,0.06488106344178782,0.5702836885948355
0.68,0.4005421020735051,0.054788808139525524,0.5446690897869694
0.7000000000000001,0.4362489561836335,0.04469655283726322,0.5190544909791033
0.72,0.4362489561836335,0.04469655283726322,0.5190544909791033
0.74,0.4362489561836335,0.04469655283726322,0.5190544909791033
0.76,0.4362489561836335,0.04469655283726322,0.5190544909791033
0.78,0.4362489561836335,0.04469655283726322,0.5190544909791033
0.8,0.4362489561836335,0.04469655283726322,0.5190544909791033
0.8200000000000001,0.4362489561836335,0.04469655283726322,0.5190544909791033
0.84,0.4362489561836335,0.04469655283726322,0.5190544909791033
0.86,0.4362489561836335,0.04469655283726322,0.5190544909791033
0.88,0.4362489561836335,0.04469655283726322,0.5190544909791033
0.9,0.4362489561836335,0.04469655283726322,0.5190544909791033
0.92,0.4362489561836335,0.04469655283726322,0.5190544909791033
0.9400000000000001,0.4362489561836335,0.04469655283726322,0.5190544909791033
0.96,0.4362489561836335,0.04469655283726322,0.5190544909791033
0.98,0.4362489561836335,0.04469655283726322,0.5190544909791033
1.0,0.4362489561836335,0.04469655283726322,0.5190544909791033
