fraction_of_volc,OH,H2O2,TMI
0.0,0.27218611405506843,0.1892549156875088,0.5385589702574227
0.02,0.27218611405506843,0.1892549156875088,0.5385589702574227
0.04,0.27218611405506843,0.1892549156875088,0.5385589702574227
0.06,0.27218611405506843,0.1892549156875088,0.5385589702574227
0.08,0.27218611405506843,0.1892549156875088,0.5385589702574227
0.1,0.27218611405506843,0.1892549156875088,0.5385589702574227
0.12,0.27218611405506843,0.1892549156875088,0.5385589702574227
0.14,0.27218611405506843,0.1892549156875088,0.5385589702574227
0.16,0.27218611405506843,0.1892549156875088,0.5385589702574227
0.18,0.27218611405506843,0.1892549156875088,0.5385589702574227
0.2,0.27218611405506843,0.1892549156875088,0.5385589702574227
0.22,0.27218611405506843,0.1892549156875088,0.5385589702574227
0.24,0.27218611405506843,0.1892549156875088,0.5385589702574227
0.26,0.27218611405506843,0.1892549156875088,0.5385589702574227
0.28,0.27218611405506843,0.1892549156875088,0.5385589702574227
0.3,0.27218611405506843,0.1892549156875088,0.5385589702574227
0.32,0.27218611405506843,0.1892549156875088,0.5385589702574227
0.34,0.27218611405506843,0.1892549156875088,0.5385589702574227
0.36,0.27218611405506843,0.1892549156875088,0.5385589702574227
0.38,0.27218611405506843,0.1892549156875088,0.5385589702574227
0.4,0.27218611405506843,0.1892549156875088,0.5385589702574227
0.42,0.27218611405506843,0.1892549156875088,0.5385589702574227
0.44,0.27218611405506843,0.1892549156875088,0.5385589702574227
0.46,0.27218611405506843,0.1892549156875088,0.5385589702574227
0.48,0.27218611405506843,0.1892549156875088,0.5385589702574227
0.5,0.27218611405506843,0.1892549156875088,0.5385589702574227
0.52,0.27218611405506843,0.1892549156875088,0.5385589702574227
0.54,0.27218611405506843,0.1892549156875088,0.5385589702574227
0.56,0.27218611405506843,0.1892549156875088,0.5385589702574227
0.58,0.27218611405506843,0.1892549156875088,0.5385589702574227
0.6,0.27218611405506843,0.1892549156875088,0.5385589702574227
0.62,0.27218611405506843,0.1892549156875088,0.5385589702574227
0.64,0.2791789130135799,0.16321006083296133,0.5576110261534587
0.66,0.28617171197209135,0.13716520597841386,0.5766630820494948
0.68,0.2931645109306028,0.11112035112386637,0.5957151379455308
0.7000000000000001,0.3001573098891142,0.0850754962693189,0.6147671938415669
0.72,0.30715010884762567,0.059030641414771434,0.6338192497376028
0.74,0.31414290780613713,0.03298578656022394,0.6528713056336389
0.76,0.3211357067646486,0.006940931705676472,0.6719233615296749
0.78,0.3211357067646486,0.006940931705676472,0.6719233615296749
0.8,0.3211357067646486,0.006940931705676472,0.6719233615296749
0.8200000000000001,0.3211357067646486,0.006940931705676472,0.6719233615296749
0.84,0.3211357067646486,0.006940931705676472,0.6719233615296749
0.86,0.3211357067646486,0.006940931705676472,0.6719233615296749
0.88,0.3211357067646486,0.006940931705676472,0.6719233615296749
0.9,0.3211357067646486,0.006940931705676472,0.6719233615296749
0.92,0.3211357067646486,0.006940931705676472,0.6719233615296749
0.9400000000000001,0.3211357067646486,0.006940931705676472,0.6719233615296749
0.96,0.3211357067646486,0.006940931705676472,0.6719233615296749
0.98,0.3211357067646486,0.006940931705676472,0.6719233615296749
1.0,0.3211357067646486,0.006940931705676472,0.6719233615296749
