fraction_of_volc,OH,H2O2,TMI
0.0,0.5664453245545996,0.34275344568273164,0.09080122976266876
0.02,0.5664453245545996,0.34275344568273164,0.09080122976266876
0.04,0.5664453245545996,0.34275344568273164,0.09080122976266876
0.06,0.5664453245545996,0.34275344568273164,0.09080122976266876
0.08,0.5664453245545996,0.34275344568273164,0.09080122976266876
0.1,0.5664453245545996,0.34275344568273164,0.09080122976266876
0.12,0.5664453245545996,0.34275344568273164,0.09080122976266876
0.14,0.5664453245545996,0.34275344568273164,0.09080122976266876
0.16,0.5664453245545996,0.34275344568273164,0.09080122976266876
0.18,0.5410990597915843,0.3532753446331301,0.10562559557528552
0.2,0.5157527950285692,0.36379724358352855,0.12044996138790227
0.22,0.490406530265554,0.374319142533927,0.13527432720051902
0.24,0.46506026550253876,0.38484104148432546,0.15009869301313578
0.26,0.4397140007395235,0.3953629404347239,0.16492305882575253
0.28,0.41436773597650833,0.40588483938512243,0.1797474246383693
0.3,0.38902147121349306,0.4164067383355209,0.19457179045098605
0.32,0.3636752064504779,0.42692863728591934,0.2093961562636028
0.34,0.33832894168746264,0.4374505362363178,0.22422052207621956
0.36,0.3129826769244474,0.44797243518671626,0.23904488788883632
0.38,0.2876364121614322,0.4584943341371147,0.2538692537014531
0.4,0.262290147398417,0.46901623308751317,0.26869361951406984
0.42,0.23694388263540178,0.4795381320379116,0.2835179853266866
0.44,0.21159761787238657,0.4900600309883101,0.29834235113930335
0.46,0.18625135310937135,0.5005819299387085,0.3131667169519201
0.48,0.16090508834635614,0.511103828889107,0.32799108276453687
0.5,0.13555882358334093,0.5216257278395054,0.3428154485771536
0.52,0.11021255882032571,0.5321476267899039,0.3576398143897704
0.54,0.0848662940573105,0.5426695257403024,0.37246418020238714
0.56,0.05952002929429523,0.5531914246907008,0.3872885460150039
0.58,0.03417376453128009,0.5637133236410993,0.40211291182762066
0.6,0.03417376453128009,0.5637133236410993,0.40211291182762066
0.62,0.03417376453128009,0.5637133236410993,0.40211291182762066
0.64,0.03417376453128009,0.5637133236410993,0.40211291182762066
0.66,0.03417376453128009,0.5637133236410993,0.40211291182762066
0.68,0.03417376453128009,0.5637133236410993,0.40211291182762066
0.7000000000000001,0.03417376453128009,0.5637133236410993,0.40211291182762066
0.72,0.03417376453128009,0.5637133236410993,0.40211291182762066
0.74,0.03417376453128009,0.5637133236410993,0.40211291182762066
0.76,0.03417376453128009,0.5637133236410993,0.40211291182762066
0.78,0.03417376453128009,0.5637133236410993,0.40211291182762066
0.8,0.03417376453128009,0.5637133236410993,0.40211291182762066
0.8200000000000001,0.03417376453128009,0.5637133236410993,0.40211291182762066
0.84,0.03417376453128009,0.5637133236410993,0.40211291182762066
0.86,0.03417376453128009,0.5637133236410993,0.40211291182762066
0.88,0.03417376453128009,0.5637133236410993,0.40211291182762066
0.9,0.03417376453128009,0.5637133236410993,0.40211291182762066
0.92,0.03417376453128009,0.5637133236410993,0.40211291182762066
0.9400000000000001,0.03417376453128009,0.5637133236410993,0.40211291182762066
0.96,0.03417376453128009,0.5637133236410993,0.40211291182762066
0.98,0.03417376453128009,0.5637133236410993,0.40211291182762066
1.0,0.03417376453128009,0.5637133236410993,0.40211291182762066
