fraction_of_volc,OH,H2O2,TMI
0.0,0.6246842649441954,0.1486882134906854,0.22662752156511928
0.02,0.6246842649441954,0.1486882134906854,0.22662752156511928
0.04,0.6246842649441954,0.1486882134906854,0.22662752156511928
0.06,0.6246842649441954,0.1486882134906854,0.22662752156511928
0.08,0.6246842649441954,0.1486882134906854,0.22662752156511928
0.1,0.6246842649441954,0.1486882134906854,0.22662752156511928
0.12,0.6246842649441954,0.1486882134906854,0.22662752156511928
0.14,0.6246842649441954,0.1486882134906854,0.22662752156511928
0.16,0.6246842649441954,0.1486882134906854,0.22662752156511928
0.18,0.6246842649441954,0.1486882134906854,0.22662752156511928
0.2,0.6246842649441954,0.1486882134906854,0.22662752156511928
0.22,0.6246842649441954,0.1486882134906854,0.22662752156511928
0.24,0.6246842649441954,0.1486882134906854,0.22662752156511928
0.26,0.6246842649441954,0.1486882134906854,0.22662752156511928
0.28,0.6246842649441954,0.1486882134906854,0.22662752156511928
0.3,0.6246842649441954,0.1486882134906854,0.22662752156511928
0.32,0.6246842649441954,0.1486882134906854,0.22662752156511928
0.34,0.6246842649441954,0.1486882134906854,0.22662752156511928
0.36,0.6246842649441954,0.1486882134906854,0.22662752156511928
0.38,0.6246842649441954,0.1486882134906854,0.22662752156511928
0.4,0.6246842649441954,0.1486882134906854,0.22662752156511928
0.42,0.6246842649441954,0.1486882134906854,0.22662752156511928
0.44,0.6246842649441954,0.1486882134906854,0.22662752156511928
0.46,0.6246842649441954,0.1486882134906854,0.22662752156511928
0.48,0.6246842649441954,0.1486882134906854,0.22662752156511928
0.5,0.6246842649441954,0.1486882134906854,0.22662752156511928
0.52,0.6246842649441954,0.1486882134906854,0.22662752156511928
0.54,0.6246842649441954,0.1486882134906854,0.22662752156511928
0.56,0.5830062575989641,0.16240941469241577,0.2545843277086203
0.58,0.5413282502537327,0.1761306158941461,0.28254113385212126
0.6,0.49965024290850135,0.18985181709587648,0.31049793999562225
0.62,0.45797223556326994,0.20357301829760682,0.33845474613912324
0.64,0.41629422821803863,0.2172942194993372,0.36641155228262423
0.66,0.37461622087280727,0.23101542070106756,0.3943683584261252
0.68,0.3329382135275759,0.2447366219027979,0.4223251645696262
0.7000000000000001,0.29126020618234455,0.25845782310452825,0.4502819707131272
0.72,0.2495821988371132,0.2721790243062586,0.4782387768566282
0.74,0.20790419149188183,0.285900225507989,0.5061955830001292
0.76,0.16622618414665047,0.29962142670971936,0.5341523891436302
0.78,0.12454817680141916,0.31334262791144973,0.5621091952871311
0.8,0.08287016945618775,0.32706382911318005,0.5900660014306321
0.8200000000000001,0.08287016945618775,0.32706382911318005,0.5900660014306321
0.84,0.08287016945618775,0.32706382911318005,0.5900660014306321
0.86,0.08287016945618775,0.32706382911318005,0.5900660014306321
0.88,0.08287016945618775,0.32706382911318005,0.5900660014306321
0.9,0.08287016945618775,0.32706382911318005,0.5900660014306321
0.92,0.08287016945618775,0.32706382911318005,0.5900660014306321
0.9400000000000001,0.08287016945618775,0.32706382911318005,0.5900660014306321
0.96,0.08287016945618775,0.32706382911318005,0.5900660014306321
0.98,0.08287016945618775,0.32706382911318005,0.5900660014306321
1.0,0.08287016945618775,0.32706382911318005,0.5900660014306321
