fraction_of_volc,OH,H2O2,TMI
0.0,0.658346754849698,0.004183015334828224,0.3374702298154738
0.02,0.658346754849698,0.004183015334828224,0.3374702298154738
0.04,0.658346754849698,0.004183015334828224,0.3374702298154738
0.06,0.658346754849698,0.004183015334828224,0.3374702298154738
0.08,0.658346754849698,0.004183015334828224,0.3374702298154738
0.1,0.658346754849698,0.004183015334828224,0.3374702298154738
0.12,0.658346754849698,0.004183015334828224,0.3374702298154738
0.14,0.658346754849698,0.004183015334828224,0.3374702298154738
0.16,0.658346754849698,0.004183015334828224,0.3374702298154738
0.18,0.6264655606632429,0.017679196155213597,0.3558552431815435
0.2,0.5945843664767878,0.031175376975598967,0.37424025654761317
0.22,0.5627031722903328,0.04467155779598434,0.39262526991368285
0.24,0.5308219781038778,0.058167738616369716,0.41101028327975253
0.26,0.4989407839174227,0.07166391943675508,0.4293952966458222
0.28,0.4670595897309676,0.08516010025714045,0.44778031001189195
0.3,0.43517839554451254,0.09865628107752583,0.4661653233779616
0.32,0.4032972013580575,0.1121524618979112,0.4845503367440313
0.34,0.37141600717160245,0.12564864271829657,0.502935350110101
0.36,0.3395348129851474,0.13914482353868196,0.5213203634761707
0.38,0.30765361879869235,0.15264100435906733,0.5397053768422404
0.4,0.2757724246122373,0.1661371851794527,0.5580903902083101
0.42,0.24389123042578226,0.17963336599983806,0.5764754035743798
0.44,0.21201003623932718,0.19312954682022346,0.5948604169404494
0.46,0.18012884205287216,0.20662572764060883,0.6132454303065191
0.48,0.1482476478664171,0.2201219084609942,0.6316304436725888
0.5,0.11636645367996205,0.23361808928137956,0.6500154570386585
0.52,0.11636645367996205,0.23361808928137956,0.6500154570386585
0.54,0.11636645367996205,0.23361808928137956,0.6500154570386585
0.56,0.11636645367996205,0.23361808928137956,0.6500154570386585
0.58,0.11636645367996205,0.23361808928137956,0.6500154570386585
0.6,0.11636645367996205,0.23361808928137956,0.6500154570386585
0.62,0.11636645367996205,0.23361808928137956,0.6500154570386585
0.64,0.11636645367996205,0.23361808928137956,0.6500154570386585
0.66,0.11636645367996205,0.23361808928137956,0.6500154570386585
0.68,0.11636645367996205,0.23361808928137956,0.6500154570386585
0.7000000000000001,0.11636645367996205,0.23361808928137956,0.6500154570386585
0.72,0.11636645367996205,0.23361808928137956,0.6500154570386585
0.74,0.11636645367996205,0.23361808928137956,0.6500154570386585
0.76,0.11636645367996205,0.23361808928137956,0.6500154570386585
0.78,0.11636645367996205,0.23361808928137956,0.6500154570386585
0.8,0.11636645367996205,0.23361808928137956,0.6500154570386585
0.8200000000000001,0.11636645367996205,0.23361808928137956,0.6500154570386585
0.84,0.11636645367996205,0.23361808928137956,0.6500154570386585
0.86,0.11636645367996205,0.23361808928137956,0.6500154570386585
0.88,0.11636645367996205,0.23361808928137956,0.6500154570386585
0.9,0.11636645367996205,0.23361808928137956,0.6500154570386585
0.92,0.11636645367996205,0.23361808928137956,0.6500154570386585
0.9400000000000001,0.11636645367996205,0.23361808928137956,0.6500154570386585
0.96,0.11636645367996205,0.23361808928137956,0.6500154570386585
0.98,0.11636645367996205,0.23361808928137956,0.6500154570386585
1.0,0.11636645367996205,0.23361808928137956,0.6500154570386585
