fraction_of_volc,OH,H2O2,TMI
0.0,0.8060416299742611,0.02472407656113464,0.1692342934646043
0.02,0.8060416299742611,0.02472407656113464,0.1692342934646043
0.04,0.8060416299742611,0.02472407656113464,0.1692342934646043
0.06,0.8060416299742611,0.02472407656113464,0.1692342934646043
0.08,0.8060416299742611,0.02472407656113464,0.1692342934646043
0.1,0.8060416299742611,0.02472407656113464,0.1692342934646043
0.12,0.8060416299742611,0.02472407656113464,0.1692342934646043
0.14,0.8060416299742611,0.02472407656113464,0.1692342934646043
0.16,0.8060416299742611,0.02472407656113464,0.1692342934646043
0.18,0.8060416299742611,0.02472407656113464,0.1692342934646043
0.2,0.8060416299742611,0.02472407656113464,0.1692342934646043
0.22,0.8060416299742611,0.02472407656113464,0.1692342934646043
0.24,0.8060416299742611,0.02472407656113464,0.1692342934646043
0.26,0.8060416299742611,0.02472407656113464,0.1692342934646043
0.28,0.8060416299742611,0.02472407656113464,0.1692342934646043
0.3,0.8060416299742611,0.02472407656113464,0.1692342934646043
0.32,0.8060416299742611,0.02472407656113464,0.1692342934646043
0.34,0.8060416299742611,0.02472407656113464,0.1692342934646043
0.36,0.8060416299742611,0.02472407656113464,0.1692342934646043
0.38,0.8060416299742611,0.02472407656113464,0.1692342934646043
0.4,0.8060416299742611,0.02472407656113464,0.1692342934646043
0.42,0.8060416299742611,0.02472407656113464,0.1692342934646043
0.44,0.8060416299742611,0.02472407656113464,0.1692342934646043
0.46,0.8060416299742611,0.02472407656113464,0.1692342934646043
0.48,0.8060416299742611,0.02472407656113464,0.1692342934646043
0.5,0.8060416299742611,0.02472407656113464,0.1692342934646043
0.52,0.8060416299742611,0.02472407656113464,0.1692342934646043
0.54,0.8060416299742611,0.02472407656113464,0.1692342934646043
0.56,0.8060416299742611,0.02472407656113464,0.1692342934646043
0.58,0.8060416299742611,0.02472407656113464,0.1692342934646043
0.6,0.7477085815202207,0.0965183292234029,0.15577308925637645
0.62,0.6893755330661803,0.16831258188567116,0.14231188504814857
0.64,0.6310424846121399,0.24010683454793944,0.1288506808399207
0.66,0.5727094361580995,0.31190108721020765,0.11538947663169284
0.68,0.5143763877040591,0.3836953398724759,0.10192827242346497
0.7000000000000001,0.4560433392500187,0.4554895925347442,0.08846706821523712
0.72,0.39771029079597836,0.5272838451970124,0.07500586400700925
0.74,0.39771029079597836,0.5272838451970124,0.07500586400700925
0.76,0.39771029079597836,0.5272838451970124,0.07500586400700925
0.78,0.39771029079597836,0.5272838451970124,0.07500586400700925
0.8,0.39771029079597836,0.5272838451970124,0.07500586400700925
0.8200000000000001,0.39771029079597836,0.5272838451970124,0.07500586400700925
0.84,0.39771029079597836,0.5272838451970124,0.07500586400700925
0.86,0.39771029079597836,0.5272838451970124,0.07500586400700925
0.88,0.39771029079597836,0.5272838451970124,0.07500586400700925
0.9,0.39771029079597836,0.5272838451970124,0.07500586400700925
0.92,0.39771029079597836,0.5272838451970124,0.07500586400700925
0.9400000000000001,0.39771029079597836,0.5272838451970124,0.07500586400700925
0.96,0.39771029079597836,0.5272838451970124,0.07500586400700925
0.98,0.39771029079597836,0.5272838451970124,0.07500586400700925
1.0,0.39771029079597836,0.5272838451970124,0.07500586400700925
