fraction_of_volc,OH,H2O2,TMI
0.0,0.31716242594395555,0.6070761206182772,0.07576145343776719
0.02,0.31716242594395555,0.6070761206182772,0.07576145343776719
0.04,0.31716242594395555,0.6070761206182772,0.07576145343776719
0.06,0.31716242594395555,0.6070761206182772,0.07576145343776719
0.08,0.31716242594395555,0.6070761206182772,0.07576145343776719
0.1,0.31716242594395555,0.6070761206182772,0.07576145343776719
0.12,0.31716242594395555,0.6070761206182772,0.07576145343776719
0.14,0.31716242594395555,0.6070761206182772,0.07576145343776719
0.16,0.31716242594395555,0.6070761206182772,0.07576145343776719
0.18,0.31716242594395555,0.6070761206182772,0.07576145343776719
0.2,0.31716242594395555,0.6070761206182772,0.07576145343776719
0.22,0.31716242594395555,0.6070761206182772,0.07576145343776719
0.24,0.31716242594395555,0.6070761206182772,0.07576145343776719
0.26,0.31716242594395555,0.6070761206182772,0.07576145343776719
0.28,0.3209432209540688,0.5910628108812613,0.08799396816466981
0.3,0.32472401596418204,0.5750495011442455,0.10022648289157243
0.32,0.3285048109742953,0.5590361914072296,0.11245899761847505
0.34,0.33228560598440854,0.5430228816702137,0.12469151234537768
0.36,0.3360664009945218,0.5270095719331979,0.1369240270722803
0.38,0.33984719600463503,0.510996262196182,0.14915654179918292
0.4,0.3436279910147483,0.4949829524591661,0.16138905652608554
0.42,0.3474087860248615,0.47896964272215026,0.17362157125298816
0.44,0.3511895810349748,0.4629563329851344,0.18585408597989078
0.46,0.354970376045088,0.4469430232481185,0.1980866007067934
0.48,0.35875117105520127,0.43092971351110265,0.21031911543369602
0.5,0.3625319660653145,0.4149164037740868,0.22255163016059865
0.52,0.36631276107542776,0.3989030940370709,0.23478414488750127
0.54,0.370093556085541,0.38288978430005505,0.2470166596144039
0.56,0.37387435109565426,0.3668764745630392,0.2592491743413065
0.58,0.3776551461057675,0.3508631648260233,0.27148168906820913
0.6,0.38143594111588075,0.33484985508900744,0.28371420379511175
0.62,0.385216736125994,0.3188365453519916,0.2959467185220144
0.64,0.38899753113610724,0.3028232356149757,0.308179233248917
0.66,0.3927783261462205,0.28680992587795984,0.3204117479758196
0.68,0.39655912115633374,0.27079661614094397,0.33264426270272224
0.7000000000000001,0.400339916166447,0.2547833064039281,0.34487677742962486
0.72,0.40412071117656023,0.23876999666691223,0.3571092921565275
0.74,0.4079015061866735,0.22275668692989636,0.3693418068834301
0.76,0.4116823011967867,0.2067433771928805,0.3815743216103327
0.78,0.4154630962069,0.19073006745586463,0.39380683633723534
0.8,0.4192438912170132,0.17471675771884876,0.40603935106413797
0.8200000000000001,0.42302468622712647,0.1587034479818329,0.4182718657910406
0.84,0.4268054812372397,0.14269013824481702,0.4305043805179432
0.86,0.43058627624735296,0.12667682850780115,0.44273689524484583
0.88,0.4343670712574662,0.11066351877078529,0.45496940997174845
0.9,0.4343670712574662,0.11066351877078529,0.45496940997174845
0.92,0.4343670712574662,0.11066351877078529,0.45496940997174845
0.9400000000000001,0.4343670712574662,0.11066351877078529,0.45496940997174845
0.96,0.4343670712574662,0.11066351877078529,0.45496940997174845
0.98,0.4343670712574662,0.11066351877078529,0.45496940997174845
1.0,0.4343670712574662,0.11066351877078529,0.45496940997174845
