fraction_of_volc,OH,H2O2,TMI
0.0,0.1855742276749166,0.3868482376837699,0.42757753464131343
0.02,0.1855742276749166,0.3868482376837699,0.42757753464131343
0.04,0.1855742276749166,0.3868482376837699,0.42757753464131343
0.06,0.1855742276749166,0.3868482376837699,0.42757753464131343
0.08,0.1855742276749166,0.3868482376837699,0.42757753464131343
0.1,0.1855742276749166,0.3868482376837699,0.42757753464131343
0.12,0.1855742276749166,0.3868482376837699,0.42757753464131343
0.14,0.1855742276749166,0.3868482376837699,0.42757753464131343
0.16,0.18790889876999986,0.37759074424607275,0.4345003569839273
0.18,0.19024356986508315,0.3683332508083756,0.4414231793265412
0.2,0.1925782409601664,0.35907575737067843,0.4483460016691551
0.22,0.1949129120552497,0.3498182639329813,0.455268824011769
0.24,0.19724758315033294,0.34056077049528416,0.46219164635438287
0.26,0.1995822542454162,0.331303277057587,0.46911446869699674
0.28,0.2019169253404995,0.32204578361988984,0.4760372910396106
0.3,0.20425159643558274,0.3127882901821927,0.48296011338222455
0.32,0.206586267530666,0.30353079674449557,0.48988293572483843
0.34,0.2089209386257493,0.29427330330679835,0.4968057580674523
0.36,0.21125560972083254,0.28501580986910124,0.5037285804100662
0.38,0.2135902808159158,0.2757583164314041,0.5106514027526801
0.4,0.21592495191099909,0.2665008229937069,0.5175742250952939
0.42,0.21825962300608234,0.25724332955600976,0.5244970474379078
0.44,0.2205942941011656,0.24798583611831262,0.5314198697805217
0.46,0.22292896519624888,0.23872834268061546,0.5383426921231356
0.48,0.22526363629133217,0.2294708492429183,0.5452655144657496
0.5,0.22759830738641543,0.22021335580522117,0.5521883368083634
0.52,0.22993297848149868,0.210955862367524,0.5591111591509773
0.54,0.23226764957658197,0.20169836892982684,0.5660339814935912
0.56,0.23460232067166523,0.19244087549212968,0.5729568038362051
0.58,0.23460232067166523,0.19244087549212968,0.5729568038362051
0.6,0.23460232067166523,0.19244087549212968,0.5729568038362051
0.62,0.23460232067166523,0.19244087549212968,0.5729568038362051
0.64,0.23460232067166523,0.19244087549212968,0.5729568038362051
0.66,0.23460232067166523,0.19244087549212968,0.5729568038362051
0.68,0.23460232067166523,0.19244087549212968,0.5729568038362051
0.7000000000000001,0.23460232067166523,0.19244087549212968,0.5729568038362051
0.72,0.23460232067166523,0.19244087549212968,0.5729568038362051
0.74,0.23460232067166523,0.19244087549212968,0.5729568038362051
0.76,0.23460232067166523,0.19244087549212968,0.5729568038362051
0.78,0.23460232067166523,0.19244087549212968,0.5729568038362051
0.8,0.23460232067166523,0.19244087549212968,0.5729568038362051
0.8200000000000001,0.23460232067166523,0.19244087549212968,0.5729568038362051
0.84,0.23460232067166523,0.19244087549212968,0.5729568038362051
0.86,0.23460232067166523,0.19244087549212968,0.5729568038362051
0.88,0.23460232067166523,0.19244087549212968,0.5729568038362051
0.9,0.23460232067166523,0.19244087549212968,0.5729568038362051
0.92,0.23460232067166523,0.19244087549212968,0.5729568038362051
0.9400000000000001,0.23460232067166523,0.19244087549212968,0.5729568038362051
0.96,0.23460232067166523,0.19244087549212968,0.5729568038362051
0.98,0.23460232067166523,0.19244087549212968,0.5729568038362051
1.0,0.23460232067166523,0.19244087549212968,0.5729568038362051
