fraction_of_volc,OH,H2O2,TMI
0.0,0.29002945508883005,0.0399862464392115,0.6699842984719585
0.02,0.29002945508883005,0.0399862464392115,0.6699842984719585
0.04,0.29002945508883005,0.0399862464392115,0.6699842984719585
0.06,0.29002945508883005,0.0399862464392115,0.6699842984719585
0.08,0.29002945508883005,0.0399862464392115,0.6699842984719585
0.1,0.29002945508883005,0.0399862464392115,0.6699842984719585
0.12,0.29002945508883005,0.0399862464392115,0.6699842984719585
0.14,0.29002945508883005,0.0399862464392115,0.6699842984719585
0.16,0.29002945508883005,0.0399862464392115,0.6699842984719585
0.18,0.29002945508883005,0.0399862464392115,0.6699842984719585
0.2,0.29002945508883005,0.0399862464392115,0.6699842984719585
0.22,0.29002945508883005,0.0399862464392115,0.6699842984719585
0.24,0.29002945508883005,0.0399862464392115,0.6699842984719585
0.26,0.29002945508883005,0.0399862464392115,0.6699842984719585
0.28,0.29002945508883005,0.0399862464392115,0.6699842984719585
0.3,0.29002945508883005,0.0399862464392115,0.6699842984719585
0.32,0.29002945508883005,0.0399862464392115,0.6699842984719585
0.34,0.29002945508883005,0.0399862464392115,0.6699842984719585
0.36,0.29002945508883005,0.0399862464392115,0.6699842984719585
0.38,0.29002945508883005,0.0399862464392115,0.6699842984719585
0.4,0.29002945508883005,0.0399862464392115,0.6699842984719585
0.42,0.29002945508883005,0.0399862464392115,0.6699842984719585
0.44,0.29002945508883005,0.0399862464392115,0.6699842984719585
0.46,0.29002945508883005,0.0399862464392115,0.6699842984719585
0.48,0.29002945508883005,0.0399862464392115,0.6699842984719585
0.5,0.29002945508883005,0.0399862464392115,0.6699842984719585
0.52,0.29002945508883005,0.0399862464392115,0.6699842984719585
0.54,0.29002945508883005,0.0399862464392115,0.6699842984719585
0.56,0.29002945508883005,0.0399862464392115,0.6699842984719585
0.58,0.29002945508883005,0.0399862464392115,0.6699842984719585
0.6,0.29002945508883005,0.0399862464392115,0.6699842984719585
0.62,0.29002945508883005,0.0399862464392115,0.6699842984719585
0.64,0.29002945508883005,0.0399862464392115,0.6699842984719585
0.66,0.29002945508883005,0.0399862464392115,0.6699842984719585
0.68,0.29002945508883005,0.0399862464392115,0.6699842984719585
0.7000000000000001,0.29002945508883005,0.0399862464392115,0.6699842984719585
0.72,0.29002945508883005,0.0399862464392115,0.6699842984719585
0.74,0.29002945508883005,0.0399862464392115,0.6699842984719585
0.76,0.29002945508883005,0.0399862464392115,0.6699842984719585
0.78,0.29002945508883005,0.0399862464392115,0.6699842984719585
0.8,0.29002945508883005,0.0399862464392115,0.6699842984719585
0.8200000000000001,0.29002945508883005,0.0399862464392115,0.6699842984719585
0.84,0.2631782593839913,0.07709115270993946,0.6597305879060693
0.86,0.23632706367915263,0.11419605898066743,0.64947687734018
0.88,0.20947586797431392,0.1513009652513954,0.6392231667742907
0.9,0.1826246722694752,0.18840587152212335,0.6289694562084015
0.92,0.1557734765646365,0.2255107777928513,0.6187157456425123
0.9400000000000001,0.1289222808597978,0.26261568406357927,0.608462035076623
0.96,0.10207108515495908,0.29972059033430726,0.5982083245107337
0.98,0.07521988945012036,0.3368254966050352,0.5879546139448445
1.0,0.07521988945012036,0.3368254966050352,0.5879546139448445
