fraction_of_volc,OH,H2O2,TMI
0.0,0.17138214269495686,0.7677278830361027,0.06088997426894046
0.02,0.17138214269495686,0.7677278830361027,0.06088997426894046
0.04,0.17138214269495686,0.7677278830361027,0.06088997426894046
0.06,0.17138214269495686,0.7677278830361027,0.06088997426894046
0.08,0.17138214269495686,0.7677278830361027,0.06088997426894046
0.1,0.17138214269495686,0.7677278830361027,0.06088997426894046
0.12,0.17138214269495686,0.7677278830361027,0.06088997426894046
0.14,0.17138214269495686,0.7677278830361027,0.06088997426894046
0.16,0.17138214269495686,0.7677278830361027,0.06088997426894046
0.18,0.17138214269495686,0.7677278830361027,0.06088997426894046
0.2,0.17138214269495686,0.7677278830361027,0.06088997426894046
0.22,0.1863009867646511,0.7501674745236565,0.06353153871169248
0.24,0.20121983083434533,0.7326070660112102,0.06617310315444451
0.26,0.21613867490403957,0.715046657498764,0.06881466759719654
0.28,0.2310575189737338,0.6974862489863176,0.07145623203994857
0.3,0.24597636304342804,0.6799258404738714,0.0740977964827006
0.32,0.2608952071131223,0.6623654319614252,0.07673936092545262
0.34,0.27581405118281654,0.6448050234489788,0.07938092536820465
0.36,0.2907328952525108,0.6272446149365326,0.08202248981095668
0.38,0.305651739322205,0.6096842064240864,0.08466405425370871
0.4,0.32057058339189926,0.59212379791164,0.08730561869646074
0.42,0.3354894274615935,0.5745633893991938,0.08994718313921277
0.44,0.35040827153128773,0.5570029808867476,0.09258874758196478
0.46,0.36532711560098197,0.5394425723743013,0.09523031202471682
0.48,0.3802459596706762,0.521882163861855,0.09787187646746884
0.5,0.39516480374037044,0.5043217553494088,0.10051344091022088
0.52,0.4100836478100647,0.4867613468369625,0.1031550053529729
0.54,0.4250024918797589,0.4692009383245162,0.10579656979572494
0.56,0.43992133594945315,0.4516405298120699,0.10843813423847695
0.58,0.4548401800191474,0.4340801212996237,0.111079698681229
0.6,0.4697590240888416,0.4165197127871774,0.11372126312398101
0.62,0.48467786815853586,0.39895930427473114,0.11636282756673304
0.64,0.4995967122282301,0.38139889576228486,0.11900439200948507
0.66,0.4995967122282301,0.38139889576228486,0.11900439200948507
0.68,0.4995967122282301,0.38139889576228486,0.11900439200948507
0.7000000000000001,0.4995967122282301,0.38139889576228486,0.11900439200948507
0.72,0.4995967122282301,0.38139889576228486,0.11900439200948507
0.74,0.4995967122282301,0.38139889576228486,0.11900439200948507
0.76,0.4995967122282301,0.38139889576228486,0.11900439200948507
0.78,0.4995967122282301,0.38139889576228486,0.11900439200948507
0.8,0.4995967122282301,0.38139889576228486,0.11900439200948507
0.8200000000000001,0.4995967122282301,0.38139889576228486,0.11900439200948507
0.84,0.4995967122282301,0.38139889576228486,0.11900439200948507
0.86,0.4995967122282301,0.38139889576228486,0.11900439200948507
0.88,0.4995967122282301,0.38139889576228486,0.11900439200948507
0.9,0.4995967122282301,0.38139889576228486,0.11900439200948507
0.92,0.4995967122282301,0.38139889576228486,0.11900439200948507
0.9400000000000001,0.4995967122282301,0.38139889576228486,0.11900439200948507
0.96,0.4995967122282301,0.38139889576228486,0.11900439200948507
0.98,0.4995967122282301,0.38139889576228486,0.11900439200948507
1.0,0.4995967122282301,0.38139889576228486,0.11900439200948507
