fraction_of_volc,OH,H2O2,TMI
0.0,0.7945054305754555,0.1081781983314009,0.09731637109314376
0.02,0.7945054305754555,0.1081781983314009,0.09731637109314376
0.04,0.7945054305754555,0.1081781983314009,0.09731637109314376
0.06,0.7945054305754555,0.1081781983314009,0.09731637109314376
0.08,0.7945054305754555,0.1081781983314009,0.09731637109314376
0.1,0.7945054305754555,0.1081781983314009,0.09731637109314376
0.12,0.7945054305754555,0.1081781983314009,0.09731637109314376
0.14,0.7945054305754555,0.1081781983314009,0.09731637109314376
0.16,0.7945054305754555,0.1081781983314009,0.09731637109314376
0.18,0.7945054305754555,0.1081781983314009,0.09731637109314376
0.2,0.7945054305754555,0.1081781983314009,0.09731637109314376
0.22,0.7945054305754555,0.1081781983314009,0.09731637109314376
0.24,0.7945054305754555,0.1081781983314009,0.09731637109314376
0.26,0.7945054305754555,0.1081781983314009,0.09731637109314376
0.28,0.7945054305754555,0.1081781983314009,0.09731637109314376
0.3,0.7945054305754555,0.1081781983314009,0.09731637109314376
0.32,0.7945054305754555,0.1081781983314009,0.09731637109314376
0.34,0.7760164411803521,0.11475466916285026,0.10922888965679789
0.36,0.7575274517852485,0.12133113999429962,0.12114140822045204
0.38,0.739038462390145,0.12790761082574897,0.13305392678410619
0.4,0.7205494729950415,0.13448408165719836,0.14496644534776032
0.42,0.702060483599938,0.1410605524886477,0.15687896391141445
0.44,0.6835714942048344,0.14763702332009707,0.1687914824750686
0.46,0.665082504809731,0.15421349415154645,0.18070400103872275
0.48,0.6465935154146274,0.1607899649829958,0.19261651960237688
0.5,0.6281045260195239,0.16736643581444516,0.20452903816603102
0.52,0.6096155366244205,0.1739429066458945,0.21644155672968518
0.54,0.5911265472293169,0.18051937747734387,0.22835407529333931
0.56,0.5726375578342134,0.18709584830879325,0.24026659385699345
0.58,0.5541485684391099,0.1936723191402426,0.2521791124206476
0.6,0.5356595790440064,0.200248789971692,0.2640916309843018
0.62,0.517170589648903,0.20682526080314134,0.2760041495479559
0.64,0.4986816002537994,0.2134017316345907,0.28791666811161
0.66,0.48019261085869586,0.21997820246604005,0.29982918667526415
0.68,0.46170362146359234,0.2265546732974894,0.3117417052389183
0.7000000000000001,0.4432146320684888,0.2331311441289388,0.32365422380257247
0.72,0.4247256426733853,0.23970761496038817,0.3355667423662266
0.74,0.40623665327828185,0.24628408579183753,0.3474792609298807
0.76,0.38774766388317833,0.2528605566232869,0.35939177949353485
0.78,0.3692586744880748,0.25943702745473624,0.371304298057189
0.8,0.3507696850929713,0.2660134982861856,0.38321681662084317
0.8200000000000001,0.3322806956978678,0.27258996911763494,0.39512933518449733
0.84,0.31379170630276426,0.2791664399490843,0.4070418537481514
0.86,0.2953027169076608,0.2857429107805337,0.4189543723118056
0.88,0.2953027169076608,0.2857429107805337,0.4189543723118056
0.9,0.2953027169076608,0.2857429107805337,0.4189543723118056
0.92,0.2953027169076608,0.2857429107805337,0.4189543723118056
0.9400000000000001,0.2953027169076608,0.2857429107805337,0.4189543723118056
0.96,0.2953027169076608,0.2857429107805337,0.4189543723118056
0.98,0.2953027169076608,0.2857429107805337,0.4189543723118056
1.0,0.2953027169076608,0.2857429107805337,0.4189543723118056
