fraction_of_volc,OH,H2O2,TMI
0.0,0.4957853757965402,0.009200620061667435,0.49501400414179236
0.02,0.4957853757965402,0.009200620061667435,0.49501400414179236
0.04,0.4957853757965402,0.009200620061667435,0.49501400414179236
0.06,0.4957853757965402,0.009200620061667435,0.49501400414179236
0.08,0.4957853757965402,0.009200620061667435,0.49501400414179236
0.1,0.4957853757965402,0.009200620061667435,0.49501400414179236
0.12,0.4865823727310815,0.012684759656452162,0.5007328676124664
0.14,0.4773793696656228,0.01616889925123689,0.5064517310831403
0.16,0.4681763666001641,0.01965303884602162,0.5121705945538143
0.18,0.4589733635347054,0.023137178440806344,0.5178894580244883
0.2,0.44977036046924673,0.026621318035591073,0.5236083214951622
0.22,0.44056735740378805,0.030105457630375802,0.5293271849658362
0.24,0.4313643543383293,0.03358959722516053,0.5350460484365102
0.26,0.42216135127287063,0.03707373681994526,0.5407649119071841
0.28,0.41295834820741195,0.040557876414729986,0.5464837753778581
0.3,0.4037553451419532,0.04404201600951471,0.552202638848532
0.32,0.39455234207649453,0.04752615560429944,0.5579215023192061
0.34,0.38534933901103585,0.05101029519908417,0.5636403657898801
0.36,0.37614633594557717,0.054494434793868896,0.569359229260554
0.38,0.3669433328801185,0.05797857438865362,0.575078092731228
0.4,0.35774032981465975,0.061462713983438354,0.580796956201902
0.42,0.34853732674920107,0.06494685357822308,0.5865158196725759
0.44,0.3393343236837424,0.0684309931730078,0.5922346831432499
0.46,0.33013132061828365,0.07191513276779254,0.5979535466139239
0.48,0.32092831755282497,0.07539927236257726,0.6036724100845978
0.5,0.3117253144873663,0.07888341195736198,0.6093912735552718
0.52,0.3025223114219076,0.08236755155214673,0.6151101370259457
0.54,0.2933193083564489,0.08585169114693145,0.6208290004966197
0.56,0.2841163052909902,0.08933583074171617,0.6265478639672937
0.58,0.2749133022255315,0.09281997033650091,0.6322667274379676
0.6,0.2657102991600728,0.09630410993128563,0.6379855909086417
0.62,0.2565072960946141,0.09978824952607035,0.6437044543793157
0.64,0.2473042930291554,0.1032723891208551,0.6494233178499896
0.66,0.23810128996369673,0.10675652871563981,0.6551421813206636
0.68,0.22889828689823805,0.11024066831042453,0.6608610447913376
0.7000000000000001,0.2196952838327793,0.11372480790520928,0.6665799082620115
0.72,0.21049228076732063,0.117208947499994,0.6722987717326855
0.74,0.20128927770186195,0.12069308709477872,0.6780176352033594
0.76,0.19208627463640326,0.12417722668956346,0.6837364986740334
0.78,0.18288327157094458,0.12766136628434818,0.6894553621447075
0.8,0.17368026850548585,0.1311455058791329,0.6951742256153814
0.8200000000000001,0.16447726544002716,0.13462964547391765,0.7008930890860554
0.84,0.15527426237456848,0.13811378506870237,0.7066119525567294
0.86,0.14607125930910975,0.14159792466348708,0.7123308160274033
0.88,0.13686825624365107,0.14508206425827183,0.7180496794980773
0.9,0.12766525317819236,0.14856620385305655,0.7237685429687513
0.92,0.12766525317819236,0.14856620385305655,0.7237685429687513
0.9400000000000001,0.12766525317819236,0.14856620385305655,0.7237685429687513
0.96,0.12766525317819236,0.14856620385305655,0.7237685429687513
0.98,0.12766525317819236,0.14856620385305655,0.7237685429687513
1.0,0.12766525317819236,0.14856620385305655,0.7237685429687513
