fraction_of_volc,OH,H2O2,TMI
0.0,0.5633249425295951,0.38518179679550085,0.051493260674904034
0.02,0.5633249425295951,0.38518179679550085,0.051493260674904034
0.04,0.5633249425295951,0.38518179679550085,0.051493260674904034
0.06,0.5633249425295951,0.38518179679550085,0.051493260674904034
0.08,0.5633249425295951,0.38518179679550085,0.051493260674904034
0.1,0.5633249425295951,0.38518179679550085,0.051493260674904034
0.12,0.5633249425295951,0.38518179679550085,0.051493260674904034
0.14,0.5633249425295951,0.38518179679550085,0.051493260674904034
0.16,0.5633249425295951,0.38518179679550085,0.051493260674904034
0.18,0.5633249425295951,0.38518179679550085,0.051493260674904034
0.2,0.5633249425295951,0.38518179679550085,0.051493260674904034
0.22,0.5633249425295951,0.38518179679550085,0.051493260674904034
0.24,0.5633249425295951,0.38518179679550085,0.051493260674904034
0.26,0.5633249425295951,0.38518179679550085,0.051493260674904034
0.28,0.5633249425295951,0.38518179679550085,0.051493260674904034
0.3,0.5633249425295951,0.38518179679550085,0.051493260674904034
0.32,0.5633249425295951,0.38518179679550085,0.051493260674904034
0.34,0.5633249425295951,0.38518179679550085,0.051493260674904034
0.36,0.5633249425295951,0.38518179679550085,0.051493260674904034
0.38,0.5633249425295951,0.38518179679550085,0.051493260674904034
0.4,0.5633249425295951,0.38518179679550085,0.051493260674904034
0.42,0.5633249425295951,0.38518179679550085,0.051493260674904034
0.44,0.5633249425295951,0.38518179679550085,0.051493260674904034
0.46,0.5633249425295951,0.38518179679550085,0.051493260674904034
0.48,0.5288083609891934,0.4164740468957211,0.054717592115085555
0.5,0.4942917794487916,0.4477662969959413,0.057941923555267075
0.52,0.45977519790838983,0.47905854709616147,0.06116625499544859
0.54,0.4252586163679881,0.5103507971963817,0.06439058643563011
0.56,0.39074203482758635,0.541643047296602,0.06761491787581163
0.58,0.3562254532871846,0.5729352973968221,0.07083924931599314
0.6,0.32170887174678287,0.6042275474970423,0.07406358075617467
0.62,0.2871922902063811,0.6355197975972626,0.0772879121963562
0.64,0.2526757086659793,0.6668120476974828,0.08051224363653771
0.66,0.2181591271255776,0.698104297797703,0.08373657507671922
0.68,0.18364254558517584,0.7293965478979232,0.08696090651690075
0.7000000000000001,0.14912596404477407,0.7606887979981434,0.09018523795708226
0.72,0.11460938250437236,0.7919810480983636,0.09340956939726378
0.74,0.08009280096397059,0.8232732981985839,0.0966339008374453
0.76,0.04557621942356882,0.8545655482988042,0.09985823227762683
0.78,0.011059637883167155,0.8858577983990243,0.10308256371780834
0.8,0.011059637883167155,0.8858577983990243,0.10308256371780834
0.8200000000000001,0.011059637883167155,0.8858577983990243,0.10308256371780834
0.84,0.011059637883167155,0.8858577983990243,0.10308256371780834
0.86,0.011059637883167155,0.8858577983990243,0.10308256371780834
0.88,0.011059637883167155,0.8858577983990243,0.10308256371780834
0.9,0.011059637883167155,0.8858577983990243,0.10308256371780834
0.92,0.011059637883167155,0.8858577983990243,0.10308256371780834
0.9400000000000001,0.011059637883167155,0.8858577983990243,0.10308256371780834
0.96,0.011059637883167155,0.8858577983990243,0.10308256371780834
0.98,0.011059637883167155,0.8858577983990243,0.10308256371780834
1.0,0.011059637883167155,0.8858577983990243,0.10308256371780834
