fraction_of_volc,OH,H2O2,TMI
0.0,0.07187170852843164,0.7926523825374918,0.13547590893407654
0.02,0.07187170852843164,0.7926523825374918,0.13547590893407654
0.04,0.07187170852843164,0.7926523825374918,0.13547590893407654
0.06,0.07187170852843164,0.7926523825374918,0.13547590893407654
0.08,0.07187170852843164,0.7926523825374918,0.13547590893407654
0.1,0.08485815912698602,0.7768763166073676,0.1382655242656464
0.12,0.0978446097255404,0.7611002506772433,0.14105513959721627
0.14,0.1108310603240948,0.745324184747119,0.14384475492878612
0.16,0.12381751092264918,0.7295481188169948,0.146634370260356
0.18,0.13680396152120355,0.7137720528868706,0.14942398559192585
0.2,0.14979041211975797,0.6979959869567464,0.15221360092349573
0.22,0.16277686271831235,0.6822199210266221,0.15500321625506558
0.24,0.17576331331686673,0.6664438550964978,0.15779283158663543
0.26,0.18874976391542111,0.6506677891663736,0.1605824469182053
0.28,0.2017362145139755,0.6348917232362493,0.16337206224977516
0.3,0.21472266511252988,0.6191156573061252,0.16616167758134504
0.32,0.2277091157110843,0.6033395913760009,0.16895129291291489
0.34,0.24069556630963868,0.5875635254458766,0.17174090824448474
0.36,0.25368201690819303,0.5717874595157524,0.1745305235760546
0.38,0.26666846750674744,0.5560113935856281,0.17732013890762446
0.4,0.27965491810530185,0.5402353276555039,0.18010975423919434
0.42,0.2926413687038562,0.5244592617253796,0.1828993695707642
0.44,0.30562781930241056,0.5086831957952553,0.18568898490233404
0.46,0.318614269900965,0.49290712986513113,0.18847860023390392
0.48,0.3316007204995194,0.47713106393500687,0.1912682155654738
0.5,0.3445871710980738,0.4613549980048826,0.19405783089704365
0.52,0.3575736216966281,0.4455789320747584,0.1968474462286135
0.54,0.3705600722951825,0.42980286614463414,0.19963706156018335
0.56,0.3835465228937369,0.4140268002145099,0.20242667689175323
0.58,0.39653297349229133,0.3982507342843856,0.2052162922233231
0.6,0.40951942409084574,0.38247466835426136,0.20800590755489295
0.62,0.42250587468940004,0.36669860242413715,0.2107955228864628
0.64,0.43549232528795445,0.3509225364940129,0.21358513821803268
0.66,0.44847877588650886,0.33514647056388863,0.21637475354960253
0.68,0.4614652264850633,0.3193704046337644,0.2191643688811724
0.7000000000000001,0.4744516770836176,0.30359433870364017,0.22195398421274226
0.72,0.4744516770836176,0.30359433870364017,0.22195398421274226
0.74,0.4744516770836176,0.30359433870364017,0.22195398421274226
0.76,0.4744516770836176,0.30359433870364017,0.22195398421274226
0.78,0.4744516770836176,0.30359433870364017,0.22195398421274226
0.8,0.4744516770836176,0.30359433870364017,0.22195398421274226
0.8200000000000001,0.4744516770836176,0.30359433870364017,0.22195398421274226
0.84,0.4744516770836176,0.30359433870364017,0.22195398421274226
0.86,0.4744516770836176,0.30359433870364017,0.22195398421274226
0.88,0.4744516770836176,0.30359433870364017,0.22195398421274226
0.9,0.4744516770836176,0.30359433870364017,0.22195398421274226
0.92,0.4744516770836176,0.30359433870364017,0.22195398421274226
0.9400000000000001,0.4744516770836176,0.30359433870364017,0.22195398421274226
0.96,0.4744516770836176,0.30359433870364017,0.22195398421274226
0.98,0.4744516770836176,0.30359433870364017,0.22195398421274226
1.0,0.4744516770836176,0.30359433870364017,0.22195398421274226
