fraction_of_volc,OH,H2O2,TMI
0.0,0.33816969792671064,0.32167760395323064,0.3401526981200589
0.02,0.33816969792671064,0.32167760395323064,0.3401526981200589
0.04,0.33816969792671064,0.32167760395323064,0.3401526981200589
0.06,0.33816969792671064,0.32167760395323064,0.3401526981200589
0.08,0.33816969792671064,0.32167760395323064,0.3401526981200589
0.1,0.33816969792671064,0.32167760395323064,0.3401526981200589
0.12,0.34906088866757157,0.30382252628137624,0.34711658505105236
0.14,0.35995207940843243,0.28596744860952183,0.3540804719820459
0.16,0.37084327014929336,0.26811237093766743,0.3610443589130394
0.18,0.3817344608901542,0.25025729326581303,0.3680082458440329
0.2,0.39262565163101515,0.2324022155939586,0.3749721327750264
0.22,0.403516842371876,0.21454713792210417,0.38193601970601987
0.24,0.41440803311273694,0.19669206025024977,0.3888999066370134
0.26,0.42529922385359786,0.17883698257839536,0.3958637935680069
0.28,0.43619041459445873,0.16098190490654096,0.4028276804990004
0.3,0.4470816053353196,0.14312682723468656,0.4097915674299939
0.32,0.4579727960761805,0.12527174956283213,0.4167554543609874
0.34,0.46886398681704144,0.10741667189097773,0.42371934129198086
0.36,0.4797551775579023,0.08956159421912332,0.4306832282229744
0.38,0.49064636829876324,0.0717065165472689,0.43764711515396787
0.4,0.5015375590396242,0.05385143887541449,0.4446110020849614
0.42,0.512428749780485,0.03599636120356011,0.4515748890159549
0.44,0.512428749780485,0.03599636120356011,0.4515748890159549
0.46,0.512428749780485,0.03599636120356011,0.4515748890159549
0.48,0.512428749780485,0.03599636120356011,0.4515748890159549
0.5,0.512428749780485,0.03599636120356011,0.4515748890159549
0.52,0.512428749780485,0.03599636120356011,0.4515748890159549
0.54,0.512428749780485,0.03599636120356011,0.4515748890159549
0.56,0.512428749780485,0.03599636120356011,0.4515748890159549
0.58,0.512428749780485,0.03599636120356011,0.4515748890159549
0.6,0.512428749780485,0.03599636120356011,0.4515748890159549
0.62,0.512428749780485,0.03599636120356011,0.4515748890159549
0.64,0.512428749780485,0.03599636120356011,0.4515748890159549
0.66,0.512428749780485,0.03599636120356011,0.4515748890159549
0.68,0.512428749780485,0.03599636120356011,0.4515748890159549
0.7000000000000001,0.512428749780485,0.03599636120356011,0.4515748890159549
0.72,0.512428749780485,0.03599636120356011,0.4515748890159549
0.74,0.512428749780485,0.03599636120356011,0.4515748890159549
0.76,0.512428749780485,0.03599636120356011,0.4515748890159549
0.78,0.512428749780485,0.03599636120356011,0.4515748890159549
0.8,0.512428749780485,0.03599636120356011,0.4515748890159549
0.8200000000000001,0.512428749780485,0.03599636120356011,0.4515748890159549
0.84,0.512428749780485,0.03599636120356011,0.4515748890159549
0.86,0.512428749780485,0.03599636120356011,0.4515748890159549
0.88,0.512428749780485,0.03599636120356011,0.4515748890159549
0.9,0.512428749780485,0.03599636120356011,0.4515748890159549
0.92,0.512428749780485,0.03599636120356011,0.4515748890159549
0.9400000000000001,0.512428749780485,0.03599636120356011,0.4515748890159549
0.96,0.512428749780485,0.03599636120356011,0.4515748890159549
0.98,0.512428749780485,0.03599636120356011,0.4515748890159549
1.0,0.512428749780485,0.03599636120356011,0.4515748890159549
