fraction_of_volc,OH,H2O2,TMI
0.0,0.10795842327148535,0.09939018967772435,0.7926513870507903
0.02,0.10795842327148535,0.09939018967772435,0.7926513870507903
0.04,0.10795842327148535,0.09939018967772435,0.7926513870507903
0.06,0.10795842327148535,0.09939018967772435,0.7926513870507903
0.08,0.10795842327148535,0.09939018967772435,0.7926513870507903
0.1,0.10795842327148535,0.09939018967772435,0.7926513870507903
0.12,0.10795842327148535,0.09939018967772435,0.7926513870507903
0.14,0.10795842327148535,0.09939018967772435,0.7926513870507903
0.16,0.10795842327148535,0.09939018967772435,0.7926513870507903
0.18,0.10795842327148535,0.09939018967772435,0.7926513870507903
0.2,0.10795842327148535,0.09939018967772435,0.7926513870507903
0.22,0.10795842327148535,0.09939018967772435,0.7926513870507903
0.24,0.10795842327148535,0.09939018967772435,0.7926513870507903
0.26,0.10795842327148535,0.09939018967772435,0.7926513870507903
0.28,0.10795842327148535,0.09939018967772435,0.7926513870507903
0.3,0.10795842327148535,0.09939018967772435,0.7926513870507903
0.32,0.10795842327148535,0.09939018967772435,0.7926513870507903
0.34,0.10795842327148535,0.09939018967772435,0.7926513870507903
0.36,0.10795842327148535,0.09939018967772435,0.7926513870507903
0.38,0.10795842327148535,0.09939018967772435,0.7926513870507903
0.4,0.11253611672369415,0.13543878722724395,0.7520250960490619
0.42,0.11711381017590297,0.17148738477676354,0.7113988050473335
0.44,0.12169150362811179,0.20753598232628312,0.6707725140456051
0.46,0.12626919708032058,0.24358457987580273,0.6301462230438767
0.48,0.1308468905325294,0.2796331774253223,0.5895199320421483
0.5,0.13542458398473822,0.3156817749748419,0.5488936410404199
0.52,0.14000227743694704,0.35173037252436146,0.5082673500386915
0.54,0.14457997088915586,0.38777897007388107,0.4676410590369631
0.56,0.14915766434136465,0.4238275676234007,0.42701476803523475
0.58,0.15373535779357347,0.45987616517292024,0.3863884770335063
0.6,0.1583130512457823,0.49592476272243985,0.34576218603177794
0.62,0.16289074469799109,0.5319733602719595,0.30513589503004956
0.64,0.1674684381501999,0.568021957821479,0.26450960402832113
0.66,0.17204613160240873,0.6040705553709986,0.22388331302659265
0.68,0.17204613160240873,0.6040705553709986,0.22388331302659265
0.7000000000000001,0.17204613160240873,0.6040705553709986,0.22388331302659265
0.72,0.17204613160240873,0.6040705553709986,0.22388331302659265
0.74,0.17204613160240873,0.6040705553709986,0.22388331302659265
0.76,0.17204613160240873,0.6040705553709986,0.22388331302659265
0.78,0.17204613160240873,0.6040705553709986,0.22388331302659265
0.8,0.17204613160240873,0.6040705553709986,0.22388331302659265
0.8200000000000001,0.17204613160240873,0.6040705553709986,0.22388331302659265
0.84,0.17204613160240873,0.6040705553709986,0.22388331302659265
0.86,0.17204613160240873,0.6040705553709986,0.22388331302659265
0.88,0.17204613160240873,0.6040705553709986,0.22388331302659265
0.9,0.17204613160240873,0.6040705553709986,0.22388331302659265
0.92,0.17204613160240873,0.6040705553709986,0.22388331302659265
0.9400000000000001,0.17204613160240873,0.6040705553709986,0.22388331302659265
0.96,0.17204613160240873,0.6040705553709986,0.22388331302659265
0.98,0.17204613160240873,0.6040705553709986,0.22388331302659265
1.0,0.17204613160240873,0.6040705553709986,0.22388331302659265
