fraction_of_volc,OH,H2O2,TMI
0.0,0.36304984152244546,0.4535102144992791,0.18343994397827548
0.02,0.36304984152244546,0.4535102144992791,0.18343994397827548
0.04,0.36304984152244546,0.4535102144992791,0.18343994397827548
0.06,0.36304984152244546,0.4535102144992791,0.18343994397827548
0.08,0.36304984152244546,0.4535102144992791,0.18343994397827548
0.1,0.36304984152244546,0.4535102144992791,0.18343994397827548
0.12,0.36304984152244546,0.4535102144992791,0.18343994397827548
0.14,0.35634989269545714,0.4470349094840128,0.19661519782053005
0.16,0.34964994386846887,0.4405596044687466,0.20979045166278462
0.18,0.34294999504148055,0.4340842994534803,0.2229657055050392
0.2,0.3362500462144922,0.42760899443821404,0.23614095934729373
0.22,0.32955009738750396,0.4211336894229478,0.2493162131895483
0.24,0.32285014856051564,0.41465838440768155,0.26249146703180287
0.26,0.3161501997335273,0.40818307939241527,0.2756667208740574
0.28,0.309450250906539,0.40170777437714905,0.288841974716312
0.3,0.3027503020795507,0.3952324693618828,0.30201722855856655
0.32,0.2960503532525624,0.3887571643466165,0.3151924824008211
0.34,0.2893504044255741,0.3822818593313503,0.3283677362430757
0.36,0.2826504555985858,0.375806554316084,0.3415429900853303
0.38,0.2759505067715975,0.36933124930081773,0.35471824392758483
0.4,0.26925055794460917,0.36285594428555146,0.3678934977698394
0.42,0.26255060911762085,0.35638063927028524,0.38106875161209397
0.44,0.2558506602906326,0.34990533425501896,0.3942440054543485
0.46,0.24915071146364426,0.34343002923975274,0.40741925929660305
0.48,0.24245076263665594,0.33695472422448647,0.42059451313885765
0.5,0.23575081380966764,0.3304794192092202,0.43376976698111225
0.52,0.22905086498267935,0.3240041141939539,0.44694502082336673
0.54,0.22235091615569103,0.3175288091786877,0.46012027466562133
0.56,0.21565096732870273,0.3110535041634214,0.47329552850787593
0.58,0.20895101850171444,0.3045781991481552,0.4864707823501304
0.6,0.2022510696747261,0.29810289413288893,0.499646036192385
0.62,0.2022510696747261,0.29810289413288893,0.499646036192385
0.64,0.2022510696747261,0.29810289413288893,0.499646036192385
0.66,0.2022510696747261,0.29810289413288893,0.499646036192385
0.68,0.2022510696747261,0.29810289413288893,0.499646036192385
0.7000000000000001,0.2022510696747261,0.29810289413288893,0.499646036192385
0.72,0.2022510696747261,0.29810289413288893,0.499646036192385
0.74,0.2022510696747261,0.29810289413288893,0.499646036192385
0.76,0.2022510696747261,0.29810289413288893,0.499646036192385
0.78,0.2022510696747261,0.29810289413288893,0.499646036192385
0.8,0.2022510696747261,0.29810289413288893,0.499646036192385
0.8200000000000001,0.2022510696747261,0.29810289413288893,0.499646036192385
0.84,0.2022510696747261,0.29810289413288893,0.499646036192385
0.86,0.2022510696747261,0.29810289413288893,0.499646036192385
0.88,0.2022510696747261,0.29810289413288893,0.499646036192385
0.9,0.2022510696747261,0.29810289413288893,0.499646036192385
0.92,0.2022510696747261,0.29810289413288893,0.499646036192385
0.9400000000000001,0.2022510696747261,0.29810289413288893,0.499646036192385
0.96,0.2022510696747261,0.29810289413288893,0.499646036192385
0.98,0.2022510696747261,0.29810289413288893,0.499646036192385
1.0,0.2022510696747261,0.29810289413288893,0.499646036192385
