fraction_of_volc,OH,H2O2,TMI
0.0,0.009921726939111801,0.06078185574292205,0.9292964173179662
0.02,0.009921726939111801,0.06078185574292205,0.9292964173179662
0.04,0.009921726939111801,0.06078185574292205,0.9292964173179662
0.06,0.009921726939111801,0.06078185574292205,0.9292964173179662
0.08,0.009921726939111801,0.06078185574292205,0.9292964173179662
0.1,0.009921726939111801,0.06078185574292205,0.9292964173179662
0.12,0.009921726939111801,0.06078185574292205,0.9292964173179662
0.14,0.009921726939111801,0.06078185574292205,0.9292964173179662
0.16,0.009921726939111801,0.06078185574292205,0.9292964173179662
0.18,0.009921726939111801,0.06078185574292205,0.9292964173179662
0.2,0.020381749564797283,0.07295520875165454,0.9066630416835482
0.22,0.03084177219048276,0.08512856176038704,0.8840296660491302
0.24,0.04130179481616824,0.09730191476911954,0.8613962904147123
0.26,0.05176181744185372,0.10947526777785202,0.8387629147802943
0.28,0.062221840067539204,0.1216486207865845,0.8161295391458763
0.3,0.07268186269322469,0.13382197379531702,0.7934961635114584
0.32,0.08314188531891017,0.1459953268040495,0.7708627878770404
0.34,0.09360190794459564,0.158168679812782,0.7482294122426224
0.36,0.10406193057028112,0.17034203282151447,0.7255960366082044
0.38,0.11452195319596661,0.18251538583024696,0.7029626609737865
0.4,0.12498197582165207,0.19468873883897947,0.6803292853393685
0.42,0.13544199844733756,0.20686209184771195,0.6576959097049505
0.44,0.14590202107302305,0.21903544485644444,0.6350625340705325
0.46,0.15636204369870854,0.23120879786517695,0.6124291584361146
0.48,0.166822066324394,0.24338215087390944,0.5897957828016966
0.5,0.1772820889500795,0.2555555038826419,0.5671624071672786
0.52,0.18774211157576498,0.2677288568913744,0.5445290315328606
0.54,0.19820213420145044,0.2799022099001069,0.5218956558984427
0.56,0.20866215682713593,0.2920755629088394,0.4992622802640247
0.58,0.21912217945282142,0.30424891591757186,0.4766289046296067
0.6,0.22958220207850688,0.3164222689263044,0.45399552899518875
0.62,0.24004222470419237,0.3285956219350369,0.4313621533607708
0.64,0.25050224732987786,0.34076897494376934,0.40872877772635274
0.66,0.2609622699555633,0.35294232795250186,0.3860954020919348
0.68,0.27142229258124884,0.36511568096123437,0.3634620264575169
0.7000000000000001,0.2818823152069343,0.3772890339699668,0.3408286508230989
0.72,0.29234233783261976,0.38946238697869934,0.31819527518868085
0.74,0.3028023604583053,0.40163573998743185,0.29556189955426293
0.76,0.31326238308399074,0.4138090929961643,0.272928523919845
0.78,0.3237224057096762,0.4259824460048968,0.250295148285427
0.8,0.3341824283353617,0.4381557990136293,0.22766177265100895
0.8200000000000001,0.3446424509610472,0.4503291520223618,0.20502839701659104
0.84,0.35510247358673264,0.4625025050310943,0.18239502138217312
0.86,0.36556249621241815,0.47467585803982676,0.1597616457477551
0.88,0.3760225188381036,0.48684921104855927,0.13712827011333706
0.9,0.3864825414637891,0.49902256405729173,0.11449489447891914
0.92,0.3969425640894746,0.5111959170660243,0.09186151884450122
0.9400000000000001,0.40740258671516005,0.5233692700747568,0.06922814321008319
0.96,0.41786260934084557,0.5355426230834892,0.04659476757566528
0.98,0.41786260934084557,0.5355426230834892,0.04659476757566528
1.0,0.41786260934084557,0.5355426230834892,0.04659476757566528
