fraction_of_volc,OH,H2O2,TMI
0.0,0.7721064266004404,0.08134100744480448,0.14655256595475513
0.02,0.7721064266004404,0.08134100744480448,0.14655256595475513
0.04,0.7721064266004404,0.08134100744480448,0.14655256595475513
0.06,0.7721064266004404,0.08134100744480448,0.14655256595475513
0.08,0.7721064266004404,0.08134100744480448,0.14655256595475513
0.1,0.7721064266004404,0.08134100744480448,0.14655256595475513
0.12,0.7721064266004404,0.08134100744480448,0.14655256595475513
0.14,0.7721064266004404,0.08134100744480448,0.14655256595475513
0.16,0.7721064266004404,0.08134100744480448,0.14655256595475513
0.18,0.7721064266004404,0.08134100744480448,0.14655256595475513
0.2,0.7721064266004404,0.08134100744480448,0.14655256595475513
0.22,0.7721064266004404,0.08134100744480448,0.14655256595475513
0.24,0.7721064266004404,0.08134100744480448,0.14655256595475513
0.26,0.7721064266004404,0.08134100744480448,0.14655256595475513
0.28,0.7721064266004404,0.08134100744480448,0.14655256595475513
0.3,0.7721064266004404,0.08134100744480448,0.14655256595475513
0.32,0.7721064266004404,0.08134100744480448,0.14655256595475513
0.34,0.7721064266004404,0.08134100744480448,0.14655256595475513
0.36,0.7721064266004404,0.08134100744480448,0.14655256595475513
0.38,0.7721064266004404,0.08134100744480448,0.14655256595475513
0.4,0.7721064266004404,0.08134100744480448,0.14655256595475513
0.42,0.7721064266004404,0.08134100744480448,0.14655256595475513
0.44,0.7721064266004404,0.08134100744480448,0.14655256595475513
0.46,0.7721064266004404,0.08134100744480448,0.14655256595475513
0.48,0.7721064266004404,0.08134100744480448,0.14655256595475513
0.5,0.7721064266004404,0.08134100744480448,0.14655256595475513
0.52,0.7477935875998014,0.11230495565650248,0.13990145674369614
0.54,0.7234807485991623,0.14326890386820046,0.13325034753263718
0.56,0.6991679095985234,0.17423285207989847,0.1265992383215782
0.58,0.6748550705978844,0.20519680029159645,0.11994812911051922
0.6,0.6505422315972453,0.23616074850329444,0.11329701989946024
0.62,0.6262293925966064,0.26712469671499245,0.10664591068840126
0.64,0.6019165535959674,0.29808864492669046,0.09999480147734228
0.66,0.5776037145953283,0.3290525931383884,0.0933436922662833
0.68,0.5532908755946893,0.3600165413500864,0.08669258305522433
0.7000000000000001,0.5289780365940503,0.39098048956178444,0.08004147384416535
0.72,0.5046651975934113,0.42194443777348245,0.07339036463310637
0.74,0.4803523585927723,0.4529083859851804,0.0667392554220474
0.76,0.4560395195921333,0.4838723341968784,0.060088146210988416
0.78,0.4317266805914943,0.5148362824085764,0.05343703699992944
0.8,0.4074138415908553,0.5458002306202744,0.04678592778887046
0.8200000000000001,0.3831010025902163,0.5767641788319724,0.04013481857781148
0.84,0.35878816358957727,0.6077281270436703,0.033483709366752504
0.86,0.33447532458893825,0.6386920752553683,0.02683260015569352
0.88,0.33447532458893825,0.6386920752553683,0.02683260015569352
0.9,0.33447532458893825,0.6386920752553683,0.02683260015569352
0.92,0.33447532458893825,0.6386920752553683,0.02683260015569352
0.9400000000000001,0.33447532458893825,0.6386920752553683,0.02683260015569352
0.96,0.33447532458893825,0.6386920752553683,0.02683260015569352
0.98,0.33447532458893825,0.6386920752553683,0.02683260015569352
1.0,0.33447532458893825,0.6386920752553683,0.02683260015569352
