fraction_of_volc,OH,H2O2,TMI
0.0,0.09133852521241648,0.7646055164913664,0.14405595829621726
0.02,0.09133852521241648,0.7646055164913664,0.14405595829621726
0.04,0.09133852521241648,0.7646055164913664,0.14405595829621726
0.06,0.09133852521241648,0.7646055164913664,0.14405595829621726
0.08,0.09133852521241648,0.7646055164913664,0.14405595829621726
0.1,0.09133852521241648,0.7646055164913664,0.14405595829621726
0.12,0.09133852521241648,0.7646055164913664,0.14405595829621726
0.14,0.09133852521241648,0.7646055164913664,0.14405595829621726
0.16,0.09133852521241648,0.7646055164913664,0.14405595829621726
0.18,0.09133852521241648,0.7646055164913664,0.14405595829621726
0.2,0.09133852521241648,0.7646055164913664,0.14405595829621726
0.22,0.09133852521241648,0.7646055164913664,0.14405595829621726
0.24,0.09133852521241648,0.7646055164913664,0.14405595829621726
0.26,0.09133852521241648,0.7646055164913664,0.14405595829621726
0.28,0.09133852521241648,0.7646055164913664,0.14405595829621726
0.3,0.09133852521241648,0.7646055164913664,0.14405595829621726
0.32,0.09133852521241648,0.7646055164913664,0.14405595829621726
0.34,0.09133852521241648,0.7646055164913664,0.14405595829621726
0.36,0.09133852521241648,0.7646055164913664,0.14405595829621726
0.38,0.09133852521241648,0.7646055164913664,0.14405595829621726
0.4,0.09133852521241648,0.7646055164913664,0.14405595829621726
0.42,0.09133852521241648,0.7646055164913664,0.14405595829621726
0.44,0.09133852521241648,0.7646055164913664,0.14405595829621726
0.46,0.09133852521241648,0.7646055164913664,0.14405595829621726
0.48,0.09133852521241648,0.7646055164913664,0.14405595829621726
0.5,0.09133852521241648,0.7646055164913664,0.14405595829621726
0.52,0.09133852521241648,0.7646055164913664,0.14405595829621726
0.54,0.09133852521241648,0.7646055164913664,0.14405595829621726
0.56,0.09133852521241648,0.7646055164913664,0.14405595829621726
0.58,0.09133852521241648,0.7646055164913664,0.14405595829621726
0.6,0.09133852521241648,0.7646055164913664,0.14405595829621726
0.62,0.09133852521241648,0.7646055164913664,0.14405595829621726
0.64,0.09133852521241648,0.7646055164913664,0.14405595829621726
0.66,0.09133852521241648,0.7646055164913664,0.14405595829621726
0.68,0.09133852521241648,0.7646055164913664,0.14405595829621726
0.7000000000000001,0.09133852521241648,0.7646055164913664,0.14405595829621726
0.72,0.09133852521241648,0.7646055164913664,0.14405595829621726
0.74,0.09133852521241648,0.7646055164913664,0.14405595829621726
0.76,0.09133852521241648,0.7646055164913664,0.14405595829621726
0.78,0.09133852521241648,0.7646055164913664,0.14405595829621726
0.8,0.15996412062969473,0.6674419241285711,0.17259395524173435
0.8200000000000001,0.22858971604697295,0.5702783317657757,0.20113195218725144
0.84,0.2972153114642512,0.4731147394029803,0.22966994913276856
0.86,0.3658409068815294,0.37595114704018495,0.2582079460782856
0.88,0.4344665022988077,0.2787875546773896,0.28674594302380274
0.9,0.5030920977160859,0.1816239623145942,0.3152839399693198
0.92,0.5717176931333642,0.08446036995179888,0.3438219369148369
0.9400000000000001,0.5717176931333642,0.08446036995179888,0.3438219369148369
0.96,0.5717176931333642,0.08446036995179888,0.3438219369148369
0.98,0.5717176931333642,0.08446036995179888,0.3438219369148369
1.0,0.5717176931333642,0.08446036995179888,0.3438219369148369
