fraction_of_volc,OH,H2O2,TMI
0.0,0.1283624647517827,0.3285447992519052,0.5430927359963122
0.02,0.1283624647517827,0.3285447992519052,0.5430927359963122
0.04,0.1283624647517827,0.3285447992519052,0.5430927359963122
0.06,0.1283624647517827,0.3285447992519052,0.5430927359963122
0.08,0.1283624647517827,0.3285447992519052,0.5430927359963122
0.1,0.1283624647517827,0.3285447992519052,0.5430927359963122
0.12,0.1283624647517827,0.3285447992519052,0.5430927359963122
0.14,0.1283624647517827,0.3285447992519052,0.5430927359963122
0.16,0.1283624647517827,0.3285447992519052,0.5430927359963122
0.18,0.1283624647517827,0.3285447992519052,0.5430927359963122
0.2,0.1283624647517827,0.3285447992519052,0.5430927359963122
0.22,0.13469621651128763,0.32227676361824675,0.5430270198704658
0.24,0.14102996827079256,0.3160087279845883,0.5429613037446193
0.26,0.1473637200302975,0.3097406923509298,0.5428955876187728
0.28,0.15369747178980242,0.30347265671727136,0.5428298714929263
0.3,0.16003122354930738,0.2972046210836129,0.5427641553670798
0.32,0.1663649753088123,0.2909365854499545,0.5426984392412333
0.34,0.17269872706831724,0.284668549816296,0.5426327231153868
0.36,0.17903247882782217,0.27840051418263756,0.5425670069895404
0.38,0.1853662305873271,0.2721324785489791,0.5425012908636939
0.4,0.19169998234683203,0.26586444291532063,0.5424355747378474
0.42,0.19803373410633696,0.25959640728166217,0.5423698586120009
0.44,0.2043674858658419,0.2533283716480037,0.5423041424861544
0.46,0.21070123762534682,0.24706033601434524,0.542238426360308
0.48,0.21703498938485177,0.24079230038068677,0.5421727102344615
0.5,0.2233687411443567,0.23452426474702834,0.542106994108615
0.52,0.2233687411443567,0.23452426474702834,0.542106994108615
0.54,0.2233687411443567,0.23452426474702834,0.542106994108615
0.56,0.2233687411443567,0.23452426474702834,0.542106994108615
0.58,0.2233687411443567,0.23452426474702834,0.542106994108615
0.6,0.2233687411443567,0.23452426474702834,0.542106994108615
0.62,0.2233687411443567,0.23452426474702834,0.542106994108615
0.64,0.2233687411443567,0.23452426474702834,0.542106994108615
0.66,0.2233687411443567,0.23452426474702834,0.542106994108615
0.68,0.2233687411443567,0.23452426474702834,0.542106994108615
0.7000000000000001,0.2233687411443567,0.23452426474702834,0.542106994108615
0.72,0.2233687411443567,0.23452426474702834,0.542106994108615
0.74,0.2233687411443567,0.23452426474702834,0.542106994108615
0.76,0.2233687411443567,0.23452426474702834,0.542106994108615
0.78,0.2233687411443567,0.23452426474702834,0.542106994108615
0.8,0.2233687411443567,0.23452426474702834,0.542106994108615
0.8200000000000001,0.2233687411443567,0.23452426474702834,0.542106994108615
0.84,0.2233687411443567,0.23452426474702834,0.542106994108615
0.86,0.2233687411443567,0.23452426474702834,0.542106994108615
0.88,0.2233687411443567,0.23452426474702834,0.542106994108615
0.9,0.2233687411443567,0.23452426474702834,0.542106994108615
0.92,0.2233687411443567,0.23452426474702834,0.542106994108615
0.9400000000000001,0.2233687411443567,0.23452426474702834,0.542106994108615
0.96,0.2233687411443567,0.23452426474702834,0.542106994108615
0.98,0.2233687411443567,0.23452426474702834,0.542106994108615
1.0,0.2233687411443567,0.23452426474702834,0.542106994108615
