fraction_of_volc,OH,H2O2,TMI
0.0,0.6176995908120821,0.05467209093700094,0.32762831825091704
0.02,0.6176995908120821,0.05467209093700094,0.32762831825091704
0.04,0.6176995908120821,0.05467209093700094,0.32762831825091704
0.06,0.6176995908120821,0.05467209093700094,0.32762831825091704
0.08,0.6176995908120821,0.05467209093700094,0.32762831825091704
0.1,0.5894436912485731,0.06569865583650172,0.3448576529149253
0.12,0.561187791685064,0.0767252207360025,0.36208698757893354
0.14,0.532931892121555,0.08775178563550329,0.37931632224294176
0.16,0.504675992558046,0.09877835053500408,0.39654565690695004
0.18,0.4764200929945369,0.10980491543450485,0.4137749915709583
0.2,0.44816419343102787,0.12083148033400565,0.43100432623496654
0.22,0.4199082938675188,0.13185804523350642,0.44823366089897476
0.24,0.3916523943040098,0.1428846101330072,0.46546299556298304
0.26,0.36339649474050073,0.153911175032508,0.4826923302269913
0.28,0.3351405951769917,0.16493773993200878,0.49992166489099954
0.3,0.30688469561348264,0.17596430483150954,0.5171509995550078
0.32,0.2786287960499736,0.18699086973101037,0.5343803342190161
0.34,0.25037289648646455,0.19801743463051114,0.5516096688830243
0.36,0.2221169969229555,0.2090439995300119,0.5688390035470325
0.38,0.2221169969229555,0.2090439995300119,0.5688390035470325
0.4,0.2221169969229555,0.2090439995300119,0.5688390035470325
0.42,0.2221169969229555,0.2090439995300119,0.5688390035470325
0.44,0.2221169969229555,0.2090439995300119,0.5688390035470325
0.46,0.2221169969229555,0.2090439995300119,0.5688390035470325
0.48,0.2221169969229555,0.2090439995300119,0.5688390035470325
0.5,0.2221169969229555,0.2090439995300119,0.5688390035470325
0.52,0.2221169969229555,0.2090439995300119,0.5688390035470325
0.54,0.2221169969229555,0.2090439995300119,0.5688390035470325
0.56,0.2221169969229555,0.2090439995300119,0.5688390035470325
0.58,0.2221169969229555,0.2090439995300119,0.5688390035470325
0.6,0.2221169969229555,0.2090439995300119,0.5688390035470325
0.62,0.2221169969229555,0.2090439995300119,0.5688390035470325
0.64,0.2221169969229555,0.2090439995300119,0.5688390035470325
0.66,0.2221169969229555,0.2090439995300119,0.5688390035470325
0.68,0.2221169969229555,0.2090439995300119,0.5688390035470325
0.7000000000000001,0.2221169969229555,0.2090439995300119,0.5688390035470325
0.72,0.2221169969229555,0.2090439995300119,0.5688390035470325
0.74,0.2221169969229555,0.2090439995300119,0.5688390035470325
0.76,0.2221169969229555,0.2090439995300119,0.5688390035470325
0.78,0.2221169969229555,0.2090439995300119,0.5688390035470325
0.8,0.2221169969229555,0.2090439995300119,0.5688390035470325
0.8200000000000001,0.2221169969229555,0.2090439995300119,0.5688390035470325
0.84,0.2221169969229555,0.2090439995300119,0.5688390035470325
0.86,0.2221169969229555,0.2090439995300119,0.5688390035470325
0.88,0.2221169969229555,0.2090439995300119,0.5688390035470325
0.9,0.2221169969229555,0.2090439995300119,0.5688390035470325
0.92,0.2221169969229555,0.2090439995300119,0.5688390035470325
0.9400000000000001,0.2221169969229555,0.2090439995300119,0.5688390035470325
0.96,0.2221169969229555,0.2090439995300119,0.5688390035470325
0.98,0.2221169969229555,0.2090439995300119,0.5688390035470325
1.0,0.2221169969229555,0.2090439995300119,0.5688390035470325
