fraction_of_volc,OH,H2O2,TMI
0.0,0.5845317162996273,0.3716769576356542,0.043791326064718555
0.02,0.5845317162996273,0.3716769576356542,0.043791326064718555
0.04,0.5845317162996273,0.3716769576356542,0.043791326064718555
0.06,0.5845317162996273,0.3716769576356542,0.043791326064718555
0.08,0.5845317162996273,0.3716769576356542,0.043791326064718555
0.1,0.5845317162996273,0.3716769576356542,0.043791326064718555
0.12,0.5845317162996273,0.3716769576356542,0.043791326064718555
0.14,0.5845317162996273,0.3716769576356542,0.043791326064718555
0.16,0.5845317162996273,0.3716769576356542,0.043791326064718555
0.18,0.5845317162996273,0.3716769576356542,0.043791326064718555
0.2,0.5845317162996273,0.3716769576356542,0.043791326064718555
0.22,0.5845317162996273,0.3716769576356542,0.043791326064718555
0.24,0.5845317162996273,0.3716769576356542,0.043791326064718555
0.26,0.5845317162996273,0.3716769576356542,0.043791326064718555
0.28,0.5845317162996273,0.3716769576356542,0.043791326064718555
0.3,0.5845317162996273,0.3716769576356542,0.043791326064718555
0.32,0.5845317162996273,0.3716769576356542,0.043791326064718555
0.34,0.5845317162996273,0.3716769576356542,0.043791326064718555
0.36,0.5845317162996273,0.3716769576356542,0.043791326064718555
0.38,0.5845317162996273,0.3716769576356542,0.043791326064718555
0.4,0.5845317162996273,0.3716769576356542,0.043791326064718555
0.42,0.5845317162996273,0.3716769576356542,0.043791326064718555
0.44,0.5845317162996273,0.3716769576356542,0.043791326064718555
0.46,0.5845317162996273,0.3716769576356542,0.043791326064718555
0.48,0.5845317162996273,0.3716769576356542,0.043791326064718555
0.5,0.5845317162996273,0.3716769576356542,0.043791326064718555
0.52,0.5462058191785795,0.3536905175983919,0.10010366322302869
0.54,0.5078799220575317,0.3357040775611295,0.1564160003813388
0.56,0.4695540249364839,0.31771763752386717,0.21272833753964893
0.58,0.4312281278154361,0.2997311974866049,0.26904067469795906
0.6,0.39290223069438834,0.2817447574493425,0.3253530118562692
0.62,0.3545763335733405,0.26375831741208017,0.38166534901457927
0.64,0.3162504364522927,0.24577187737481784,0.43797768617288946
0.66,0.27792453933124495,0.2277854373375555,0.49429002333119954
0.68,0.23959864221019717,0.20979899730029314,0.5506023604895097
0.7000000000000001,0.20127274508914939,0.19181255726303081,0.6069146976478198
0.72,0.16294684796810155,0.17382611722576846,0.66322703480613
0.74,0.12462095084705377,0.1558396771885061,0.7195393719644401
0.76,0.08629505372600596,0.13785323715124378,0.7758517091227503
0.78,0.08629505372600596,0.13785323715124378,0.7758517091227503
0.8,0.08629505372600596,0.13785323715124378,0.7758517091227503
0.8200000000000001,0.08629505372600596,0.13785323715124378,0.7758517091227503
0.84,0.08629505372600596,0.13785323715124378,0.7758517091227503
0.86,0.08629505372600596,0.13785323715124378,0.7758517091227503
0.88,0.08629505372600596,0.13785323715124378,0.7758517091227503
0.9,0.08629505372600596,0.13785323715124378,0.7758517091227503
0.92,0.08629505372600596,0.13785323715124378,0.7758517091227503
0.9400000000000001,0.08629505372600596,0.13785323715124378,0.7758517091227503
0.96,0.08629505372600596,0.13785323715124378,0.7758517091227503
0.98,0.08629505372600596,0.13785323715124378,0.7758517091227503
1.0,0.08629505372600596,0.13785323715124378,0.7758517091227503
