fraction_of_volc,OH,H2O2,TMI
0.0,0.20610877181890316,0.3417865897059925,0.45210463847510424
0.02,0.20610877181890316,0.3417865897059925,0.45210463847510424
0.04,0.20610877181890316,0.3417865897059925,0.45210463847510424
0.06,0.20610877181890316,0.3417865897059925,0.45210463847510424
0.08,0.20610877181890316,0.3417865897059925,0.45210463847510424
0.1,0.20610877181890316,0.3417865897059925,0.45210463847510424
0.12,0.20610877181890316,0.3417865897059925,0.45210463847510424
0.14,0.20610877181890316,0.3417865897059925,0.45210463847510424
0.16,0.20610877181890316,0.3417865897059925,0.45210463847510424
0.18,0.20610877181890316,0.3417865897059925,0.45210463847510424
0.2,0.20610877181890316,0.3417865897059925,0.45210463847510424
0.22,0.20610877181890316,0.3417865897059925,0.45210463847510424
0.24,0.20610877181890316,0.3417865897059925,0.45210463847510424
0.26,0.20610877181890316,0.3417865897059925,0.45210463847510424
0.28,0.20610877181890316,0.3417865897059925,0.45210463847510424
0.3,0.20610877181890316,0.3417865897059925,0.45210463847510424
0.32,0.20610877181890316,0.3417865897059925,0.45210463847510424
0.34,0.20610877181890316,0.3417865897059925,0.45210463847510424
0.36,0.20610877181890316,0.3417865897059925,0.45210463847510424
0.38,0.201936086763756,0.34654394280662504,0.4515199704296189
0.4,0.19776340170860884,0.35130129590725756,0.4509353023841335
0.42,0.19359071665346167,0.3560586490078901,0.45035063433864814
0.44,0.1894180315983145,0.3608160021085226,0.4497659662931628
0.46,0.18524534654316732,0.3655733552091551,0.44918129824767744
0.48,0.18107266148802018,0.37033070830978765,0.44859663020219204
0.5,0.176899976432873,0.37508806141042017,0.4480119621567067
0.52,0.17272729137772586,0.3798454145110527,0.44742729411122134
0.54,0.16855460632257868,0.3846027676116852,0.446842626065736
0.56,0.1643819212674315,0.38936012071231774,0.4462579580202506
0.58,0.16020923621228433,0.39411747381295026,0.44567328997476524
0.6,0.1560365511571372,0.3988748269135828,0.4450886219292799
0.62,0.15186386610199,0.40363218001421536,0.44450395388379454
0.64,0.14769118104684287,0.4083895331148479,0.44391928583830914
0.66,0.1435184959916957,0.4131468862154804,0.4433346177928238
0.68,0.13934581093654852,0.4179042393161129,0.44274994974733844
0.7000000000000001,0.13517312588140135,0.42266159241674545,0.4421652817018531
0.72,0.13100044082625417,0.42741894551737797,0.4415806136563677
0.74,0.12682775577110703,0.4321762986180105,0.44099594561088235
0.76,0.12682775577110703,0.4321762986180105,0.44099594561088235
0.78,0.12682775577110703,0.4321762986180105,0.44099594561088235
0.8,0.12682775577110703,0.4321762986180105,0.44099594561088235
0.8200000000000001,0.12682775577110703,0.4321762986180105,0.44099594561088235
0.84,0.12682775577110703,0.4321762986180105,0.44099594561088235
0.86,0.12682775577110703,0.4321762986180105,0.44099594561088235
0.88,0.12682775577110703,0.4321762986180105,0.44099594561088235
0.9,0.12682775577110703,0.4321762986180105,0.44099594561088235
0.92,0.12682775577110703,0.4321762986180105,0.44099594561088235
0.9400000000000001,0.12682775577110703,0.4321762986180105,0.44099594561088235
0.96,0.12682775577110703,0.4321762986180105,0.44099594561088235
0.98,0.12682775577110703,0.4321762986180105,0.44099594561088235
1.0,0.12682775577110703,0.4321762986180105,0.44099594561088235
