fraction_of_volc,OH,H2O2,TMI
0.0,0.5677375760903187,0.4268817662616923,0.005380657647988962
0.02,0.5677375760903187,0.4268817662616923,0.005380657647988962
0.04,0.5677375760903187,0.4268817662616923,0.005380657647988962
0.06,0.5677375760903187,0.4268817662616923,0.005380657647988962
0.08,0.5677375760903187,0.4268817662616923,0.005380657647988962
0.1,0.5677375760903187,0.4268817662616923,0.005380657647988962
0.12,0.5677375760903187,0.4268817662616923,0.005380657647988962
0.14,0.5677375760903187,0.4268817662616923,0.005380657647988962
0.16,0.5677375760903187,0.4268817662616923,0.005380657647988962
0.18,0.5677375760903187,0.4268817662616923,0.005380657647988962
0.2,0.5677375760903187,0.4268817662616923,0.005380657647988962
0.22,0.5677375760903187,0.4268817662616923,0.005380657647988962
0.24,0.5677375760903187,0.4268817662616923,0.005380657647988962
0.26,0.5677375760903187,0.4268817662616923,0.005380657647988962
0.28,0.5677375760903187,0.4268817662616923,0.005380657647988962
0.3,0.5677375760903187,0.4268817662616923,0.005380657647988962
0.32,0.5677375760903187,0.4268817662616923,0.005380657647988962
0.34,0.5677375760903187,0.4268817662616923,0.005380657647988962
0.36,0.5677375760903187,0.4268817662616923,0.005380657647988962
0.38,0.5677375760903187,0.4268817662616923,0.005380657647988962
0.4,0.5677375760903187,0.4268817662616923,0.005380657647988962
0.42,0.5677375760903187,0.4268817662616923,0.005380657647988962
0.44,0.5677375760903187,0.4268817662616923,0.005380657647988962
0.46,0.5677375760903187,0.4268817662616923,0.005380657647988962
0.48,0.5677375760903187,0.4268817662616923,0.005380657647988962
0.5,0.5645261769342063,0.42099096542601117,0.014482857639782569
0.52,0.5613147777780937,0.41510016459033006,0.023585057631576176
0.54,0.5581033786219812,0.4092093637546489,0.032687257623369784
0.56,0.5548919794658688,0.4033185629189678,0.041789457615163395
0.58,0.5516805803097563,0.3974277620832867,0.050891657606957005
0.6,0.5484691811536437,0.39153696124760556,0.0599938575987506
0.62,0.5452577819975313,0.38564616041192445,0.06909605759054421
0.64,0.5420463828414188,0.37975535957624335,0.07819825758233782
0.66,0.5388349836853064,0.37386455874056224,0.08730045757413143
0.68,0.5356235845291938,0.36797375790488107,0.09640265756592505
0.7000000000000001,0.5324121853730813,0.36208295706919996,0.10550485755771864
0.72,0.5292007862169689,0.35619215623351885,0.11460705754951225
0.74,0.5259893870608564,0.35030135539783774,0.12370925754130586
0.76,0.5227779879047438,0.34441055456215663,0.13281145753309945
0.78,0.5195665887486314,0.3385197537264755,0.14191365752489307
0.8,0.5163551895925189,0.3326289528907944,0.15101585751668667
0.8200000000000001,0.5131437904364065,0.32673815205511325,0.16011805750848027
0.84,0.5099323912802939,0.32084735121943214,0.1692202575002739
0.86,0.5067209921241814,0.31495655038375103,0.1783224574920675
0.88,0.5067209921241814,0.31495655038375103,0.1783224574920675
0.9,0.5067209921241814,0.31495655038375103,0.1783224574920675
0.92,0.5067209921241814,0.31495655038375103,0.1783224574920675
0.9400000000000001,0.5067209921241814,0.31495655038375103,0.1783224574920675
0.96,0.5067209921241814,0.31495655038375103,0.1783224574920675
0.98,0.5067209921241814,0.31495655038375103,0.1783224574920675
1.0,0.5067209921241814,0.31495655038375103,0.1783224574920675
