fraction_of_volc,OH,H2O2,TMI
0.0,0.3076838033419284,0.3745956219470934,0.31772057471097825
0.02,0.3076838033419284,0.3745956219470934,0.31772057471097825
0.04,0.3076838033419284,0.3745956219470934,0.31772057471097825
0.06,0.3076838033419284,0.3745956219470934,0.31772057471097825
0.08,0.3076838033419284,0.3745956219470934,0.31772057471097825
0.1,0.3076838033419284,0.3745956219470934,0.31772057471097825
0.12,0.3076838033419284,0.3745956219470934,0.31772057471097825
0.14,0.3076838033419284,0.3745956219470934,0.31772057471097825
0.16,0.3076838033419284,0.3745956219470934,0.31772057471097825
0.18,0.3076838033419284,0.3745956219470934,0.31772057471097825
0.2,0.3076838033419284,0.3745956219470934,0.31772057471097825
0.22,0.3076838033419284,0.3745956219470934,0.31772057471097825
0.24,0.3076838033419284,0.3745956219470934,0.31772057471097825
0.26,0.3076838033419284,0.3745956219470934,0.31772057471097825
0.28,0.3076838033419284,0.3745956219470934,0.31772057471097825
0.3,0.3076838033419284,0.3745956219470934,0.31772057471097825
0.32,0.3076838033419284,0.3745956219470934,0.31772057471097825
0.34,0.3076838033419284,0.3745956219470934,0.31772057471097825
0.36,0.3076838033419284,0.3745956219470934,0.31772057471097825
0.38,0.3076838033419284,0.3745956219470934,0.31772057471097825
0.4,0.3076838033419284,0.3745956219470934,0.31772057471097825
0.42,0.3076838033419284,0.3745956219470934,0.31772057471097825
0.44,0.3076838033419284,0.3745956219470934,0.31772057471097825
0.46,0.3076838033419284,0.3745956219470934,0.31772057471097825
0.48,0.3076838033419284,0.3745956219470934,0.31772057471097825
0.5,0.3076838033419284,0.3745956219470934,0.31772057471097825
0.52,0.28974611939791506,0.4222870662404164,0.2879668143616686
0.54,0.27180843545390176,0.46997851053373935,0.2582130540123589
0.56,0.2538707515098884,0.5176699548270624,0.22845929366304923
0.58,0.23593306756587507,0.5653613991203853,0.19870553331373958
0.6,0.21799538362186174,0.6130528434137084,0.1689517729644299
0.62,0.20005769967784842,0.6607442877070313,0.13919801261512021
0.64,0.18212001573383507,0.7084357320003543,0.10944425226581056
0.66,0.16418233178982175,0.7561271762936772,0.07969049191650088
0.68,0.14624464784580843,0.8038186205870003,0.04993673156719118
0.7000000000000001,0.14624464784580843,0.8038186205870003,0.04993673156719118
0.72,0.14624464784580843,0.8038186205870003,0.04993673156719118
0.74,0.14624464784580843,0.8038186205870003,0.04993673156719118
0.76,0.14624464784580843,0.8038186205870003,0.04993673156719118
0.78,0.14624464784580843,0.8038186205870003,0.04993673156719118
0.8,0.14624464784580843,0.8038186205870003,0.04993673156719118
0.8200000000000001,0.14624464784580843,0.8038186205870003,0.04993673156719118
0.84,0.14624464784580843,0.8038186205870003,0.04993673156719118
0.86,0.14624464784580843,0.8038186205870003,0.04993673156719118
0.88,0.14624464784580843,0.8038186205870003,0.04993673156719118
0.9,0.14624464784580843,0.8038186205870003,0.04993673156719118
0.92,0.14624464784580843,0.8038186205870003,0.04993673156719118
0.9400000000000001,0.14624464784580843,0.8038186205870003,0.04993673156719118
0.96,0.14624464784580843,0.8038186205870003,0.04993673156719118
0.98,0.14624464784580843,0.8038186205870003,0.04993673156719118
1.0,0.14624464784580843,0.8038186205870003,0.04993673156719118
