fraction_of_volc,OH,H2O2,TMI
0.0,0.3314978659412986,0.035365584389030064,0.6331365496696714
0.02,0.3314978659412986,0.035365584389030064,0.6331365496696714
0.04,0.3314978659412986,0.035365584389030064,0.6331365496696714
0.06,0.3314978659412986,0.035365584389030064,0.6331365496696714
0.08,0.3314978659412986,0.035365584389030064,0.6331365496696714
0.1,0.3314978659412986,0.035365584389030064,0.6331365496696714
0.12,0.3314978659412986,0.035365584389030064,0.6331365496696714
0.14,0.3314978659412986,0.035365584389030064,0.6331365496696714
0.16,0.3314978659412986,0.035365584389030064,0.6331365496696714
0.18,0.3314978659412986,0.035365584389030064,0.6331365496696714
0.2,0.3314978659412986,0.035365584389030064,0.6331365496696714
0.22,0.3314978659412986,0.035365584389030064,0.6331365496696714
0.24,0.3314978659412986,0.035365584389030064,0.6331365496696714
0.26,0.3314978659412986,0.035365584389030064,0.6331365496696714
0.28,0.3314978659412986,0.035365584389030064,0.6331365496696714
0.3,0.3314978659412986,0.035365584389030064,0.6331365496696714
0.32,0.3314978659412986,0.035365584389030064,0.6331365496696714
0.34,0.3314978659412986,0.035365584389030064,0.6331365496696714
0.36,0.3314978659412986,0.035365584389030064,0.6331365496696714
0.38,0.3314978659412986,0.035365584389030064,0.6331365496696714
0.4,0.3314978659412986,0.035365584389030064,0.6331365496696714
0.42,0.3314978659412986,0.035365584389030064,0.6331365496696714
0.44,0.3314978659412986,0.035365584389030064,0.6331365496696714
0.46,0.3314978659412986,0.035365584389030064,0.6331365496696714
0.48,0.3314978659412986,0.035365584389030064,0.6331365496696714
0.5,0.3314978659412986,0.035365584389030064,0.6331365496696714
0.52,0.3314978659412986,0.035365584389030064,0.6331365496696714
0.54,0.3314978659412986,0.035365584389030064,0.6331365496696714
0.56,0.3314978659412986,0.035365584389030064,0.6331365496696714
0.58,0.3314978659412986,0.035365584389030064,0.6331365496696714
0.6,0.3314978659412986,0.035365584389030064,0.6331365496696714
0.62,0.3314978659412986,0.035365584389030064,0.6331365496696714
0.64,0.3314978659412986,0.035365584389030064,0.6331365496696714
0.66,0.3314978659412986,0.035365584389030064,0.6331365496696714
0.68,0.3314978659412986,0.035365584389030064,0.6331365496696714
0.7000000000000001,0.3314978659412986,0.035365584389030064,0.6331365496696714
0.72,0.3314978659412986,0.035365584389030064,0.6331365496696714
0.74,0.3314978659412986,0.035365584389030064,0.6331365496696714
0.76,0.34764769213610575,0.0838762936239376,0.5684760142399566
0.78,0.3637975183309129,0.13238700285884514,0.503815478810242
0.8,0.37994734452572004,0.1808977120937527,0.4391549433805273
0.8200000000000001,0.3960971707205272,0.2294084213286602,0.37449440795081257
0.84,0.41224699691533434,0.27791913056356776,0.30983387252109784
0.86,0.4283968231101415,0.3264298397984753,0.24517333709138317
0.88,0.44454664930494864,0.3749405490333828,0.1805128016616685
0.9,0.4606964754997558,0.42345125826829033,0.11585226623195377
0.92,0.47684630169456294,0.4719619675031979,0.05119173080223902
0.9400000000000001,0.47684630169456294,0.4719619675031979,0.05119173080223902
0.96,0.47684630169456294,0.4719619675031979,0.05119173080223902
0.98,0.47684630169456294,0.4719619675031979,0.05119173080223902
1.0,0.47684630169456294,0.4719619675031979,0.05119173080223902
