fraction_of_volc,OH,H2O2,TMI
0.0,0.08939074436178024,0.7718815039022753,0.13872775173594445
0.02,0.08939074436178024,0.7718815039022753,0.13872775173594445
0.04,0.08939074436178024,0.7718815039022753,0.13872775173594445
0.06,0.08939074436178024,0.7718815039022753,0.13872775173594445
0.08,0.08939074436178024,0.7718815039022753,0.13872775173594445
0.1,0.08939074436178024,0.7718815039022753,0.13872775173594445
0.12,0.08939074436178024,0.7718815039022753,0.13872775173594445
0.14,0.08939074436178024,0.7718815039022753,0.13872775173594445
0.16,0.08939074436178024,0.7718815039022753,0.13872775173594445
0.18,0.08939074436178024,0.7718815039022753,0.13872775173594445
0.2,0.08939074436178024,0.7718815039022753,0.13872775173594445
0.22,0.08939074436178024,0.7718815039022753,0.13872775173594445
0.24,0.08939074436178024,0.7718815039022753,0.13872775173594445
0.26,0.08939074436178024,0.7718815039022753,0.13872775173594445
0.28,0.08939074436178024,0.7718815039022753,0.13872775173594445
0.3,0.08939074436178024,0.7718815039022753,0.13872775173594445
0.32,0.08939074436178024,0.7718815039022753,0.13872775173594445
0.34,0.08939074436178024,0.7718815039022753,0.13872775173594445
0.36,0.08939074436178024,0.7718815039022753,0.13872775173594445
0.38,0.13584202548285784,0.6836717047431832,0.18048626977395898
0.4,0.18229330660393547,0.5954619055840911,0.2222447878119735
0.42,0.2287445877250131,0.5072521064249988,0.264003305849988
0.44,0.2751958688460907,0.4190423072659068,0.30576182388800255
0.46,0.3216471499671683,0.3308325081068147,0.347520341926017
0.48,0.36809843108824597,0.24262270894772253,0.38927885996403155
0.5,0.4145497122093236,0.15441290978863043,0.4310373780020461
0.52,0.4610009933304012,0.06620311062953832,0.47279589604006056
0.54,0.4610009933304012,0.06620311062953832,0.47279589604006056
0.56,0.4610009933304012,0.06620311062953832,0.47279589604006056
0.58,0.4610009933304012,0.06620311062953832,0.47279589604006056
0.6,0.4610009933304012,0.06620311062953832,0.47279589604006056
0.62,0.4610009933304012,0.06620311062953832,0.47279589604006056
0.64,0.4610009933304012,0.06620311062953832,0.47279589604006056
0.66,0.4610009933304012,0.06620311062953832,0.47279589604006056
0.68,0.4610009933304012,0.06620311062953832,0.47279589604006056
0.7000000000000001,0.4610009933304012,0.06620311062953832,0.47279589604006056
0.72,0.4610009933304012,0.06620311062953832,0.47279589604006056
0.74,0.4610009933304012,0.06620311062953832,0.47279589604006056
0.76,0.4610009933304012,0.06620311062953832,0.47279589604006056
0.78,0.4610009933304012,0.06620311062953832,0.47279589604006056
0.8,0.4610009933304012,0.06620311062953832,0.47279589604006056
0.8200000000000001,0.4610009933304012,0.06620311062953832,0.47279589604006056
0.84,0.4610009933304012,0.06620311062953832,0.47279589604006056
0.86,0.4610009933304012,0.06620311062953832,0.47279589604006056
0.88,0.4610009933304012,0.06620311062953832,0.47279589604006056
0.9,0.4610009933304012,0.06620311062953832,0.47279589604006056
0.92,0.4610009933304012,0.06620311062953832,0.47279589604006056
0.9400000000000001,0.4610009933304012,0.06620311062953832,0.47279589604006056
0.96,0.4610009933304012,0.06620311062953832,0.47279589604006056
0.98,0.4610009933304012,0.06620311062953832,0.47279589604006056
1.0,0.4610009933304012,0.06620311062953832,0.47279589604006056
