fraction_of_volc,OH,H2O2,TMI
0.0,0.2100278900905167,0.2911680392968989,0.4988040706125845
0.02,0.2100278900905167,0.2911680392968989,0.4988040706125845
0.04,0.2100278900905167,0.2911680392968989,0.4988040706125845
0.06,0.2100278900905167,0.2911680392968989,0.4988040706125845
0.08,0.2100278900905167,0.2911680392968989,0.4988040706125845
0.1,0.2100278900905167,0.2911680392968989,0.4988040706125845
0.12,0.2100278900905167,0.2911680392968989,0.4988040706125845
0.14,0.21457124207412834,0.2941920572353817,0.4912367006904901
0.16,0.21911459405773995,0.2972160751738645,0.48366933076839563
0.18,0.22365794604135159,0.30024009311234734,0.4761019608463012
0.2,0.22820129802496322,0.3032641110508302,0.4685345909242067
0.22,0.23274465000857486,0.30628812898931296,0.46096722100211224
0.24,0.23728800199218647,0.3093121469277958,0.4533998510800178
0.26,0.2418313539757981,0.31233616486627863,0.44583248115792334
0.28,0.24637470595940975,0.3153601828047614,0.4382651112358289
0.3,0.25091805794302136,0.31838420074324425,0.43069774131373445
0.32,0.255461409926633,0.3214082186817271,0.42313037139164
0.34,0.26000476191024463,0.32443223662020987,0.4155630014695455
0.36,0.26454811389385624,0.3274562545586927,0.4079956315474511
0.38,0.2690914658774679,0.3304802724971755,0.4004282616253566
0.4,0.2736348178610795,0.3335042904356583,0.39286089170326216
0.42,0.2781781698446911,0.33652830837414116,0.3852935217811677
0.44,0.2827215218283028,0.33955232631262394,0.37772615185907327
0.46,0.2872648738119144,0.3425763442511068,0.3701587819369788
0.48,0.291808225795526,0.3456003621895896,0.3625914120148844
0.5,0.2963515777791377,0.3486243801280724,0.3550240420927899
0.52,0.3008949297627493,0.35164839806655523,0.3474566721706954
0.54,0.3054382817463609,0.35467241600503807,0.33988930224860103
0.56,0.30998163372997256,0.35769643394352085,0.33232193232650653
0.58,0.31452498571358417,0.3607204518820037,0.3247545624044121
0.6,0.31452498571358417,0.3607204518820037,0.3247545624044121
0.62,0.31452498571358417,0.3607204518820037,0.3247545624044121
0.64,0.31452498571358417,0.3607204518820037,0.3247545624044121
0.66,0.31452498571358417,0.3607204518820037,0.3247545624044121
0.68,0.31452498571358417,0.3607204518820037,0.3247545624044121
0.7000000000000001,0.31452498571358417,0.3607204518820037,0.3247545624044121
0.72,0.31452498571358417,0.3607204518820037,0.3247545624044121
0.74,0.31452498571358417,0.3607204518820037,0.3247545624044121
0.76,0.31452498571358417,0.3607204518820037,0.3247545624044121
0.78,0.31452498571358417,0.3607204518820037,0.3247545624044121
0.8,0.31452498571358417,0.3607204518820037,0.3247545624044121
0.8200000000000001,0.31452498571358417,0.3607204518820037,0.3247545624044121
0.84,0.31452498571358417,0.3607204518820037,0.3247545624044121
0.86,0.31452498571358417,0.3607204518820037,0.3247545624044121
0.88,0.31452498571358417,0.3607204518820037,0.3247545624044121
0.9,0.31452498571358417,0.3607204518820037,0.3247545624044121
0.92,0.31452498571358417,0.3607204518820037,0.3247545624044121
0.9400000000000001,0.31452498571358417,0.3607204518820037,0.3247545624044121
0.96,0.31452498571358417,0.3607204518820037,0.3247545624044121
0.98,0.31452498571358417,0.3607204518820037,0.3247545624044121
1.0,0.31452498571358417,0.3607204518820037,0.3247545624044121
