fraction_of_volc,OH,H2O2,TMI
0.0,0.5562161881804254,0.21794775259945082,0.22583605922012384
0.02,0.5562161881804254,0.21794775259945082,0.22583605922012384
0.04,0.5562161881804254,0.21794775259945082,0.22583605922012384
0.06,0.5562161881804254,0.21794775259945082,0.22583605922012384
0.08,0.5562161881804254,0.21794775259945082,0.22583605922012384
0.1,0.5562161881804254,0.21794775259945082,0.22583605922012384
0.12,0.5562161881804254,0.21794775259945082,0.22583605922012384
0.14,0.5562161881804254,0.21794775259945082,0.22583605922012384
0.16,0.5562161881804254,0.21794775259945082,0.22583605922012384
0.18,0.5562161881804254,0.21794775259945082,0.22583605922012384
0.2,0.5562161881804254,0.21794775259945082,0.22583605922012384
0.22,0.5562161881804254,0.21794775259945082,0.22583605922012384
0.24,0.5562161881804254,0.21794775259945082,0.22583605922012384
0.26,0.5562161881804254,0.21794775259945082,0.22583605922012384
0.28,0.5562161881804254,0.21794775259945082,0.22583605922012384
0.3,0.5562161881804254,0.21794775259945082,0.22583605922012384
0.32,0.5542933625160135,0.20770556264864823,0.2380010748353384
0.34,0.5523705368516014,0.19746337269784567,0.25016609045055294
0.36,0.5504477111871895,0.18722118274704308,0.26233110606576754
0.38,0.5485248855227775,0.17697899279624052,0.2744961216809821
0.4,0.5466020598583655,0.16673680284543793,0.28666113729619663
0.42,0.5446792341939535,0.15649461289463534,0.2988261529114112
0.44,0.5427564085295415,0.14625242294383278,0.3109911685266258
0.46,0.5408335828651296,0.13601023299303022,0.32315618414184033
0.48,0.5389107572007176,0.12576804304222763,0.3353211997570549
0.5,0.5369879315363056,0.11552585309142506,0.3474862153722694
0.52,0.5350651058718936,0.10528366314062249,0.35965123098748397
0.54,0.5331422802074817,0.0950414731898199,0.3718162466026985
0.56,0.5312194545430696,0.08479928323901734,0.3839812622179131
0.58,0.5292966288786577,0.07455709328821475,0.39614627783312767
0.6,0.5292966288786577,0.07455709328821475,0.39614627783312767
0.62,0.5292966288786577,0.07455709328821475,0.39614627783312767
0.64,0.5292966288786577,0.07455709328821475,0.39614627783312767
0.66,0.5292966288786577,0.07455709328821475,0.39614627783312767
0.68,0.5292966288786577,0.07455709328821475,0.39614627783312767
0.7000000000000001,0.5292966288786577,0.07455709328821475,0.39614627783312767
0.72,0.5292966288786577,0.07455709328821475,0.39614627783312767
0.74,0.5292966288786577,0.07455709328821475,0.39614627783312767
0.76,0.5292966288786577,0.07455709328821475,0.39614627783312767
0.78,0.5292966288786577,0.07455709328821475,0.39614627783312767
0.8,0.5292966288786577,0.07455709328821475,0.39614627783312767
0.8200000000000001,0.5292966288786577,0.07455709328821475,0.39614627783312767
0.84,0.5292966288786577,0.07455709328821475,0.39614627783312767
0.86,0.5292966288786577,0.07455709328821475,0.39614627783312767
0.88,0.5292966288786577,0.07455709328821475,0.39614627783312767
0.9,0.5292966288786577,0.07455709328821475,0.39614627783312767
0.92,0.5292966288786577,0.07455709328821475,0.39614627783312767
0.9400000000000001,0.5292966288786577,0.07455709328821475,0.39614627783312767
0.96,0.5292966288786577,0.07455709328821475,0.39614627783312767
0.98,0.5292966288786577,0.07455709328821475,0.39614627783312767
1.0,0.5292966288786577,0.07455709328821475,0.39614627783312767
