fraction_of_volc,OH,H2O2,TMI
0.0,0.40580607337242935,0.4183171454982204,0.17587678112935015
0.02,0.40580607337242935,0.4183171454982204,0.17587678112935015
0.04,0.40580607337242935,0.4183171454982204,0.17587678112935015
0.06,0.40580607337242935,0.4183171454982204,0.17587678112935015
0.08,0.40580607337242935,0.4183171454982204,0.17587678112935015
0.1,0.40580607337242935,0.4183171454982204,0.17587678112935015
0.12,0.40580607337242935,0.4183171454982204,0.17587678112935015
0.14,0.40580607337242935,0.4183171454982204,0.17587678112935015
0.16,0.40580607337242935,0.4183171454982204,0.17587678112935015
0.18,0.40580607337242935,0.4183171454982204,0.17587678112935015
0.2,0.40580607337242935,0.4183171454982204,0.17587678112935015
0.22,0.40580607337242935,0.4183171454982204,0.17587678112935015
0.24,0.40580607337242935,0.4183171454982204,0.17587678112935015
0.26,0.40580607337242935,0.4183171454982204,0.17587678112935015
0.28,0.40580607337242935,0.4183171454982204,0.17587678112935015
0.3,0.40580607337242935,0.4183171454982204,0.17587678112935015
0.32,0.40580607337242935,0.4183171454982204,0.17587678112935015
0.34,0.40580607337242935,0.4183171454982204,0.17587678112935015
0.36,0.40580607337242935,0.4183171454982204,0.17587678112935015
0.38,0.40580607337242935,0.4183171454982204,0.17587678112935015
0.4,0.40580607337242935,0.4183171454982204,0.17587678112935015
0.42,0.40580607337242935,0.4183171454982204,0.17587678112935015
0.44,0.40580607337242935,0.4183171454982204,0.17587678112935015
0.46,0.40580607337242935,0.4183171454982204,0.17587678112935015
0.48,0.40580607337242935,0.4183171454982204,0.17587678112935015
0.5,0.40580607337242935,0.4183171454982204,0.17587678112935015
0.52,0.40580607337242935,0.4183171454982204,0.17587678112935015
0.54,0.40580607337242935,0.4183171454982204,0.17587678112935015
0.56,0.40580607337242935,0.4183171454982204,0.17587678112935015
0.58,0.40580607337242935,0.4183171454982204,0.17587678112935015
0.6,0.39288867313032405,0.4098613030990539,0.197250023770622
0.62,0.3799712728882187,0.40140546069988736,0.2186232664118939
0.64,0.3670538726461134,0.39294961830072084,0.23999650905316575
0.66,0.35413647240400803,0.3844937759015543,0.2613697516944376
0.68,0.3412190721619027,0.3760379335023878,0.2827429943357095
0.7000000000000001,0.32830167191979737,0.36758209110322126,0.3041162369769813
0.72,0.31538427167769206,0.35912624870405474,0.32548947961825325
0.74,0.3024668714355867,0.3506704063048882,0.3468627222595251
0.76,0.2895494711934814,0.3422145639057217,0.3682359649007969
0.78,0.2766320709513761,0.33375872150655517,0.38960920754206885
0.8,0.26371467070927074,0.32530287910738864,0.4109824501833407
0.8200000000000001,0.2507972704671654,0.3168470367082221,0.4323556928246125
0.84,0.23787987022506007,0.3083911943090556,0.45372893546588444
0.86,0.22496246998295474,0.29993535190988907,0.47510217810715627
0.88,0.2120450697408494,0.29147950951072255,0.4964754207484281
0.9,0.19912766949874408,0.283023667111556,0.5178486633897
0.92,0.18621026925663875,0.2745678247123895,0.5392219060309719
0.9400000000000001,0.17329286901453342,0.266111982313223,0.5605951486722437
0.96,0.17329286901453342,0.266111982313223,0.5605951486722437
0.98,0.17329286901453342,0.266111982313223,0.5605951486722437
1.0,0.17329286901453342,0.266111982313223,0.5605951486722437
