fraction_of_volc,OH,H2O2,TMI
0.0,0.022808865238219633,0.2589402098313744,0.7182509249304061
0.02,0.022808865238219633,0.2589402098313744,0.7182509249304061
0.04,0.022808865238219633,0.2589402098313744,0.7182509249304061
0.06,0.022808865238219633,0.2589402098313744,0.7182509249304061
0.08,0.022808865238219633,0.2589402098313744,0.7182509249304061
0.1,0.022808865238219633,0.2589402098313744,0.7182509249304061
0.12,0.022808865238219633,0.2589402098313744,0.7182509249304061
0.14,0.022808865238219633,0.2589402098313744,0.7182509249304061
0.16,0.022808865238219633,0.2589402098313744,0.7182509249304061
0.18,0.022808865238219633,0.2589402098313744,0.7182509249304061
0.2,0.022808865238219633,0.2589402098313744,0.7182509249304061
0.22,0.022808865238219633,0.2589402098313744,0.7182509249304061
0.24,0.022808865238219633,0.2589402098313744,0.7182509249304061
0.26,0.022808865238219633,0.2589402098313744,0.7182509249304061
0.28,0.02375626570871088,0.2612231826853505,0.7150205516059387
0.3,0.024703666179202124,0.2635061555393266,0.7117901782814714
0.32,0.025651066649693372,0.2657891283933027,0.708559804957004
0.34,0.026598467120184616,0.2680721012472788,0.7053294316325367
0.36,0.027545867590675864,0.2703550741012549,0.7020990583080693
0.38,0.028493268061167108,0.27263804695523103,0.6988686849836019
0.4,0.029440668531658356,0.27492101980920713,0.6956383116591346
0.42,0.0303880690021496,0.2772039926631833,0.6924079383346672
0.44,0.03133546947264085,0.2794869655171594,0.6891775650101999
0.46,0.03228286994313209,0.2817699383711355,0.6859471916857325
0.48,0.033230270413623336,0.2840529112251116,0.6827168183612651
0.5,0.03417767088411459,0.2863358840790877,0.6794864450367978
0.52,0.03512507135460583,0.2886188569330638,0.6762560717123304
0.54,0.036072471825097076,0.29090182978703993,0.6730256983878631
0.56,0.03701987229558833,0.29318480264101604,0.6697953250633957
0.58,0.03796727276607957,0.29546777549499215,0.6665649517389283
0.6,0.038914673236570815,0.29775074834896825,0.663334578414461
0.62,0.03986207370706206,0.30003372120294436,0.6601042050899936
0.64,0.040809474177553304,0.30231669405692047,0.6568738317655263
0.66,0.041756874648044555,0.30459966691089657,0.6536434584410589
0.68,0.0427042751185358,0.30688263976487273,0.6504130851165915
0.7000000000000001,0.04365167558902705,0.3091656126188488,0.6471827117921242
0.72,0.044599076059518294,0.31144858547282495,0.6439523384676568
0.74,0.04554647653000954,0.31373155832680105,0.6407219651431895
0.76,0.04649387700050078,0.31601453118077716,0.6374915918187221
0.78,0.04744127747099203,0.31829750403475326,0.6342612184942547
0.8,0.04838867794148327,0.32058047688872937,0.6310308451697874
0.8200000000000001,0.04933607841197452,0.3228634497427055,0.62780047184532
0.84,0.04933607841197452,0.3228634497427055,0.62780047184532
0.86,0.04933607841197452,0.3228634497427055,0.62780047184532
0.88,0.04933607841197452,0.3228634497427055,0.62780047184532
0.9,0.04933607841197452,0.3228634497427055,0.62780047184532
0.92,0.04933607841197452,0.3228634497427055,0.62780047184532
0.9400000000000001,0.04933607841197452,0.3228634497427055,0.62780047184532
0.96,0.04933607841197452,0.3228634497427055,0.62780047184532
0.98,0.04933607841197452,0.3228634497427055,0.62780047184532
1.0,0.04933607841197452,0.3228634497427055,0.62780047184532
