fraction_of_volc,OH,H2O2,TMI
0.0,0.32076173454705076,0.24549860941815438,0.433739656034795
0.02,0.32076173454705076,0.24549860941815438,0.433739656034795
0.04,0.32076173454705076,0.24549860941815438,0.433739656034795
0.06,0.32076173454705076,0.24549860941815438,0.433739656034795
0.08,0.32076173454705076,0.24549860941815438,0.433739656034795
0.1,0.32076173454705076,0.24549860941815438,0.433739656034795
0.12,0.32076173454705076,0.24549860941815438,0.433739656034795
0.14,0.32076173454705076,0.24549860941815438,0.433739656034795
0.16,0.32076173454705076,0.24549860941815438,0.433739656034795
0.18,0.32076173454705076,0.24549860941815438,0.433739656034795
0.2,0.32076173454705076,0.24549860941815438,0.433739656034795
0.22,0.32076173454705076,0.24549860941815438,0.433739656034795
0.24,0.32076173454705076,0.24549860941815438,0.433739656034795
0.26,0.32076173454705076,0.24549860941815438,0.433739656034795
0.28,0.32076173454705076,0.24549860941815438,0.433739656034795
0.3,0.32076173454705076,0.24549860941815438,0.433739656034795
0.32,0.32076173454705076,0.24549860941815438,0.433739656034795
0.34,0.32076173454705076,0.24549860941815438,0.433739656034795
0.36,0.32076173454705076,0.24549860941815438,0.433739656034795
0.38,0.32076173454705076,0.24549860941815438,0.433739656034795
0.4,0.32076173454705076,0.24549860941815438,0.433739656034795
0.42,0.32076173454705076,0.24549860941815438,0.433739656034795
0.44,0.32076173454705076,0.24549860941815438,0.433739656034795
0.46,0.32076173454705076,0.24549860941815438,0.433739656034795
0.48,0.32076173454705076,0.24549860941815438,0.433739656034795
0.5,0.32076173454705076,0.24549860941815438,0.433739656034795
0.52,0.32076173454705076,0.24549860941815438,0.433739656034795
0.54,0.32076173454705076,0.24549860941815438,0.433739656034795
0.56,0.32076173454705076,0.24549860941815438,0.433739656034795
0.58,0.32076173454705076,0.24549860941815438,0.433739656034795
0.6,0.32076173454705076,0.24549860941815438,0.433739656034795
0.62,0.3549493823201226,0.22895666685866803,0.4160939508212095
0.64,0.3891370300931944,0.2124147242991817,0.398448245607624
0.66,0.42332467786626615,0.19587278173969536,0.3808025403940385
0.68,0.45751232563933797,0.17933083918020903,0.363156835180453
0.7000000000000001,0.4916999734124098,0.16278889662072268,0.3455111299668675
0.72,0.5258876211854816,0.14624695406123633,0.32786542475328206
0.74,0.5600752689585534,0.12970501150175,0.3102197195396965
0.76,0.5942629167316252,0.11316306894226366,0.2925740143261111
0.78,0.628450564504697,0.09662112638277731,0.2749283091125255
0.8,0.6626382122777689,0.08007918382329099,0.2572826038989401
0.8200000000000001,0.6968258600508407,0.06353724126380464,0.23963689868535457
0.84,0.7310135078239124,0.04699529870431829,0.2219911934717691
0.86,0.7652011555969843,0.03045335614483197,0.20434548825818358
0.88,0.7652011555969843,0.03045335614483197,0.20434548825818358
0.9,0.7652011555969843,0.03045335614483197,0.20434548825818358
0.92,0.7652011555969843,0.03045335614483197,0.20434548825818358
0.9400000000000001,0.7652011555969843,0.03045335614483197,0.20434548825818358
0.96,0.7652011555969843,0.03045335614483197,0.20434548825818358
0.98,0.7652011555969843,0.03045335614483197,0.20434548825818358
1.0,0.7652011555969843,0.03045335614483197,0.20434548825818358
