fraction_of_volc,OH,H2O2,TMI
0.0,0.16224364565430383,0.06674220885528744,0.7710141454904088
0.02,0.16224364565430383,0.06674220885528744,0.7710141454904088
0.04,0.16224364565430383,0.06674220885528744,0.7710141454904088
0.06,0.16224364565430383,0.06674220885528744,0.7710141454904088
0.08,0.16224364565430383,0.06674220885528744,0.7710141454904088
0.1,0.16224364565430383,0.06674220885528744,0.7710141454904088
0.12,0.16224364565430383,0.06674220885528744,0.7710141454904088
0.14,0.16224364565430383,0.06674220885528744,0.7710141454904088
0.16,0.16224364565430383,0.06674220885528744,0.7710141454904088
0.18,0.16224364565430383,0.06674220885528744,0.7710141454904088
0.2,0.16224364565430383,0.06674220885528744,0.7710141454904088
0.22,0.16224364565430383,0.06674220885528744,0.7710141454904088
0.24,0.16224364565430383,0.06674220885528744,0.7710141454904088
0.26,0.16224364565430383,0.06674220885528744,0.7710141454904088
0.28,0.16224364565430383,0.06674220885528744,0.7710141454904088
0.3,0.16858250677533085,0.08175196839361674,0.7496655248310524
0.32,0.17492136789635784,0.09676172793194607,0.7283169041716961
0.34,0.18126022901738487,0.11177148747027538,0.7069682835123398
0.36,0.1875990901384119,0.12678124700860469,0.6856196628529835
0.38,0.1939379512594389,0.141791006546934,0.6642710421936271
0.4,0.2002768123804659,0.15680076608526333,0.6429224215342708
0.42,0.20661567350149293,0.17181052562359264,0.6215738008749144
0.44,0.21295453462251995,0.18682028516192195,0.6002251802155582
0.46,0.21929339574354695,0.2018300447002513,0.5788765595562018
0.48,0.22563225686457397,0.21683980423858057,0.5575279388968455
0.5,0.231971117985601,0.2318495637769099,0.5361793182374891
0.52,0.238309979106628,0.2468593233152392,0.5148306975781327
0.54,0.24464884022765504,0.2618690828535685,0.49348207691877644
0.56,0.25098770134868204,0.27687884239189786,0.4721334562594201
0.58,0.2573265624697091,0.29188860193022714,0.45078483560006377
0.6,0.2636654235907361,0.3068983614685565,0.42943621494070744
0.62,0.2700042847117631,0.32190812100688576,0.4080875942813511
0.64,0.27634314583279007,0.3369178805452151,0.3867389736219948
0.66,0.2826820069538171,0.3519276400835444,0.36539035296263844
0.68,0.2890208680748441,0.3669373996218737,0.3440417323032821
0.7000000000000001,0.29535972919587117,0.381947159160203,0.3226931116439258
0.72,0.30169859031689816,0.39695691869853234,0.30134449098456945
0.74,0.30169859031689816,0.39695691869853234,0.30134449098456945
0.76,0.30169859031689816,0.39695691869853234,0.30134449098456945
0.78,0.30169859031689816,0.39695691869853234,0.30134449098456945
0.8,0.30169859031689816,0.39695691869853234,0.30134449098456945
0.8200000000000001,0.30169859031689816,0.39695691869853234,0.30134449098456945
0.84,0.30169859031689816,0.39695691869853234,0.30134449098456945
0.86,0.30169859031689816,0.39695691869853234,0.30134449098456945
0.88,0.30169859031689816,0.39695691869853234,0.30134449098456945
0.9,0.30169859031689816,0.39695691869853234,0.30134449098456945
0.92,0.30169859031689816,0.39695691869853234,0.30134449098456945
0.9400000000000001,0.30169859031689816,0.39695691869853234,0.30134449098456945
0.96,0.30169859031689816,0.39695691869853234,0.30134449098456945
0.98,0.30169859031689816,0.39695691869853234,0.30134449098456945
1.0,0.30169859031689816,0.39695691869853234,0.30134449098456945
