fraction_of_volc,OH,H2O2,TMI
0.0,0.34619890432896366,0.48965674316123703,0.16414435250979934
0.02,0.34619890432896366,0.48965674316123703,0.16414435250979934
0.04,0.34619890432896366,0.48965674316123703,0.16414435250979934
0.06,0.34619890432896366,0.48965674316123703,0.16414435250979934
0.08,0.34619890432896366,0.48965674316123703,0.16414435250979934
0.1,0.34619890432896366,0.48965674316123703,0.16414435250979934
0.12,0.34619890432896366,0.48965674316123703,0.16414435250979934
0.14,0.34619890432896366,0.48965674316123703,0.16414435250979934
0.16,0.34619890432896366,0.48965674316123703,0.16414435250979934
0.18,0.34619890432896366,0.48965674316123703,0.16414435250979934
0.2,0.34619890432896366,0.48965674316123703,0.16414435250979934
0.22,0.34619890432896366,0.48965674316123703,0.16414435250979934
0.24,0.34619890432896366,0.48965674316123703,0.16414435250979934
0.26,0.34619890432896366,0.48965674316123703,0.16414435250979934
0.28,0.34619890432896366,0.48965674316123703,0.16414435250979934
0.3,0.34619890432896366,0.48965674316123703,0.16414435250979934
0.32,0.34619890432896366,0.48965674316123703,0.16414435250979934
0.34,0.34619890432896366,0.48965674316123703,0.16414435250979934
0.36,0.34619890432896366,0.48965674316123703,0.16414435250979934
0.38,0.34619890432896366,0.48965674316123703,0.16414435250979934
0.4,0.34619890432896366,0.48965674316123703,0.16414435250979934
0.42,0.3478988072675945,0.48932435779647016,0.16277683493593542
0.44,0.34959871020622524,0.4889919724317032,0.16140931736207154
0.46,0.35129861314485605,0.48865958706693635,0.16004179978820762
0.48,0.35299851608348687,0.4883272017021695,0.1586742822143437
0.5,0.35469841902211763,0.48799481633740255,0.1573067646404798
0.52,0.35639832196074844,0.4876624309726357,0.15593924706661588
0.54,0.3580982248993792,0.4873300456078688,0.154571729492752
0.56,0.35979812783801,0.48699766024310187,0.15320421191888808
0.58,0.36149803077664083,0.486665274878335,0.15183669434502417
0.6,0.3631979337152716,0.4863328895135681,0.15046917677116028
0.62,0.3648978366539024,0.4860005041488012,0.14910165919729637
0.64,0.36659773959253317,0.4856681187840343,0.14773414162343246
0.66,0.368297642531164,0.48533573341926745,0.14636662404956854
0.68,0.3699975454697948,0.4850033480545005,0.14499910647570463
0.7000000000000001,0.37169744840842556,0.48467096268973364,0.14363158890184075
0.72,0.37339735134705637,0.48433857732496677,0.14226407132797683
0.74,0.3750972542856872,0.48400619196019984,0.14089655375411292
0.76,0.37679715722431795,0.48367380659543296,0.13952903618024903
0.78,0.37849706016294876,0.4833414212306661,0.13816151860638512
0.8,0.3801969631015796,0.48300903586589916,0.1367940010325212
0.8200000000000001,0.38189686604021034,0.4826766505011323,0.1354264834586573
0.84,0.38359676897884115,0.4823442651363654,0.13405896588479338
0.86,0.3852966719174719,0.4820118797715985,0.1326914483109295
0.88,0.3869965748561027,0.4816794944068316,0.13132393073706558
0.9,0.3869965748561027,0.4816794944068316,0.13132393073706558
0.92,0.3869965748561027,0.4816794944068316,0.13132393073706558
0.9400000000000001,0.3869965748561027,0.4816794944068316,0.13132393073706558
0.96,0.3869965748561027,0.4816794944068316,0.13132393073706558
0.98,0.3869965748561027,0.4816794944068316,0.13132393073706558
1.0,0.3869965748561027,0.4816794944068316,0.13132393073706558
