fraction_of_volc,OH,H2O2,TMI
0.0,0.29761957502069697,0.15388349158544862,0.5484969333938544
0.02,0.29761957502069697,0.15388349158544862,0.5484969333938544
0.04,0.29761957502069697,0.15388349158544862,0.5484969333938544
0.06,0.29761957502069697,0.15388349158544862,0.5484969333938544
0.08,0.29761957502069697,0.15388349158544862,0.5484969333938544
0.1,0.29761957502069697,0.15388349158544862,0.5484969333938544
0.12,0.29761957502069697,0.15388349158544862,0.5484969333938544
0.14,0.29761957502069697,0.15388349158544862,0.5484969333938544
0.16,0.29761957502069697,0.15388349158544862,0.5484969333938544
0.18,0.29761957502069697,0.15388349158544862,0.5484969333938544
0.2,0.29761957502069697,0.15388349158544862,0.5484969333938544
0.22,0.29761957502069697,0.15388349158544862,0.5484969333938544
0.24,0.29761957502069697,0.15388349158544862,0.5484969333938544
0.26,0.29761957502069697,0.15388349158544862,0.5484969333938544
0.28,0.29761957502069697,0.15388349158544862,0.5484969333938544
0.3,0.29761957502069697,0.15388349158544862,0.5484969333938544
0.32,0.29761957502069697,0.15388349158544862,0.5484969333938544
0.34,0.29761957502069697,0.15388349158544862,0.5484969333938544
0.36,0.29761957502069697,0.15388349158544862,0.5484969333938544
0.38,0.29761957502069697,0.15388349158544862,0.5484969333938544
0.4,0.29761957502069697,0.15388349158544862,0.5484969333938544
0.42,0.29761957502069697,0.15388349158544862,0.5484969333938544
0.44,0.28277004087988095,0.18747473026926367,0.5297552288508554
0.46,0.2679205067390649,0.22106596895307873,0.5110135243078564
0.48,0.25307097259824884,0.25465720763689376,0.49227181976485734
0.5,0.23822143845743282,0.2882484463207088,0.47353011522185834
0.52,0.2233719043166168,0.32183968500452387,0.45478841067885933
0.54,0.20852237017580078,0.3554309236883389,0.43604670613586033
0.56,0.19367283603498472,0.3890221623721539,0.4173050015928613
0.58,0.17882330189416867,0.422613401055969,0.39856329704986226
0.6,0.16397376775335265,0.45620463973978403,0.3798215925068633
0.62,0.14912423361253663,0.4897958784235991,0.36107988796386425
0.64,0.13427469947172058,0.5233871171074141,0.34233818342086525
0.66,0.11942516533090455,0.5569783557912291,0.32359647887786624
0.68,0.1045756311900885,0.5905695944750442,0.3048547743348672
0.7000000000000001,0.08972609704927248,0.6241608331588593,0.2861130697918682
0.72,0.07487656290845643,0.6577520718426744,0.2673713652488692
0.74,0.060027028767640406,0.6913433105264895,0.24862966070587017
0.76,0.045177494626824355,0.7249345492103045,0.22988795616287117
0.78,0.030327960486008332,0.7585257878941194,0.21114625161987216
0.8,0.01547842634519231,0.7921170265779345,0.1924045470768731
0.8200000000000001,0.01547842634519231,0.7921170265779345,0.1924045470768731
0.84,0.01547842634519231,0.7921170265779345,0.1924045470768731
0.86,0.01547842634519231,0.7921170265779345,0.1924045470768731
0.88,0.01547842634519231,0.7921170265779345,0.1924045470768731
0.9,0.01547842634519231,0.7921170265779345,0.1924045470768731
0.92,0.01547842634519231,0.7921170265779345,0.1924045470768731
0.9400000000000001,0.01547842634519231,0.7921170265779345,0.1924045470768731
0.96,0.01547842634519231,0.7921170265779345,0.1924045470768731
0.98,0.01547842634519231,0.7921170265779345,0.1924045470768731
1.0,0.01547842634519231,0.7921170265779345,0.1924045470768731
