fraction_of_volc,OH,H2O2,TMI
0.0,0.33681640645755423,0.2404147532266791,0.42276884031576667
0.02,0.33681640645755423,0.2404147532266791,0.42276884031576667
0.04,0.33681640645755423,0.2404147532266791,0.42276884031576667
0.06,0.33681640645755423,0.2404147532266791,0.42276884031576667
0.08,0.33681640645755423,0.2404147532266791,0.42276884031576667
0.1,0.33681640645755423,0.2404147532266791,0.42276884031576667
0.12,0.33681640645755423,0.2404147532266791,0.42276884031576667
0.14,0.33681640645755423,0.2404147532266791,0.42276884031576667
0.16,0.33681640645755423,0.2404147532266791,0.42276884031576667
0.18,0.33681640645755423,0.2404147532266791,0.42276884031576667
0.2,0.33681640645755423,0.2404147532266791,0.42276884031576667
0.22,0.33681640645755423,0.2404147532266791,0.42276884031576667
0.24,0.33681640645755423,0.2404147532266791,0.42276884031576667
0.26,0.33681640645755423,0.2404147532266791,0.42276884031576667
0.28,0.33681640645755423,0.2404147532266791,0.42276884031576667
0.3,0.33681640645755423,0.2404147532266791,0.42276884031576667
0.32,0.33681640645755423,0.2404147532266791,0.42276884031576667
0.34,0.33681640645755423,0.2404147532266791,0.42276884031576667
0.36,0.33681640645755423,0.2404147532266791,0.42276884031576667
0.38,0.33681640645755423,0.2404147532266791,0.42276884031576667
0.4,0.33681640645755423,0.2404147532266791,0.42276884031576667
0.42,0.33681640645755423,0.2404147532266791,0.42276884031576667
0.44,0.33681640645755423,0.2404147532266791,0.42276884031576667
0.46,0.33681640645755423,0.2404147532266791,0.42276884031576667
0.48,0.33681640645755423,0.2404147532266791,0.42276884031576667
0.5,0.33681640645755423,0.2404147532266791,0.42276884031576667
0.52,0.33681640645755423,0.2404147532266791,0.42276884031576667
0.54,0.33681640645755423,0.2404147532266791,0.42276884031576667
0.56,0.33681640645755423,0.2404147532266791,0.42276884031576667
0.58,0.33681640645755423,0.2404147532266791,0.42276884031576667
0.6,0.33681640645755423,0.2404147532266791,0.42276884031576667
0.62,0.33681640645755423,0.2404147532266791,0.42276884031576667
0.64,0.33681640645755423,0.2404147532266791,0.42276884031576667
0.66,0.33681640645755423,0.2404147532266791,0.42276884031576667
0.68,0.3366490619962898,0.22671415906236816,0.43663677894134206
0.7000000000000001,0.3364817175350253,0.21301356489805723,0.45050471756691746
0.72,0.3363143730737609,0.19931297073374632,0.4643726561924928
0.74,0.3361470286124964,0.18561237656943536,0.4782405948180682
0.76,0.33597968415123197,0.17191178240512445,0.4921085334436436
0.78,0.3358123396899675,0.1582111882408135,0.5059764720692189
0.8,0.33564499522870306,0.14451059407650257,0.5198444106947944
0.8200000000000001,0.3354776507674386,0.13080999991219164,0.5337123493203697
0.84,0.33531030630617414,0.1171094057478807,0.547580287945945
0.86,0.33514296184490966,0.10340881158356977,0.5614482265715205
0.88,0.33497561738364523,0.08970821741925883,0.5753161651970958
0.9,0.33480827292238075,0.07600762325494792,0.5891841038226713
0.92,0.3346409284611163,0.06230702909063698,0.6030520424482466
0.9400000000000001,0.3346409284611163,0.06230702909063698,0.6030520424482466
0.96,0.3346409284611163,0.06230702909063698,0.6030520424482466
0.98,0.3346409284611163,0.06230702909063698,0.6030520424482466
1.0,0.3346409284611163,0.06230702909063698,0.6030520424482466
