fraction_of_volc,OH,H2O2,TMI
0.0,0.35315342260940613,0.600544013436357,0.046302563954236896
0.02,0.35315342260940613,0.600544013436357,0.046302563954236896
0.04,0.35315342260940613,0.600544013436357,0.046302563954236896
0.06,0.35315342260940613,0.600544013436357,0.046302563954236896
0.08,0.35315342260940613,0.600544013436357,0.046302563954236896
0.1,0.35315342260940613,0.600544013436357,0.046302563954236896
0.12,0.35315342260940613,0.600544013436357,0.046302563954236896
0.14,0.35315342260940613,0.600544013436357,0.046302563954236896
0.16,0.35315342260940613,0.600544013436357,0.046302563954236896
0.18,0.35315342260940613,0.600544013436357,0.046302563954236896
0.2,0.35315342260940613,0.600544013436357,0.046302563954236896
0.22,0.35315342260940613,0.600544013436357,0.046302563954236896
0.24,0.35315342260940613,0.600544013436357,0.046302563954236896
0.26,0.35315342260940613,0.600544013436357,0.046302563954236896
0.28,0.3522901915948919,0.5972057639450375,0.050504044460070584
0.3,0.3514269605803777,0.5938675144537181,0.05470552496590428
0.32,0.35056372956586346,0.5905292649623985,0.058907005471737967
0.34,0.3497004985513492,0.5871910154710791,0.06310848597757165
0.36,0.348837267536835,0.5838527659797597,0.06730996648340534
0.38,0.3479740365223208,0.5805145164884402,0.07151144698923903
0.4,0.34711080550780654,0.5771762669971208,0.07571292749507273
0.42,0.34624757449329235,0.5738380175058013,0.07991440800090642
0.44,0.3453843434787781,0.5704997680144818,0.08411588850674011
0.46,0.34452111246426387,0.5671615185231623,0.08831736901257381
0.48,0.3436578814497497,0.5638232690318429,0.0925188495184075
0.5,0.34279465043523544,0.5604850195405234,0.09672033002424119
0.52,0.34193141942072125,0.557146770049204,0.10092181053007487
0.54,0.341068188406207,0.5538085205578845,0.10512329103590856
0.56,0.34020495739169276,0.550470271066565,0.10932477154174225
0.58,0.3393417263771786,0.5471320215752455,0.11352625204757594
0.6,0.33847849536266433,0.5437937720839261,0.11772773255340963
0.62,0.3376152643481501,0.5404555225926067,0.12192921305924331
0.64,0.3367520333336359,0.5371172731012872,0.12613069356507703
0.66,0.33588880231912166,0.5337790236099678,0.13033217407091072
0.68,0.3350255713046074,0.5304407741186482,0.1345336545767444
0.7000000000000001,0.33416234029009323,0.5271025246273288,0.1387351350825781
0.72,0.333299109275579,0.5237642751360093,0.14293661558841178
0.74,0.333299109275579,0.5237642751360093,0.14293661558841178
0.76,0.333299109275579,0.5237642751360093,0.14293661558841178
0.78,0.333299109275579,0.5237642751360093,0.14293661558841178
0.8,0.333299109275579,0.5237642751360093,0.14293661558841178
0.8200000000000001,0.333299109275579,0.5237642751360093,0.14293661558841178
0.84,0.333299109275579,0.5237642751360093,0.14293661558841178
0.86,0.333299109275579,0.5237642751360093,0.14293661558841178
0.88,0.333299109275579,0.5237642751360093,0.14293661558841178
0.9,0.333299109275579,0.5237642751360093,0.14293661558841178
0.92,0.333299109275579,0.5237642751360093,0.14293661558841178
0.9400000000000001,0.333299109275579,0.5237642751360093,0.14293661558841178
0.96,0.333299109275579,0.5237642751360093,0.14293661558841178
0.98,0.333299109275579,0.5237642751360093,0.14293661558841178
1.0,0.333299109275579,0.5237642751360093,0.14293661558841178
