fraction_of_volc,OH,H2O2,TMI
0.0,0.01995771170747878,0.3163643375014996,0.6636779507910215
0.02,0.01995771170747878,0.3163643375014996,0.6636779507910215
0.04,0.01995771170747878,0.3163643375014996,0.6636779507910215
0.06,0.01995771170747878,0.3163643375014996,0.6636779507910215
0.08,0.01995771170747878,0.3163643375014996,0.6636779507910215
0.1,0.01995771170747878,0.3163643375014996,0.6636779507910215
0.12,0.01995771170747878,0.3163643375014996,0.6636779507910215
0.14,0.01995771170747878,0.3163643375014996,0.6636779507910215
0.16,0.01995771170747878,0.3163643375014996,0.6636779507910215
0.18,0.03665090382423687,0.3182510325320858,0.6450980636436773
0.2,0.05334409594099496,0.320137727562672,0.626518176496333
0.22,0.07003728805775306,0.32202442259325814,0.6079382893489887
0.24,0.08673048017451113,0.32391111762384434,0.5893584022016445
0.26,0.10342367229126923,0.32579781265443053,0.5707785150543002
0.28,0.12011686440802732,0.3276845076850167,0.552198627906956
0.3,0.1368100565247854,0.3295712027156029,0.5336187407596116
0.32,0.1535032486415435,0.3314578977461891,0.5150388536122674
0.34,0.1701964407583016,0.3333445927767753,0.4964589664649231
0.36,0.18688963287505966,0.33523128780736144,0.47787907931757884
0.38,0.20358282499181776,0.33711798283794764,0.4592991921702345
0.4,0.22027601710857586,0.33900467786853383,0.44071930502289025
0.42,0.23696920922533393,0.34089137289912,0.422139417875546
0.44,0.253662401342092,0.3427780679297062,0.4035595307282017
0.46,0.27035559345885013,0.34466476296029236,0.38497964358085746
0.48,0.2870487855756082,0.34655145799087855,0.3663997564335132
0.5,0.30374197769236627,0.34843815302146475,0.3478198692861689
0.52,0.3204351698091244,0.35032484805205094,0.32923998213882466
0.54,0.33712836192588247,0.35221154308263714,0.3106600949914804
0.56,0.35382155404264054,0.35409823811322333,0.29208020784413613
0.58,0.37051474615939867,0.3559849331438095,0.2735003206967918
0.6,0.38720793827615674,0.35787162817439566,0.25492043354944754
0.62,0.4039011303929148,0.35975832320498186,0.23634054640210328
0.64,0.42059432250967294,0.36164501823556805,0.21776065925475901
0.66,0.437287514626431,0.36353171326615424,0.19918077210741475
0.68,0.4539807067431891,0.36541840829674044,0.18060088496007048
0.7000000000000001,0.47067389885994715,0.3673051033273266,0.16202099781272616
0.72,0.4873670909767053,0.36919179835791277,0.1434411106653819
0.74,0.5040602830934633,0.37107849338849896,0.12486122351803763
0.76,0.5207534752102214,0.37296518841908516,0.10628133637069342
0.78,0.5207534752102214,0.37296518841908516,0.10628133637069342
0.8,0.5207534752102214,0.37296518841908516,0.10628133637069342
0.8200000000000001,0.5207534752102214,0.37296518841908516,0.10628133637069342
0.84,0.5207534752102214,0.37296518841908516,0.10628133637069342
0.86,0.5207534752102214,0.37296518841908516,0.10628133637069342
0.88,0.5207534752102214,0.37296518841908516,0.10628133637069342
0.9,0.5207534752102214,0.37296518841908516,0.10628133637069342
0.92,0.5207534752102214,0.37296518841908516,0.10628133637069342
0.9400000000000001,0.5207534752102214,0.37296518841908516,0.10628133637069342
0.96,0.5207534752102214,0.37296518841908516,0.10628133637069342
0.98,0.5207534752102214,0.37296518841908516,0.10628133637069342
1.0,0.5207534752102214,0.37296518841908516,0.10628133637069342
