fraction_of_volc,OH,H2O2,TMI
0.0,0.27765898471819866,0.11069531454247261,0.6116457007393287
0.02,0.27765898471819866,0.11069531454247261,0.6116457007393287
0.04,0.27765898471819866,0.11069531454247261,0.6116457007393287
0.06,0.27765898471819866,0.11069531454247261,0.6116457007393287
0.08,0.27765898471819866,0.11069531454247261,0.6116457007393287
0.1,0.29606082630495517,0.14308427822102246,0.5608548954740223
0.12,0.31446266789171173,0.1754732418995723,0.510064090208716
0.14,0.33286450947846824,0.20786220557812213,0.45927328494340963
0.16,0.35126635106522475,0.24025116925667198,0.40848247967810325
0.18,0.36966819265198125,0.2726401329352218,0.3576916744127969
0.2,0.38807003423873776,0.30502909661377164,0.3069008691474906
0.22,0.4064718758254943,0.33741806029232146,0.2561100638821842
0.24,0.42487371741225083,0.36980702397087134,0.2053192586168779
0.26,0.44327555899900734,0.40219598764942116,0.15452845335157156
0.28,0.4616774005857639,0.43458495132797104,0.10373764808626518
0.3,0.4800792421725204,0.46697391500652086,0.05294684282095883
0.32,0.4800792421725204,0.46697391500652086,0.05294684282095883
0.34,0.4800792421725204,0.46697391500652086,0.05294684282095883
0.36,0.4800792421725204,0.46697391500652086,0.05294684282095883
0.38,0.4800792421725204,0.46697391500652086,0.05294684282095883
0.4,0.4800792421725204,0.46697391500652086,0.05294684282095883
0.42,0.4800792421725204,0.46697391500652086,0.05294684282095883
0.44,0.4800792421725204,0.46697391500652086,0.05294684282095883
0.46,0.4800792421725204,0.46697391500652086,0.05294684282095883
0.48,0.4800792421725204,0.46697391500652086,0.05294684282095883
0.5,0.4800792421725204,0.46697391500652086,0.05294684282095883
0.52,0.4800792421725204,0.46697391500652086,0.05294684282095883
0.54,0.4800792421725204,0.46697391500652086,0.05294684282095883
0.56,0.4800792421725204,0.46697391500652086,0.05294684282095883
0.58,0.4800792421725204,0.46697391500652086,0.05294684282095883
0.6,0.4800792421725204,0.46697391500652086,0.05294684282095883
0.62,0.4800792421725204,0.46697391500652086,0.05294684282095883
0.64,0.4800792421725204,0.46697391500652086,0.05294684282095883
0.66,0.4800792421725204,0.46697391500652086,0.05294684282095883
0.68,0.4800792421725204,0.46697391500652086,0.05294684282095883
0.7000000000000001,0.4800792421725204,0.46697391500652086,0.05294684282095883
0.72,0.4800792421725204,0.46697391500652086,0.05294684282095883
0.74,0.4800792421725204,0.46697391500652086,0.05294684282095883
0.76,0.4800792421725204,0.46697391500652086,0.05294684282095883
0.78,0.4800792421725204,0.46697391500652086,0.05294684282095883
0.8,0.4800792421725204,0.46697391500652086,0.05294684282095883
0.8200000000000001,0.4800792421725204,0.46697391500652086,0.05294684282095883
0.84,0.4800792421725204,0.46697391500652086,0.05294684282095883
0.86,0.4800792421725204,0.46697391500652086,0.05294684282095883
0.88,0.4800792421725204,0.46697391500652086,0.05294684282095883
0.9,0.4800792421725204,0.46697391500652086,0.05294684282095883
0.92,0.4800792421725204,0.46697391500652086,0.05294684282095883
0.9400000000000001,0.4800792421725204,0.46697391500652086,0.05294684282095883
0.96,0.4800792421725204,0.46697391500652086,0.05294684282095883
0.98,0.4800792421725204,0.46697391500652086,0.05294684282095883
1.0,0.4800792421725204,0.46697391500652086,0.05294684282095883
