fraction_of_volc,OH,H2O2,TMI
0.0,0.05430177755551168,0.5003581360150292,0.4453400864294591
0.02,0.05430177755551168,0.5003581360150292,0.4453400864294591
0.04,0.05430177755551168,0.5003581360150292,0.4453400864294591
0.06,0.05430177755551168,0.5003581360150292,0.4453400864294591
0.08,0.05430177755551168,0.5003581360150292,0.4453400864294591
0.1,0.06887259798395445,0.4782900205949285,0.45283738142111707
0.12,0.08344341841239722,0.45622190517482775,0.46033467641277503
0.14,0.09801423884083998,0.43415378975472696,0.467831971404433
0.16,0.11258505926928276,0.41208567433462623,0.47532926639609097
0.18,0.12715587969772554,0.3900175589145255,0.48282656138774893
0.2,0.1417267001261683,0.36794944349442477,0.4903238563794069
0.22,0.15629752055461107,0.34588132807432403,0.49782115137106486
0.24,0.17086834098305384,0.32381321265422325,0.5053184463627228
0.26,0.18543916141149663,0.3017450972341226,0.5128157413543808
0.28,0.2000099818399394,0.2796769818140218,0.5203130363460388
0.3,0.21458080226838216,0.25760886639392105,0.5278103313376967
0.32,0.22915162269682493,0.23554075097382032,0.5353076263293547
0.34,0.2437224431252677,0.2134726355537196,0.5428049213210127
0.36,0.25829326355371046,0.1914045201336188,0.5503022163126706
0.38,0.2728640839821532,0.16933640471351807,0.5577995113043286
0.4,0.287434904410596,0.14726828929341734,0.5652968062959866
0.42,0.30200572483903876,0.1252001738733166,0.5727941012876445
0.44,0.3165765452674816,0.10313205845321588,0.5802913962793025
0.46,0.33114736569592435,0.0810639430331151,0.5877886912709605
0.48,0.3457181861243671,0.05899582761301434,0.5952859862626184
0.5,0.3457181861243671,0.05899582761301434,0.5952859862626184
0.52,0.3457181861243671,0.05899582761301434,0.5952859862626184
0.54,0.3457181861243671,0.05899582761301434,0.5952859862626184
0.56,0.3457181861243671,0.05899582761301434,0.5952859862626184
0.58,0.3457181861243671,0.05899582761301434,0.5952859862626184
0.6,0.3457181861243671,0.05899582761301434,0.5952859862626184
0.62,0.3457181861243671,0.05899582761301434,0.5952859862626184
0.64,0.3457181861243671,0.05899582761301434,0.5952859862626184
0.66,0.3457181861243671,0.05899582761301434,0.5952859862626184
0.68,0.3457181861243671,0.05899582761301434,0.5952859862626184
0.7000000000000001,0.3457181861243671,0.05899582761301434,0.5952859862626184
0.72,0.3457181861243671,0.05899582761301434,0.5952859862626184
0.74,0.3457181861243671,0.05899582761301434,0.5952859862626184
0.76,0.3457181861243671,0.05899582761301434,0.5952859862626184
0.78,0.3457181861243671,0.05899582761301434,0.5952859862626184
0.8,0.3457181861243671,0.05899582761301434,0.5952859862626184
0.8200000000000001,0.3457181861243671,0.05899582761301434,0.5952859862626184
0.84,0.3457181861243671,0.05899582761301434,0.5952859862626184
0.86,0.3457181861243671,0.05899582761301434,0.5952859862626184
0.88,0.3457181861243671,0.05899582761301434,0.5952859862626184
0.9,0.3457181861243671,0.05899582761301434,0.5952859862626184
0.92,0.3457181861243671,0.05899582761301434,0.5952859862626184
0.9400000000000001,0.3457181861243671,0.05899582761301434,0.5952859862626184
0.96,0.3457181861243671,0.05899582761301434,0.5952859862626184
0.98,0.3457181861243671,0.05899582761301434,0.5952859862626184
1.0,0.3457181861243671,0.05899582761301434,0.5952859862626184
