fraction_of_volc,OH,H2O2,TMI
0.0,0.5795655290595145,0.26071477942070737,0.15971969151977802
0.02,0.5795655290595145,0.26071477942070737,0.15971969151977802
0.04,0.5795655290595145,0.26071477942070737,0.15971969151977802
0.06,0.5795655290595145,0.26071477942070737,0.15971969151977802
0.08,0.5795655290595145,0.26071477942070737,0.15971969151977802
0.1,0.5795655290595145,0.26071477942070737,0.15971969151977802
0.12,0.5795655290595145,0.26071477942070737,0.15971969151977802
0.14,0.5795655290595145,0.26071477942070737,0.15971969151977802
0.16,0.5528148133233721,0.2624169948661001,0.1847681918105277
0.18,0.5260640975872297,0.26411921031149277,0.20981669210127737
0.2,0.49931338185108737,0.2658214257568855,0.23486519239202705
0.22,0.472562666114945,0.26752364120227823,0.25991369268277675
0.24,0.4458119503788026,0.26922585664767096,0.28496219297352643
0.26,0.4190612346426602,0.27092807209306363,0.3100106932642761
0.28,0.39231051890651786,0.27263028753845636,0.3350591935550258
0.3,0.3655598031703755,0.2743325029838491,0.36010769384577546
0.32,0.3388090874342331,0.27603471842924177,0.38515619413652513
0.34,0.3120583716980907,0.2777369338746345,0.4102046944272748
0.36,0.28530765596194835,0.2794391493200272,0.4352531947180245
0.38,0.25855694022580594,0.28114136476541995,0.46030169500877416
0.4,0.2318062244896636,0.28284358021081263,0.48535019529952383
0.42,0.20505550875352116,0.28454579565620536,0.5103986955902735
0.44,0.20505550875352116,0.28454579565620536,0.5103986955902735
0.46,0.20505550875352116,0.28454579565620536,0.5103986955902735
0.48,0.20505550875352116,0.28454579565620536,0.5103986955902735
0.5,0.20505550875352116,0.28454579565620536,0.5103986955902735
0.52,0.20505550875352116,0.28454579565620536,0.5103986955902735
0.54,0.20505550875352116,0.28454579565620536,0.5103986955902735
0.56,0.20505550875352116,0.28454579565620536,0.5103986955902735
0.58,0.20505550875352116,0.28454579565620536,0.5103986955902735
0.6,0.20505550875352116,0.28454579565620536,0.5103986955902735
0.62,0.20505550875352116,0.28454579565620536,0.5103986955902735
0.64,0.20505550875352116,0.28454579565620536,0.5103986955902735
0.66,0.20505550875352116,0.28454579565620536,0.5103986955902735
0.68,0.20505550875352116,0.28454579565620536,0.5103986955902735
0.7000000000000001,0.20505550875352116,0.28454579565620536,0.5103986955902735
0.72,0.20505550875352116,0.28454579565620536,0.5103986955902735
0.74,0.20505550875352116,0.28454579565620536,0.5103986955902735
0.76,0.20505550875352116,0.28454579565620536,0.5103986955902735
0.78,0.20505550875352116,0.28454579565620536,0.5103986955902735
0.8,0.20505550875352116,0.28454579565620536,0.5103986955902735
0.8200000000000001,0.20505550875352116,0.28454579565620536,0.5103986955902735
0.84,0.20505550875352116,0.28454579565620536,0.5103986955902735
0.86,0.20505550875352116,0.28454579565620536,0.5103986955902735
0.88,0.20505550875352116,0.28454579565620536,0.5103986955902735
0.9,0.20505550875352116,0.28454579565620536,0.5103986955902735
0.92,0.20505550875352116,0.28454579565620536,0.5103986955902735
0.9400000000000001,0.20505550875352116,0.28454579565620536,0.5103986955902735
0.96,0.20505550875352116,0.28454579565620536,0.5103986955902735
0.98,0.20505550875352116,0.28454579565620536,0.5103986955902735
1.0,0.20505550875352116,0.28454579565620536,0.5103986955902735
