fraction_of_volc,OH,H2O2,TMI
0.0,0.12469542006369352,0.34694585625997054,0.5283587236763357
0.02,0.12469542006369352,0.34694585625997054,0.5283587236763357
0.04,0.12469542006369352,0.34694585625997054,0.5283587236763357
0.06,0.12469542006369352,0.34694585625997054,0.5283587236763357
0.08,0.12469542006369352,0.34694585625997054,0.5283587236763357
0.1,0.12469542006369352,0.34694585625997054,0.5283587236763357
0.12,0.12469542006369352,0.34694585625997054,0.5283587236763357
0.14,0.12469542006369352,0.34694585625997054,0.5283587236763357
0.16,0.12469542006369352,0.34694585625997054,0.5283587236763357
0.18,0.12469542006369352,0.34694585625997054,0.5283587236763357
0.2,0.12469542006369352,0.34694585625997054,0.5283587236763357
0.22,0.12469542006369352,0.34694585625997054,0.5283587236763357
0.24,0.12469542006369352,0.34694585625997054,0.5283587236763357
0.26,0.12469542006369352,0.34694585625997054,0.5283587236763357
0.28,0.12469542006369352,0.34694585625997054,0.5283587236763357
0.3,0.12469542006369352,0.34694585625997054,0.5283587236763357
0.32,0.12469542006369352,0.34694585625997054,0.5283587236763357
0.34,0.12469542006369352,0.34694585625997054,0.5283587236763357
0.36,0.12469542006369352,0.34694585625997054,0.5283587236763357
0.38,0.12469542006369352,0.34694585625997054,0.5283587236763357
0.4,0.12469542006369352,0.34694585625997054,0.5283587236763357
0.42,0.12469542006369352,0.34694585625997054,0.5283587236763357
0.44,0.12469542006369352,0.34694585625997054,0.5283587236763357
0.46,0.12469542006369352,0.34694585625997054,0.5283587236763357
0.48,0.12469542006369352,0.34694585625997054,0.5283587236763357
0.5,0.12469542006369352,0.34694585625997054,0.5283587236763357
0.52,0.12469542006369352,0.34694585625997054,0.5283587236763357
0.54,0.12469542006369352,0.34694585625997054,0.5283587236763357
0.56,0.12469542006369352,0.34694585625997054,0.5283587236763357
0.58,0.12469542006369352,0.34694585625997054,0.5283587236763357
0.6,0.12469542006369352,0.34694585625997054,0.5283587236763357
0.62,0.12469542006369352,0.34694585625997054,0.5283587236763357
0.64,0.12469542006369352,0.34694585625997054,0.5283587236763357
0.66,0.12264111665749029,0.39427791476454654,0.48308096857796295
0.68,0.12058681325128705,0.4416099732691226,0.43780321347959017
0.7000000000000001,0.11853250984508382,0.48894203177369866,0.39252545838121744
0.72,0.11647820643888059,0.5362740902782747,0.3472477032828446
0.74,0.11442390303267735,0.5836061487828507,0.30196994818447187
0.76,0.11236959962647411,0.6309382072874268,0.2566921930860991
0.78,0.11031529622027088,0.6782702657920028,0.2114144379877263
0.8,0.10826099281406765,0.7256023242965788,0.16613668288935352
0.8200000000000001,0.1062066894078644,0.7729343828011548,0.12085892779098073
0.84,0.10415238600166117,0.8202664413057308,0.07558117269260795
0.86,0.10209808259545794,0.8675984998103069,0.030303417594235233
0.88,0.10209808259545794,0.8675984998103069,0.030303417594235233
0.9,0.10209808259545794,0.8675984998103069,0.030303417594235233
0.92,0.10209808259545794,0.8675984998103069,0.030303417594235233
0.9400000000000001,0.10209808259545794,0.8675984998103069,0.030303417594235233
0.96,0.10209808259545794,0.8675984998103069,0.030303417594235233
0.98,0.10209808259545794,0.8675984998103069,0.030303417594235233
1.0,0.10209808259545794,0.8675984998103069,0.030303417594235233
