fraction_of_volc,OH,H2O2,TMI
0.0,0.8743975729382921,0.06932579663527753,0.056276630426430475
0.02,0.8743975729382921,0.06932579663527753,0.056276630426430475
0.04,0.8743975729382921,0.06932579663527753,0.056276630426430475
0.06,0.8743975729382921,0.06932579663527753,0.056276630426430475
0.08,0.8743975729382921,0.06932579663527753,0.056276630426430475
0.1,0.8743975729382921,0.06932579663527753,0.056276630426430475
0.12,0.8743975729382921,0.06932579663527753,0.056276630426430475
0.14,0.8743975729382921,0.06932579663527753,0.056276630426430475
0.16,0.8743975729382921,0.06932579663527753,0.056276630426430475
0.18,0.8743975729382921,0.06932579663527753,0.056276630426430475
0.2,0.8743975729382921,0.06932579663527753,0.056276630426430475
0.22,0.8743975729382921,0.06932579663527753,0.056276630426430475
0.24,0.8743975729382921,0.06932579663527753,0.056276630426430475
0.26,0.8743975729382921,0.06932579663527753,0.056276630426430475
0.28,0.8743975729382921,0.06932579663527753,0.056276630426430475
0.3,0.8743975729382921,0.06932579663527753,0.056276630426430475
0.32,0.8743975729382921,0.06932579663527753,0.056276630426430475
0.34,0.8743975729382921,0.06932579663527753,0.056276630426430475
0.36,0.8743975729382921,0.06932579663527753,0.056276630426430475
0.38,0.8743975729382921,0.06932579663527753,0.056276630426430475
0.4,0.8743975729382921,0.06932579663527753,0.056276630426430475
0.42,0.8743975729382921,0.06932579663527753,0.056276630426430475
0.44,0.8743975729382921,0.06932579663527753,0.056276630426430475
0.46,0.8743975729382921,0.06932579663527753,0.056276630426430475
0.48,0.8743975729382921,0.06932579663527753,0.056276630426430475
0.5,0.8743975729382921,0.06932579663527753,0.056276630426430475
0.52,0.8743975729382921,0.06932579663527753,0.056276630426430475
0.54,0.8743975729382921,0.06932579663527753,0.056276630426430475
0.56,0.8743975729382921,0.06932579663527753,0.056276630426430475
0.58,0.8743975729382921,0.06932579663527753,0.056276630426430475
0.6,0.8743975729382921,0.06932579663527753,0.056276630426430475
0.62,0.8743975729382921,0.06932579663527753,0.056276630426430475
0.64,0.8743975729382921,0.06932579663527753,0.056276630426430475
0.66,0.8743975729382921,0.06932579663527753,0.056276630426430475
0.68,0.8743975729382921,0.06932579663527753,0.056276630426430475
0.7000000000000001,0.8743975729382921,0.06932579663527753,0.056276630426430475
0.72,0.8743975729382921,0.06932579663527753,0.056276630426430475
0.74,0.8743975729382921,0.06932579663527753,0.056276630426430475
0.76,0.8743975729382921,0.06932579663527753,0.056276630426430475
0.78,0.8743975729382921,0.06932579663527753,0.056276630426430475
0.8,0.8743975729382921,0.06932579663527753,0.056276630426430475
0.8200000000000001,0.8743975729382921,0.06932579663527753,0.056276630426430475
0.84,0.8743975729382921,0.06932579663527753,0.056276630426430475
0.86,0.8103731401812989,0.09978772594510074,0.08983913387360043
0.88,0.7463487074243057,0.13024965525492396,0.12340163732077039
0.9,0.6823242746673126,0.16071158456474716,0.15696414076794035
0.92,0.6182998419103194,0.19117351387457038,0.1905266442151103
0.9400000000000001,0.5542754091533262,0.2216354431843936,0.22408914766228027
0.96,0.49025097639633297,0.2520973724942168,0.25765165110945026
0.98,0.42622654363933976,0.28255930180404004,0.2912141545566202
1.0,0.42622654363933976,0.28255930180404004,0.2912141545566202
