fraction_of_volc,OH,H2O2,TMI
0.0,0.49586193692217234,0.05080309281326515,0.45333497026456243
0.02,0.49586193692217234,0.05080309281326515,0.45333497026456243
0.04,0.49586193692217234,0.05080309281326515,0.45333497026456243
0.06,0.49586193692217234,0.05080309281326515,0.45333497026456243
0.08,0.49586193692217234,0.05080309281326515,0.45333497026456243
0.1,0.49586193692217234,0.05080309281326515,0.45333497026456243
0.12,0.49586193692217234,0.05080309281326515,0.45333497026456243
0.14,0.49586193692217234,0.05080309281326515,0.45333497026456243
0.16,0.49586193692217234,0.05080309281326515,0.45333497026456243
0.18,0.49586193692217234,0.05080309281326515,0.45333497026456243
0.2,0.49586193692217234,0.05080309281326515,0.45333497026456243
0.22,0.49586193692217234,0.05080309281326515,0.45333497026456243
0.24,0.49586193692217234,0.05080309281326515,0.45333497026456243
0.26,0.49586193692217234,0.05080309281326515,0.45333497026456243
0.28,0.49586193692217234,0.05080309281326515,0.45333497026456243
0.3,0.49586193692217234,0.05080309281326515,0.45333497026456243
0.32,0.49586193692217234,0.05080309281326515,0.45333497026456243
0.34,0.49586193692217234,0.05080309281326515,0.45333497026456243
0.36,0.49586193692217234,0.05080309281326515,0.45333497026456243
0.38,0.49586193692217234,0.05080309281326515,0.45333497026456243
0.4,0.4764810641034197,0.06047342077927267,0.4630455151173075
0.42,0.45710019128466717,0.07014374874528018,0.47275605997005266
0.44,0.43771931846591455,0.0798140767112877,0.48246660482279774
0.46,0.418338445647162,0.08948440467729521,0.4921771496755428
0.48,0.3989575728284094,0.09915473264330273,0.501887694528288
0.5,0.3795767000096568,0.10882506060931024,0.511598239381033
0.52,0.3601958271909042,0.11849538857531776,0.5213087842337781
0.54,0.3601958271909042,0.11849538857531776,0.5213087842337781
0.56,0.3601958271909042,0.11849538857531776,0.5213087842337781
0.58,0.3601958271909042,0.11849538857531776,0.5213087842337781
0.6,0.3601958271909042,0.11849538857531776,0.5213087842337781
0.62,0.3601958271909042,0.11849538857531776,0.5213087842337781
0.64,0.3601958271909042,0.11849538857531776,0.5213087842337781
0.66,0.3601958271909042,0.11849538857531776,0.5213087842337781
0.68,0.3601958271909042,0.11849538857531776,0.5213087842337781
0.7000000000000001,0.3601958271909042,0.11849538857531776,0.5213087842337781
0.72,0.3601958271909042,0.11849538857531776,0.5213087842337781
0.74,0.3601958271909042,0.11849538857531776,0.5213087842337781
0.76,0.3601958271909042,0.11849538857531776,0.5213087842337781
0.78,0.3601958271909042,0.11849538857531776,0.5213087842337781
0.8,0.3601958271909042,0.11849538857531776,0.5213087842337781
0.8200000000000001,0.3601958271909042,0.11849538857531776,0.5213087842337781
0.84,0.3601958271909042,0.11849538857531776,0.5213087842337781
0.86,0.3601958271909042,0.11849538857531776,0.5213087842337781
0.88,0.3601958271909042,0.11849538857531776,0.5213087842337781
0.9,0.3601958271909042,0.11849538857531776,0.5213087842337781
0.92,0.3601958271909042,0.11849538857531776,0.5213087842337781
0.9400000000000001,0.3601958271909042,0.11849538857531776,0.5213087842337781
0.96,0.3601958271909042,0.11849538857531776,0.5213087842337781
0.98,0.3601958271909042,0.11849538857531776,0.5213087842337781
1.0,0.3601958271909042,0.11849538857531776,0.5213087842337781
