fraction_of_volc,OH,H2O2,TMI
0.0,0.1234335944205869,0.741391435991624,0.1351749695877891
0.02,0.1234335944205869,0.741391435991624,0.1351749695877891
0.04,0.1234335944205869,0.741391435991624,0.1351749695877891
0.06,0.1234335944205869,0.741391435991624,0.1351749695877891
0.08,0.1234335944205869,0.741391435991624,0.1351749695877891
0.1,0.1234335944205869,0.741391435991624,0.1351749695877891
0.12,0.1234335944205869,0.741391435991624,0.1351749695877891
0.14,0.1234335944205869,0.741391435991624,0.1351749695877891
0.16,0.1234335944205869,0.741391435991624,0.1351749695877891
0.18,0.1234335944205869,0.741391435991624,0.1351749695877891
0.2,0.13278221424910572,0.7251012198045546,0.14211656594633973
0.22,0.14213083407762453,0.7088110036174852,0.14905816230489036
0.24,0.15147945390614334,0.6925207874304157,0.15599975866344098
0.26,0.16082807373466212,0.6762305712433463,0.1629413550219916
0.28,0.17017669356318094,0.6599403550562768,0.16988295138054227
0.3,0.17952531339169975,0.6436501388692074,0.1768245477390929
0.32,0.18887393322021856,0.6273599226821379,0.18376614409764352
0.34,0.19822255304873737,0.6110697064950685,0.19070774045619415
0.36,0.20757117287725618,0.594779490307999,0.19764933681474478
0.38,0.216919792705775,0.5784892741209297,0.2045909331732954
0.4,0.2262684125342938,0.5621990579338602,0.21153252953184604
0.42,0.23561703236281262,0.5459088417467908,0.21847412589039666
0.44,0.24496565219133143,0.5296186255597213,0.2254157222489473
0.46,0.25431427201985024,0.5133284093726518,0.23235731860749792
0.48,0.263662891848369,0.4970381931855824,0.23929891496604855
0.5,0.27301151167688786,0.48074797699851296,0.24624051132459918
0.52,0.2823601315054066,0.4644577608114435,0.2531821076831498
0.54,0.2917087513339255,0.4481675446243741,0.26012370404170043
0.56,0.30105737116244424,0.43187732843730464,0.2670653004002511
0.58,0.3104059909909631,0.4155871122502352,0.27400689675880174
0.6,0.31975461081948187,0.39929689606316576,0.28094849311735237
0.62,0.3291032306480007,0.3830066798760963,0.287890089475903
0.64,0.3384518504765195,0.3667164636890269,0.2948316858344536
0.66,0.3478004703050383,0.3504262475019574,0.30177328219300426
0.68,0.3571490901335571,0.33413603131488795,0.3087148785515549
0.7000000000000001,0.3664977099620759,0.3178458151278185,0.3156564749101055
0.72,0.37584632979059474,0.30155559894074907,0.32259807126865614
0.74,0.3851949496191135,0.28526538275367963,0.32953966762720677
0.76,0.39454356944763236,0.2689751665666102,0.3364812639857574
0.78,0.40389218927615117,0.2526849503795408,0.343422860344308
0.8,0.40389218927615117,0.2526849503795408,0.343422860344308
0.8200000000000001,0.40389218927615117,0.2526849503795408,0.343422860344308
0.84,0.40389218927615117,0.2526849503795408,0.343422860344308
0.86,0.40389218927615117,0.2526849503795408,0.343422860344308
0.88,0.40389218927615117,0.2526849503795408,0.343422860344308
0.9,0.40389218927615117,0.2526849503795408,0.343422860344308
0.92,0.40389218927615117,0.2526849503795408,0.343422860344308
0.9400000000000001,0.40389218927615117,0.2526849503795408,0.343422860344308
0.96,0.40389218927615117,0.2526849503795408,0.343422860344308
0.98,0.40389218927615117,0.2526849503795408,0.343422860344308
1.0,0.40389218927615117,0.2526849503795408,0.343422860344308
