fraction_of_volc,OH,H2O2,TMI
0.0,0.4215370286147448,0.3545438142925197,0.22391915709273544
0.02,0.4215370286147448,0.3545438142925197,0.22391915709273544
0.04,0.4215370286147448,0.3545438142925197,0.22391915709273544
0.06,0.4215370286147448,0.3545438142925197,0.22391915709273544
0.08,0.4215370286147448,0.3545438142925197,0.22391915709273544
0.1,0.4215370286147448,0.3545438142925197,0.22391915709273544
0.12,0.4215370286147448,0.3545438142925197,0.22391915709273544
0.14,0.4215370286147448,0.3545438142925197,0.22391915709273544
0.16,0.4215370286147448,0.3545438142925197,0.22391915709273544
0.18,0.4215370286147448,0.3545438142925197,0.22391915709273544
0.2,0.4215370286147448,0.3545438142925197,0.22391915709273544
0.22,0.4215370286147448,0.3545438142925197,0.22391915709273544
0.24,0.4215370286147448,0.3545438142925197,0.22391915709273544
0.26,0.4215370286147448,0.3545438142925197,0.22391915709273544
0.28,0.4215370286147448,0.3545438142925197,0.22391915709273544
0.3,0.4215370286147448,0.3545438142925197,0.22391915709273544
0.32,0.4215370286147448,0.3545438142925197,0.22391915709273544
0.34,0.4215370286147448,0.3545438142925197,0.22391915709273544
0.36,0.4215370286147448,0.3545438142925197,0.22391915709273544
0.38,0.4215370286147448,0.3545438142925197,0.22391915709273544
0.4,0.4215370286147448,0.3545438142925197,0.22391915709273544
0.42,0.4215370286147448,0.3545438142925197,0.22391915709273544
0.44,0.4215370286147448,0.3545438142925197,0.22391915709273544
0.46,0.4215370286147448,0.3545438142925197,0.22391915709273544
0.48,0.39929661399682925,0.3357485445165014,0.2649548414866693
0.5,0.3770561993789137,0.316953274740483,0.3059905258806032
0.52,0.3548157847609982,0.2981580049644647,0.3470262102745371
0.54,0.3325753701430826,0.27936273518844634,0.38806189466847096
0.56,0.31033495552516704,0.26056746541242803,0.42909757906240487
0.58,0.2880945409072515,0.2417721956364097,0.47013326345633877
0.6,0.2658541262893359,0.22297692586039136,0.5111689478502727
0.62,0.2436137116714204,0.20418165608437303,0.5522046322442066
0.64,0.22137329705350486,0.1853863863083547,0.5932403166381405
0.66,0.1991328824355893,0.16659111653233635,0.6342760010320744
0.68,0.17689246781767376,0.14779584675631802,0.6753116854260082
0.7000000000000001,0.15465205319975822,0.1290005769802997,0.7163473698199421
0.72,0.13241163858184268,0.11020530720428137,0.757383054213876
0.74,0.11017122396392709,0.09141003742826304,0.7984187386078099
0.76,0.08793080934601155,0.07261476765224467,0.8394544230017438
0.78,0.06569039472809601,0.05381949787622636,0.8804901073956777
0.8,0.043449980110180496,0.035024228100208055,0.9215257917896116
0.8200000000000001,0.043449980110180496,0.035024228100208055,0.9215257917896116
0.84,0.043449980110180496,0.035024228100208055,0.9215257917896116
0.86,0.043449980110180496,0.035024228100208055,0.9215257917896116
0.88,0.043449980110180496,0.035024228100208055,0.9215257917896116
0.9,0.043449980110180496,0.035024228100208055,0.9215257917896116
0.92,0.043449980110180496,0.035024228100208055,0.9215257917896116
0.9400000000000001,0.043449980110180496,0.035024228100208055,0.9215257917896116
0.96,0.043449980110180496,0.035024228100208055,0.9215257917896116
0.98,0.043449980110180496,0.035024228100208055,0.9215257917896116
1.0,0.043449980110180496,0.035024228100208055,0.9215257917896116
