fraction_of_volc,OH,H2O2,TMI
0.0,0.06389533559026797,0.10563114012951746,0.8304735242802147
0.02,0.06389533559026797,0.10563114012951746,0.8304735242802147
0.04,0.06389533559026797,0.10563114012951746,0.8304735242802147
0.06,0.06389533559026797,0.10563114012951746,0.8304735242802147
0.08,0.06389533559026797,0.10563114012951746,0.8304735242802147
0.1,0.06389533559026797,0.10563114012951746,0.8304735242802147
0.12,0.06389533559026797,0.10563114012951746,0.8304735242802147
0.14,0.06389533559026797,0.10563114012951746,0.8304735242802147
0.16,0.06389533559026797,0.10563114012951746,0.8304735242802147
0.18,0.06389533559026797,0.10563114012951746,0.8304735242802147
0.2,0.06389533559026797,0.10563114012951746,0.8304735242802147
0.22,0.06389533559026797,0.10563114012951746,0.8304735242802147
0.24,0.07208413643853522,0.10852547495791705,0.8193903886035478
0.26,0.08027293728680246,0.11141980978631665,0.808307252926881
0.28,0.0884617381350697,0.11431414461471623,0.7972241172502141
0.3,0.09665053898333695,0.11720847944311583,0.7861409815735474
0.32,0.10483933983160419,0.12010281427151541,0.7750578458968805
0.34,0.11302814067987144,0.12299714909991499,0.7639747102202137
0.36,0.12121694152813868,0.1258914839283146,0.7528915745435468
0.38,0.12940574237640592,0.1287858187567142,0.74180843886688
0.4,0.13759454322467318,0.13168015358511376,0.7307253031902131
0.42,0.1457833440729404,0.13457448841351335,0.7196421675135463
0.44,0.15397214492120764,0.13746882324191295,0.7085590318368794
0.46,0.1621609457694749,0.14036315807031252,0.6974758961602125
0.48,0.17034974661774216,0.14325749289871212,0.6863927604835458
0.5,0.1785385474660094,0.14615182772711172,0.675309624806879
0.52,0.18672734831427662,0.14904616255551129,0.6642264891302121
0.54,0.19491614916254388,0.15194049738391088,0.6531433534535452
0.56,0.2031049500108111,0.15483483221231048,0.6420602177768784
0.58,0.21129375085907837,0.15772916704071008,0.6309770821002115
0.6,0.21948255170734562,0.16062350186910965,0.6198939464235447
0.62,0.22767135255561285,0.16351783669750924,0.6088108107468779
0.64,0.23586015340388009,0.16641217152590884,0.597727675070211
0.66,0.24404895425214734,0.16930650635430844,0.5866445393935442
0.68,0.2522377551004146,0.172200841182708,0.5755614037168774
0.7000000000000001,0.2604265559486818,0.1750951760111076,0.5644782680402105
0.72,0.26861535679694903,0.1779895108395072,0.5533951323635437
0.74,0.2768041576452163,0.18088384566790677,0.5423119966868768
0.76,0.2849929584934836,0.18377818049630637,0.53122886101021
0.78,0.29318175934175084,0.18667251532470597,0.5201457253335431
0.8,0.30137056019001807,0.18956685015310554,0.5090625896568763
0.8200000000000001,0.3095593610382853,0.19246118498150513,0.4979794539802095
0.84,0.3177481618865525,0.19535551980990473,0.48689631830354263
0.86,0.3177481618865525,0.19535551980990473,0.48689631830354263
0.88,0.3177481618865525,0.19535551980990473,0.48689631830354263
0.9,0.3177481618865525,0.19535551980990473,0.48689631830354263
0.92,0.3177481618865525,0.19535551980990473,0.48689631830354263
0.9400000000000001,0.3177481618865525,0.19535551980990473,0.48689631830354263
0.96,0.3177481618865525,0.19535551980990473,0.48689631830354263
0.98,0.3177481618865525,0.19535551980990473,0.48689631830354263
1.0,0.3177481618865525,0.19535551980990473,0.48689631830354263
