fraction_of_volc,OH,H2O2,TMI
0.0,0.05957316190633707,0.6546573841987613,0.28576945389490166
0.02,0.05957316190633707,0.6546573841987613,0.28576945389490166
0.04,0.05957316190633707,0.6546573841987613,0.28576945389490166
0.06,0.05957316190633707,0.6546573841987613,0.28576945389490166
0.08,0.05957316190633707,0.6546573841987613,0.28576945389490166
0.1,0.05957316190633707,0.6546573841987613,0.28576945389490166
0.12,0.05957316190633707,0.6546573841987613,0.28576945389490166
0.14,0.05957316190633707,0.6546573841987613,0.28576945389490166
0.16,0.05957316190633707,0.6546573841987613,0.28576945389490166
0.18,0.05957316190633707,0.6546573841987613,0.28576945389490166
0.2,0.05957316190633707,0.6546573841987613,0.28576945389490166
0.22,0.05957316190633707,0.6546573841987613,0.28576945389490166
0.24,0.06255134945696608,0.6514030560101599,0.28604559453287404
0.26,0.0655295370075951,0.6481487278215584,0.28632173517084647
0.28,0.06850772455822413,0.644894399632957,0.28659787580881885
0.3,0.07148591210885313,0.6416400714443556,0.2868740164467913
0.32,0.07446409965948216,0.6383857432557543,0.28715015708476366
0.34,0.07744228721011118,0.6351314150671528,0.28742629772273603
0.36,0.08042047476074018,0.6318770868785514,0.28770243836070847
0.38,0.0833986623113692,0.62862275868995,0.28797857899868085
0.4,0.08637684986199823,0.6253684305013485,0.2882547196366533
0.42,0.08935503741262724,0.6221141023127471,0.28853086027462566
0.44,0.09233322496325626,0.6188597741241457,0.28880700091259803
0.46,0.09531141251388528,0.6156054459355442,0.28908314155057047
0.48,0.09828960006451429,0.6123511177469428,0.28935928218854284
0.5,0.10126778761514331,0.6090967895583415,0.2896354228265153
0.52,0.10424597516577233,0.60584246136974,0.28991156346448765
0.54,0.10722416271640134,0.6025881331811386,0.29018770410246003
0.56,0.11020235026703036,0.5993338049925372,0.29046384474043246
0.58,0.11318053781765938,0.5960794768039358,0.29073998537840484
0.6,0.11615872536828839,0.5928251486153343,0.2910161260163773
0.62,0.11913691291891741,0.5895708204267329,0.29129226665434965
0.64,0.11913691291891741,0.5895708204267329,0.29129226665434965
0.66,0.11913691291891741,0.5895708204267329,0.29129226665434965
0.68,0.11913691291891741,0.5895708204267329,0.29129226665434965
0.7000000000000001,0.11913691291891741,0.5895708204267329,0.29129226665434965
0.72,0.11913691291891741,0.5895708204267329,0.29129226665434965
0.74,0.11913691291891741,0.5895708204267329,0.29129226665434965
0.76,0.11913691291891741,0.5895708204267329,0.29129226665434965
0.78,0.11913691291891741,0.5895708204267329,0.29129226665434965
0.8,0.11913691291891741,0.5895708204267329,0.29129226665434965
0.8200000000000001,0.11913691291891741,0.5895708204267329,0.29129226665434965
0.84,0.11913691291891741,0.5895708204267329,0.29129226665434965
0.86,0.11913691291891741,0.5895708204267329,0.29129226665434965
0.88,0.11913691291891741,0.5895708204267329,0.29129226665434965
0.9,0.11913691291891741,0.5895708204267329,0.29129226665434965
0.92,0.11913691291891741,0.5895708204267329,0.29129226665434965
0.9400000000000001,0.11913691291891741,0.5895708204267329,0.29129226665434965
0.96,0.11913691291891741,0.5895708204267329,0.29129226665434965
0.98,0.11913691291891741,0.5895708204267329,0.29129226665434965
1.0,0.11913691291891741,0.5895708204267329,0.29129226665434965
