fraction_of_volc,OH,H2O2,TMI
0.0,0.29768952367474827,0.20174342755145516,0.5005670487737964
0.02,0.29768952367474827,0.20174342755145516,0.5005670487737964
0.04,0.29768952367474827,0.20174342755145516,0.5005670487737964
0.06,0.29768952367474827,0.20174342755145516,0.5005670487737964
0.08,0.29768952367474827,0.20174342755145516,0.5005670487737964
0.1,0.29768952367474827,0.20174342755145516,0.5005670487737964
0.12,0.29768952367474827,0.20174342755145516,0.5005670487737964
0.14,0.29768952367474827,0.20174342755145516,0.5005670487737964
0.16,0.29768952367474827,0.20174342755145516,0.5005670487737964
0.18,0.29768952367474827,0.20174342755145516,0.5005670487737964
0.2,0.29768952367474827,0.20174342755145516,0.5005670487737964
0.22,0.3142275875266178,0.20970899339095,0.47606341908243205
0.24,0.33076565137848735,0.21767455923044485,0.4515597893910677
0.26,0.34730371523035686,0.2256401250699397,0.42705615969970334
0.28,0.36384177908222637,0.2336056909094345,0.402552530008339
0.3,0.38037984293409594,0.24157125674892937,0.37804890031697463
0.32,0.39691790678596545,0.2495368225884242,0.35354527062561025
0.34,0.413455970637835,0.25750238842791906,0.3290416409342459
0.36,0.4299940344897045,0.2654679542674139,0.3045380112428816
0.38,0.44653209834157404,0.2734335201069087,0.2800343815515172
0.4,0.4630701621934436,0.28139908594640356,0.25553075186015284
0.42,0.4796082260453131,0.2893646517858984,0.2310271221687885
0.44,0.4961462898971827,0.29733021762539324,0.20652349247742413
0.46,0.5126843537490522,0.30529578346488806,0.1820198627860598
0.48,0.5292224176009217,0.3132613493043829,0.15751623309469542
0.5,0.5457604814527912,0.32122691514387774,0.1330126034033311
0.52,0.5622985453046607,0.3291924809833726,0.10850897371196672
0.54,0.5788366091565302,0.33715804682286743,0.08400534402060233
0.56,0.5953746730083999,0.34512361266236224,0.05950171432923801
0.58,0.6119127368602694,0.3530891785018571,0.034998084637873614
0.6,0.6119127368602694,0.3530891785018571,0.034998084637873614
0.62,0.6119127368602694,0.3530891785018571,0.034998084637873614
0.64,0.6119127368602694,0.3530891785018571,0.034998084637873614
0.66,0.6119127368602694,0.3530891785018571,0.034998084637873614
0.68,0.6119127368602694,0.3530891785018571,0.034998084637873614
0.7000000000000001,0.6119127368602694,0.3530891785018571,0.034998084637873614
0.72,0.6119127368602694,0.3530891785018571,0.034998084637873614
0.74,0.6119127368602694,0.3530891785018571,0.034998084637873614
0.76,0.6119127368602694,0.3530891785018571,0.034998084637873614
0.78,0.6119127368602694,0.3530891785018571,0.034998084637873614
0.8,0.6119127368602694,0.3530891785018571,0.034998084637873614
0.8200000000000001,0.6119127368602694,0.3530891785018571,0.034998084637873614
0.84,0.6119127368602694,0.3530891785018571,0.034998084637873614
0.86,0.6119127368602694,0.3530891785018571,0.034998084637873614
0.88,0.6119127368602694,0.3530891785018571,0.034998084637873614
0.9,0.6119127368602694,0.3530891785018571,0.034998084637873614
0.92,0.6119127368602694,0.3530891785018571,0.034998084637873614
0.9400000000000001,0.6119127368602694,0.3530891785018571,0.034998084637873614
0.96,0.6119127368602694,0.3530891785018571,0.034998084637873614
0.98,0.6119127368602694,0.3530891785018571,0.034998084637873614
1.0,0.6119127368602694,0.3530891785018571,0.034998084637873614
