fraction_of_volc,OH,H2O2,TMI
0.0,0.8781041429526347,0.04233450807041964,0.07956134897694558
0.02,0.8781041429526347,0.04233450807041964,0.07956134897694558
0.04,0.8781041429526347,0.04233450807041964,0.07956134897694558
0.06,0.8781041429526347,0.04233450807041964,0.07956134897694558
0.08,0.8781041429526347,0.04233450807041964,0.07956134897694558
0.1,0.8781041429526347,0.04233450807041964,0.07956134897694558
0.12,0.8781041429526347,0.04233450807041964,0.07956134897694558
0.14,0.8781041429526347,0.04233450807041964,0.07956134897694558
0.16,0.8781041429526347,0.04233450807041964,0.07956134897694558
0.18,0.8781041429526347,0.04233450807041964,0.07956134897694558
0.2,0.8781041429526347,0.04233450807041964,0.07956134897694558
0.22,0.8781041429526347,0.04233450807041964,0.07956134897694558
0.24,0.8781041429526347,0.04233450807041964,0.07956134897694558
0.26,0.8318699107743315,0.0787246697038913,0.08940541952177715
0.28,0.7856356785960283,0.11511483133736297,0.0992494900666087
0.3,0.7394014464177251,0.15150499297083464,0.10909356061144027
0.32,0.6931672142394218,0.1878951546043063,0.11893763115627182
0.34,0.6469329820611187,0.22428531623777798,0.12878170170110337
0.36,0.6006987498828155,0.2606754778712497,0.13862577224593495
0.38,0.5544645177045122,0.29706563950472137,0.1484698427907665
0.4,0.5082302855262091,0.333455801138193,0.15831391333559808
0.42,0.46199605334790583,0.36984596277166465,0.16815798388042963
0.44,0.4157618211696026,0.40623612440513635,0.17800205442526118
0.46,0.36952758899129934,0.44262628603860804,0.18784612497009273
0.48,0.3232933568129962,0.4790164476720797,0.1976901955149243
0.5,0.27705912463469295,0.5154066093055513,0.20753426605975586
0.52,0.2308248924563897,0.551796770939023,0.2173783366045874
0.54,0.18459066027808657,0.5881869325724947,0.227222407149419
0.56,0.13835642809978332,0.6245770942059663,0.23706647769425054
0.58,0.09212219592148005,0.6609672558394379,0.2469105482390821
0.6,0.09212219592148005,0.6609672558394379,0.2469105482390821
0.62,0.09212219592148005,0.6609672558394379,0.2469105482390821
0.64,0.09212219592148005,0.6609672558394379,0.2469105482390821
0.66,0.09212219592148005,0.6609672558394379,0.2469105482390821
0.68,0.09212219592148005,0.6609672558394379,0.2469105482390821
0.7000000000000001,0.09212219592148005,0.6609672558394379,0.2469105482390821
0.72,0.09212219592148005,0.6609672558394379,0.2469105482390821
0.74,0.09212219592148005,0.6609672558394379,0.2469105482390821
0.76,0.09212219592148005,0.6609672558394379,0.2469105482390821
0.78,0.09212219592148005,0.6609672558394379,0.2469105482390821
0.8,0.09212219592148005,0.6609672558394379,0.2469105482390821
0.8200000000000001,0.09212219592148005,0.6609672558394379,0.2469105482390821
0.84,0.09212219592148005,0.6609672558394379,0.2469105482390821
0.86,0.09212219592148005,0.6609672558394379,0.2469105482390821
0.88,0.09212219592148005,0.6609672558394379,0.2469105482390821
0.9,0.09212219592148005,0.6609672558394379,0.2469105482390821
0.92,0.09212219592148005,0.6609672558394379,0.2469105482390821
0.9400000000000001,0.09212219592148005,0.6609672558394379,0.2469105482390821
0.96,0.09212219592148005,0.6609672558394379,0.2469105482390821
0.98,0.09212219592148005,0.6609672558394379,0.2469105482390821
1.0,0.09212219592148005,0.6609672558394379,0.2469105482390821
