fraction_of_volc,OH,H2O2,TMI
0.0,0.25520003975585914,0.7278284157136272,0.016971544530513572
0.02,0.25520003975585914,0.7278284157136272,0.016971544530513572
0.04,0.25520003975585914,0.7278284157136272,0.016971544530513572
0.06,0.26783177498573324,0.7111121160256297,0.021056108988636905
0.08,0.2804635102156074,0.6943958163376324,0.02514067344676024
0.1,0.2930952454454815,0.6776795166496349,0.029225237904883572
0.12,0.3057269806753556,0.6609632169616374,0.0333098023630069
0.14,0.31835871590522974,0.64424691727364,0.03739436682113024
0.16,0.33099045113510384,0.6275306175856425,0.041478931279253575
0.18,0.343622186364978,0.6108143178976451,0.045563495737376905
0.2,0.3562539215948521,0.5940980182096476,0.049648060195500235
0.22,0.3688856568247262,0.5773817185216502,0.053732624653623565
0.24,0.38151739205460033,0.5606654188336527,0.05781718911174691
0.26,0.39414912728447443,0.5439491191456554,0.06190175356987024
0.28,0.40678086251434853,0.5272328194576579,0.06598631802799357
0.3,0.4194125977442227,0.5105165197696604,0.0700708824861169
0.32,0.4320443329740968,0.49380022008166297,0.07415544694424024
0.34,0.4446760682039709,0.4770839203936655,0.07824001140236357
0.36,0.45730780343384503,0.46036762070566806,0.0823245758604869
0.38,0.4699395386637191,0.44365132101767063,0.08640914031861023
0.4,0.4825712738935932,0.42693502132967315,0.09049370477673356
0.42,0.4952030091234674,0.4102187216416757,0.0945782692348569
0.44,0.5078347443533415,0.39350242195367824,0.09866283369298023
0.46,0.5204664795832156,0.3767861222656808,0.10274739815110356
0.48,0.5330982148130897,0.3600698225776834,0.10683196260922691
0.5,0.5457299500429638,0.3433535228896859,0.11091652706735024
0.52,0.5583616852728379,0.3266372232016885,0.11500109152547357
0.54,0.5709934205027121,0.30992092351369105,0.1190856559835969
0.56,0.5836251557325862,0.29320462382569357,0.12317022044172023
0.58,0.5962568909624603,0.27648832413769614,0.12725478489984357
0.6,0.6088886261923344,0.2597720244496987,0.1313393493579669
0.62,0.6215203614222085,0.24305572476170123,0.13542391381609023
0.64,0.6341520966520826,0.22633942507370375,0.1395084782742136
0.66,0.6467838318819568,0.20962312538570638,0.14359304273233692
0.68,0.6594155671118309,0.1929068256977089,0.14767760719046025
0.7000000000000001,0.672047302341705,0.1761905260097114,0.15176217164858358
0.72,0.6846790375715791,0.15947422632171404,0.1558467361067069
0.74,0.6973107728014531,0.14275792663371656,0.15993130056483024
0.76,0.7099425080313273,0.12604162694571908,0.16401586502295357
0.78,0.7099425080313273,0.12604162694571908,0.16401586502295357
0.8,0.7099425080313273,0.12604162694571908,0.16401586502295357
0.8200000000000001,0.7099425080313273,0.12604162694571908,0.16401586502295357
0.84,0.7099425080313273,0.12604162694571908,0.16401586502295357
0.86,0.7099425080313273,0.12604162694571908,0.16401586502295357
0.88,0.7099425080313273,0.12604162694571908,0.16401586502295357
0.9,0.7099425080313273,0.12604162694571908,0.16401586502295357
0.92,0.7099425080313273,0.12604162694571908,0.16401586502295357
0.9400000000000001,0.7099425080313273,0.12604162694571908,0.16401586502295357
0.96,0.7099425080313273,0.12604162694571908,0.16401586502295357
0.98,0.7099425080313273,0.12604162694571908,0.16401586502295357
1.0,0.7099425080313273,0.12604162694571908,0.16401586502295357
