fraction_of_volc,OH,H2O2,TMI
0.0,0.6274105498429527,0.15001146481895433,0.22257798533809287
0.02,0.6274105498429527,0.15001146481895433,0.22257798533809287
0.04,0.6274105498429527,0.15001146481895433,0.22257798533809287
0.06,0.6274105498429527,0.15001146481895433,0.22257798533809287
0.08,0.6274105498429527,0.15001146481895433,0.22257798533809287
0.1,0.6274105498429527,0.15001146481895433,0.22257798533809287
0.12,0.6274105498429527,0.15001146481895433,0.22257798533809287
0.14,0.6274105498429527,0.15001146481895433,0.22257798533809287
0.16,0.6274105498429527,0.15001146481895433,0.22257798533809287
0.18,0.6274105498429527,0.15001146481895433,0.22257798533809287
0.2,0.6274105498429527,0.15001146481895433,0.22257798533809287
0.22,0.6274105498429527,0.15001146481895433,0.22257798533809287
0.24,0.6274105498429527,0.15001146481895433,0.22257798533809287
0.26,0.6274105498429527,0.15001146481895433,0.22257798533809287
0.28,0.6274105498429527,0.15001146481895433,0.22257798533809287
0.3,0.6274105498429527,0.15001146481895433,0.22257798533809287
0.32,0.6274105498429527,0.15001146481895433,0.22257798533809287
0.34,0.6274105498429527,0.15001146481895433,0.22257798533809287
0.36,0.6274105498429527,0.15001146481895433,0.22257798533809287
0.38,0.6274105498429527,0.15001146481895433,0.22257798533809287
0.4,0.6274105498429527,0.15001146481895433,0.22257798533809287
0.42,0.6274105498429527,0.15001146481895433,0.22257798533809287
0.44,0.6274105498429527,0.15001146481895433,0.22257798533809287
0.46,0.6274105498429527,0.15001146481895433,0.22257798533809287
0.48,0.6274105498429527,0.15001146481895433,0.22257798533809287
0.5,0.6274105498429527,0.15001146481895433,0.22257798533809287
0.52,0.6274105498429527,0.15001146481895433,0.22257798533809287
0.54,0.6274105498429527,0.15001146481895433,0.22257798533809287
0.56,0.6274105498429527,0.15001146481895433,0.22257798533809287
0.58,0.6274105498429527,0.15001146481895433,0.22257798533809287
0.6,0.6274105498429527,0.15001146481895433,0.22257798533809287
0.62,0.6274105498429527,0.15001146481895433,0.22257798533809287
0.64,0.6274105498429527,0.15001146481895433,0.22257798533809287
0.66,0.5979922488427614,0.15732832940584676,0.2446794217513919
0.68,0.5685739478425699,0.16464519399273916,0.26678085816469094
0.7000000000000001,0.5391556468423785,0.1719620585796316,0.28888229457799
0.72,0.509737345842187,0.17927892316652402,0.31098373099128895
0.74,0.4803190448419956,0.18659578775341645,0.33308516740458805
0.76,0.45090074384180423,0.19391265234030886,0.355186603817887
0.78,0.4214824428416128,0.20122951692720129,0.37728804023118606
0.8,0.39206414184142135,0.20854638151409371,0.3993894766444851
0.8200000000000001,0.3626458408412299,0.21586324610098612,0.42149091305778413
0.84,0.3332275398410385,0.22318011068787855,0.44359234947108317
0.86,0.3038092388408471,0.23049697527477098,0.46569378588438215
0.88,0.27439093784065566,0.23781383986166338,0.4877952222976812
0.9,0.2449726368404642,0.2451307044485558,0.5098966587109802
0.92,0.2449726368404642,0.2451307044485558,0.5098966587109802
0.9400000000000001,0.2449726368404642,0.2451307044485558,0.5098966587109802
0.96,0.2449726368404642,0.2451307044485558,0.5098966587109802
0.98,0.2449726368404642,0.2451307044485558,0.5098966587109802
1.0,0.2449726368404642,0.2451307044485558,0.5098966587109802
