fraction_of_volc,OH,H2O2,TMI
0.0,0.19254312828581815,0.04178506872092093,0.7656718029932609
0.02,0.19254312828581815,0.04178506872092093,0.7656718029932609
0.04,0.19254312828581815,0.04178506872092093,0.7656718029932609
0.06,0.19254312828581815,0.04178506872092093,0.7656718029932609
0.08,0.19254312828581815,0.04178506872092093,0.7656718029932609
0.1,0.19254312828581815,0.04178506872092093,0.7656718029932609
0.12,0.19254312828581815,0.04178506872092093,0.7656718029932609
0.14,0.19254312828581815,0.04178506872092093,0.7656718029932609
0.16,0.19254312828581815,0.04178506872092093,0.7656718029932609
0.18,0.19254312828581815,0.04178506872092093,0.7656718029932609
0.2,0.19254312828581815,0.04178506872092093,0.7656718029932609
0.22,0.19254312828581815,0.04178506872092093,0.7656718029932609
0.24,0.19254312828581815,0.04178506872092093,0.7656718029932609
0.26,0.19254312828581815,0.04178506872092093,0.7656718029932609
0.28,0.19254312828581815,0.04178506872092093,0.7656718029932609
0.3,0.19254312828581815,0.04178506872092093,0.7656718029932609
0.32,0.19254312828581815,0.04178506872092093,0.7656718029932609
0.34,0.19254312828581815,0.04178506872092093,0.7656718029932609
0.36,0.19254312828581815,0.04178506872092093,0.7656718029932609
0.38,0.19254312828581815,0.04178506872092093,0.7656718029932609
0.4,0.19254312828581815,0.04178506872092093,0.7656718029932609
0.42,0.19254312828581815,0.04178506872092093,0.7656718029932609
0.44,0.19254312828581815,0.04178506872092093,0.7656718029932609
0.46,0.19254312828581815,0.04178506872092093,0.7656718029932609
0.48,0.19254312828581815,0.04178506872092093,0.7656718029932609
0.5,0.19254312828581815,0.04178506872092093,0.7656718029932609
0.52,0.19254312828581815,0.04178506872092093,0.7656718029932609
0.54,0.19254312828581815,0.04178506872092093,0.7656718029932609
0.56,0.19254312828581815,0.04178506872092093,0.7656718029932609
0.58,0.19254312828581815,0.04178506872092093,0.7656718029932609
0.6,0.19254312828581815,0.04178506872092093,0.7656718029932609
0.62,0.19254312828581815,0.04178506872092093,0.7656718029932609
0.64,0.19254312828581815,0.04178506872092093,0.7656718029932609
0.66,0.19254312828581815,0.04178506872092093,0.7656718029932609
0.68,0.19254312828581815,0.04178506872092093,0.7656718029932609
0.7000000000000001,0.19254312828581815,0.04178506872092093,0.7656718029932609
0.72,0.19888512918851164,0.09766356792147492,0.7034513028900133
0.74,0.20522713009120513,0.1535420671220289,0.6412308027867659
0.76,0.21156913099389862,0.20942056632258288,0.5790103026835185
0.78,0.21791113189659214,0.26529906552313687,0.516789802580271
0.8,0.22425313279928563,0.32117756472369086,0.4545693024770235
0.8200000000000001,0.23059513370197912,0.37705606392424484,0.392348802373776
0.84,0.2369371346046726,0.43293456312479883,0.33012830227052853
0.86,0.2432791355073661,0.4888130623253528,0.26790780216728105
0.88,0.24962113641005962,0.5446915615259068,0.20568730206403363
0.9,0.2559631373127531,0.6005700607264608,0.1434668019607861
0.92,0.2623051382154466,0.6564485599270148,0.08124630185753856
0.9400000000000001,0.2686471391181401,0.7123270591275688,0.019025801754291166
0.96,0.2686471391181401,0.7123270591275688,0.019025801754291166
0.98,0.2686471391181401,0.7123270591275688,0.019025801754291166
1.0,0.2686471391181401,0.7123270591275688,0.019025801754291166
