fraction_of_volc,OH,H2O2,TMI
0.0,0.2939336355706365,0.11953241857097305,0.5865339458583904
0.02,0.2939336355706365,0.11953241857097305,0.5865339458583904
0.04,0.2939336355706365,0.11953241857097305,0.5865339458583904
0.06,0.2939336355706365,0.11953241857097305,0.5865339458583904
0.08,0.2939336355706365,0.11953241857097305,0.5865339458583904
0.1,0.2939336355706365,0.11953241857097305,0.5865339458583904
0.12,0.2939336355706365,0.11953241857097305,0.5865339458583904
0.14,0.2939336355706365,0.11953241857097305,0.5865339458583904
0.16,0.2939336355706365,0.11953241857097305,0.5865339458583904
0.18,0.2939336355706365,0.11953241857097305,0.5865339458583904
0.2,0.2939336355706365,0.11953241857097305,0.5865339458583904
0.22,0.2939336355706365,0.11953241857097305,0.5865339458583904
0.24,0.2939336355706365,0.11953241857097305,0.5865339458583904
0.26,0.2939336355706365,0.11953241857097305,0.5865339458583904
0.28,0.2939336355706365,0.11953241857097305,0.5865339458583904
0.3,0.2939336355706365,0.11953241857097305,0.5865339458583904
0.32,0.2939336355706365,0.11953241857097305,0.5865339458583904
0.34,0.2939336355706365,0.11953241857097305,0.5865339458583904
0.36,0.2939336355706365,0.11953241857097305,0.5865339458583904
0.38,0.2939336355706365,0.11953241857097305,0.5865339458583904
0.4,0.2939336355706365,0.11953241857097305,0.5865339458583904
0.42,0.2939336355706365,0.11953241857097305,0.5865339458583904
0.44,0.2939336355706365,0.11953241857097305,0.5865339458583904
0.46,0.2939336355706365,0.11953241857097305,0.5865339458583904
0.48,0.2939336355706365,0.11953241857097305,0.5865339458583904
0.5,0.2939336355706365,0.11953241857097305,0.5865339458583904
0.52,0.2939336355706365,0.11953241857097305,0.5865339458583904
0.54,0.3163382758107026,0.15782170441128512,0.5258400197780122
0.56,0.3387429160507688,0.1961109902515972,0.46514609369763393
0.58,0.3611475562908349,0.23440027609190928,0.4044521676172558
0.6,0.38355219653090106,0.2726895619322214,0.3437582415368775
0.62,0.40595683677096717,0.31097884777253343,0.28306431545649935
0.64,0.42836147701103333,0.3492681336128455,0.22237038937612114
0.66,0.45076611725109944,0.3875574194531576,0.16167646329574292
0.68,0.47317075749116555,0.4258467052934697,0.10098253721536471
0.7000000000000001,0.4955753977312317,0.46413599113378173,0.040288611134986455
0.72,0.4955753977312317,0.46413599113378173,0.040288611134986455
0.74,0.4955753977312317,0.46413599113378173,0.040288611134986455
0.76,0.4955753977312317,0.46413599113378173,0.040288611134986455
0.78,0.4955753977312317,0.46413599113378173,0.040288611134986455
0.8,0.4955753977312317,0.46413599113378173,0.040288611134986455
0.8200000000000001,0.4955753977312317,0.46413599113378173,0.040288611134986455
0.84,0.4955753977312317,0.46413599113378173,0.040288611134986455
0.86,0.4955753977312317,0.46413599113378173,0.040288611134986455
0.88,0.4955753977312317,0.46413599113378173,0.040288611134986455
0.9,0.4955753977312317,0.46413599113378173,0.040288611134986455
0.92,0.4955753977312317,0.46413599113378173,0.040288611134986455
0.9400000000000001,0.4955753977312317,0.46413599113378173,0.040288611134986455
0.96,0.4955753977312317,0.46413599113378173,0.040288611134986455
0.98,0.4955753977312317,0.46413599113378173,0.040288611134986455
1.0,0.4955753977312317,0.46413599113378173,0.040288611134986455
