fraction_of_volc,OH,H2O2,TMI
0.0,0.7386686240879424,0.04080901072220817,0.22052236518984963
0.02,0.7386686240879424,0.04080901072220817,0.22052236518984963
0.04,0.7386686240879424,0.04080901072220817,0.22052236518984963
0.06,0.7386686240879424,0.04080901072220817,0.22052236518984963
0.08,0.7386686240879424,0.04080901072220817,0.22052236518984963
0.1,0.7386686240879424,0.04080901072220817,0.22052236518984963
0.12,0.7386686240879424,0.04080901072220817,0.22052236518984963
0.14,0.7386686240879424,0.04080901072220817,0.22052236518984963
0.16,0.7386686240879424,0.04080901072220817,0.22052236518984963
0.18,0.7386686240879424,0.04080901072220817,0.22052236518984963
0.2,0.7386686240879424,0.04080901072220817,0.22052236518984963
0.22,0.7386686240879424,0.04080901072220817,0.22052236518984963
0.24,0.7386686240879424,0.04080901072220817,0.22052236518984963
0.26,0.7386686240879424,0.04080901072220817,0.22052236518984963
0.28,0.7386686240879424,0.04080901072220817,0.22052236518984963
0.3,0.7386686240879424,0.04080901072220817,0.22052236518984963
0.32,0.7386686240879424,0.04080901072220817,0.22052236518984963
0.34,0.7386686240879424,0.04080901072220817,0.22052236518984963
0.36,0.7386686240879424,0.04080901072220817,0.22052236518984963
0.38,0.7386686240879424,0.04080901072220817,0.22052236518984963
0.4,0.7386686240879424,0.04080901072220817,0.22052236518984963
0.42,0.7386686240879424,0.04080901072220817,0.22052236518984963
0.44,0.7386686240879424,0.04080901072220817,0.22052236518984963
0.46,0.7386686240879424,0.04080901072220817,0.22052236518984963
0.48,0.7386686240879424,0.04080901072220817,0.22052236518984963
0.5,0.7386686240879424,0.04080901072220817,0.22052236518984963
0.52,0.7386686240879424,0.04080901072220817,0.22052236518984963
0.54,0.7386686240879424,0.04080901072220817,0.22052236518984963
0.56,0.7386686240879424,0.04080901072220817,0.22052236518984963
0.58,0.7386686240879424,0.04080901072220817,0.22052236518984963
0.6,0.7386686240879424,0.04080901072220817,0.22052236518984963
0.62,0.7386686240879424,0.04080901072220817,0.22052236518984963
0.64,0.7386686240879424,0.04080901072220817,0.22052236518984963
0.66,0.7386686240879424,0.04080901072220817,0.22052236518984963
0.68,0.7386686240879424,0.04080901072220817,0.22052236518984963
0.7000000000000001,0.7386686240879424,0.04080901072220817,0.22052236518984963
0.72,0.7386686240879424,0.04080901072220817,0.22052236518984963
0.74,0.7386686240879424,0.04080901072220817,0.22052236518984963
0.76,0.7386686240879424,0.04080901072220817,0.22052236518984963
0.78,0.7386686240879424,0.04080901072220817,0.22052236518984963
0.8,0.7108532029691378,0.06823697170694332,0.22090982532391912
0.8200000000000001,0.683037781850333,0.09566493269167847,0.22129728545798857
0.84,0.6552223607315284,0.12309289367641363,0.22168474559205803
0.86,0.6274069396127238,0.15052085466114878,0.22207220572612751
0.88,0.5995915184939191,0.17794881564588394,0.222459665860197
0.9,0.5717760973751145,0.2053767766306191,0.22284712599426645
0.92,0.5439606762563097,0.23280473761535425,0.2232345861283359
0.9400000000000001,0.5161452551375051,0.2602326986000894,0.2236220462624054
0.96,0.5161452551375051,0.2602326986000894,0.2236220462624054
0.98,0.5161452551375051,0.2602326986000894,0.2236220462624054
1.0,0.5161452551375051,0.2602326986000894,0.2236220462624054
