fraction_of_volc,OH,H2O2,TMI
0.0,0.47693246986756527,0.22919710963671383,0.2938704204957209
0.02,0.47693246986756527,0.22919710963671383,0.2938704204957209
0.04,0.47693246986756527,0.22919710963671383,0.2938704204957209
0.06,0.47693246986756527,0.22919710963671383,0.2938704204957209
0.08,0.47693246986756527,0.22919710963671383,0.2938704204957209
0.1,0.47693246986756527,0.22919710963671383,0.2938704204957209
0.12,0.47693246986756527,0.22919710963671383,0.2938704204957209
0.14,0.47693246986756527,0.22919710963671383,0.2938704204957209
0.16,0.47693246986756527,0.22919710963671383,0.2938704204957209
0.18,0.47693246986756527,0.22919710963671383,0.2938704204957209
0.2,0.47693246986756527,0.22919710963671383,0.2938704204957209
0.22,0.47693246986756527,0.22919710963671383,0.2938704204957209
0.24,0.47693246986756527,0.22919710963671383,0.2938704204957209
0.26,0.447265017699486,0.2334399701416111,0.3192950121589028
0.28,0.4175975655314068,0.2376828306465084,0.3447196038220848
0.3,0.38793011336332756,0.24192569115140566,0.3701441954852668
0.32,0.3582626611952483,0.24616855165630294,0.3955687871484487
0.34,0.3285952090271691,0.2504114121612002,0.4209933788116307
0.36,0.29892775685908984,0.25465427266609747,0.44641797047481263
0.38,0.2692603046910106,0.2588971331709948,0.4718425621379946
0.4,0.23959285252293136,0.263139993675892,0.49726715380117653
0.42,0.20992540035485213,0.26738285418078933,0.5226917454643585
0.44,0.18025794818677288,0.2716257146856866,0.5481163371275404
0.46,0.15059049601869362,0.2758685751905839,0.5735409287907224
0.48,0.12092304385061442,0.28011143569548114,0.5989655204539044
0.5,0.09125559168253516,0.28435429620037844,0.6243901121170863
0.52,0.06158813951445593,0.2885971567052757,0.6498147037802683
0.54,0.06158813951445593,0.2885971567052757,0.6498147037802683
0.56,0.06158813951445593,0.2885971567052757,0.6498147037802683
0.58,0.06158813951445593,0.2885971567052757,0.6498147037802683
0.6,0.06158813951445593,0.2885971567052757,0.6498147037802683
0.62,0.06158813951445593,0.2885971567052757,0.6498147037802683
0.64,0.06158813951445593,0.2885971567052757,0.6498147037802683
0.66,0.06158813951445593,0.2885971567052757,0.6498147037802683
0.68,0.06158813951445593,0.2885971567052757,0.6498147037802683
0.7000000000000001,0.06158813951445593,0.2885971567052757,0.6498147037802683
0.72,0.06158813951445593,0.2885971567052757,0.6498147037802683
0.74,0.06158813951445593,0.2885971567052757,0.6498147037802683
0.76,0.06158813951445593,0.2885971567052757,0.6498147037802683
0.78,0.06158813951445593,0.2885971567052757,0.6498147037802683
0.8,0.06158813951445593,0.2885971567052757,0.6498147037802683
0.8200000000000001,0.06158813951445593,0.2885971567052757,0.6498147037802683
0.84,0.06158813951445593,0.2885971567052757,0.6498147037802683
0.86,0.06158813951445593,0.2885971567052757,0.6498147037802683
0.88,0.06158813951445593,0.2885971567052757,0.6498147037802683
0.9,0.06158813951445593,0.2885971567052757,0.6498147037802683
0.92,0.06158813951445593,0.2885971567052757,0.6498147037802683
0.9400000000000001,0.06158813951445593,0.2885971567052757,0.6498147037802683
0.96,0.06158813951445593,0.2885971567052757,0.6498147037802683
0.98,0.06158813951445593,0.2885971567052757,0.6498147037802683
1.0,0.06158813951445593,0.2885971567052757,0.6498147037802683
