fraction_of_volc,OH,H2O2,TMI
0.0,0.05077832718034366,0.8510393210180527,0.09818235180160362
0.02,0.05077832718034366,0.8510393210180527,0.09818235180160362
0.04,0.05077832718034366,0.8510393210180527,0.09818235180160362
0.06,0.05077832718034366,0.8510393210180527,0.09818235180160362
0.08,0.05077832718034366,0.8510393210180527,0.09818235180160362
0.1,0.05077832718034366,0.8510393210180527,0.09818235180160362
0.12,0.05077832718034366,0.8510393210180527,0.09818235180160362
0.14,0.05077832718034366,0.8510393210180527,0.09818235180160362
0.16,0.05077832718034366,0.8510393210180527,0.09818235180160362
0.18,0.05077832718034366,0.8510393210180527,0.09818235180160362
0.2,0.05077832718034366,0.8510393210180527,0.09818235180160362
0.22,0.05077832718034366,0.8510393210180527,0.09818235180160362
0.24,0.05077832718034366,0.8510393210180527,0.09818235180160362
0.26,0.05077832718034366,0.8510393210180527,0.09818235180160362
0.28,0.05077832718034366,0.8510393210180527,0.09818235180160362
0.3,0.05077832718034366,0.8510393210180527,0.09818235180160362
0.32,0.05077832718034366,0.8510393210180527,0.09818235180160362
0.34,0.05077832718034366,0.8510393210180527,0.09818235180160362
0.36,0.05077832718034366,0.8510393210180527,0.09818235180160362
0.38,0.05077832718034366,0.8510393210180527,0.09818235180160362
0.4,0.05077832718034366,0.8510393210180527,0.09818235180160362
0.42,0.05077832718034366,0.8510393210180527,0.09818235180160362
0.44,0.05077832718034366,0.8510393210180527,0.09818235180160362
0.46,0.05077832718034366,0.8510393210180527,0.09818235180160362
0.48,0.05077832718034366,0.8510393210180527,0.09818235180160362
0.5,0.05077832718034366,0.8510393210180527,0.09818235180160362
0.52,0.05077832718034366,0.8510393210180527,0.09818235180160362
0.54,0.05077832718034366,0.8510393210180527,0.09818235180160362
0.56,0.05077832718034366,0.8510393210180527,0.09818235180160362
0.58,0.05077832718034366,0.8510393210180527,0.09818235180160362
0.6,0.05077832718034366,0.8510393210180527,0.09818235180160362
0.62,0.05077832718034366,0.8510393210180527,0.09818235180160362
0.64,0.05077832718034366,0.8510393210180527,0.09818235180160362
0.66,0.05077832718034366,0.8510393210180527,0.09818235180160362
0.68,0.11945605366662754,0.7859360746619515,0.0946078716714209
0.7000000000000001,0.18813378015291143,0.7208328283058504,0.09103339154123818
0.72,0.2568115066391953,0.6557295819497492,0.08745891141105547
0.74,0.32548923312547917,0.5906263355936481,0.08388443128087275
0.76,0.39416695961176307,0.5255230892375469,0.08030995115069003
0.78,0.4628446860980469,0.46041984288144566,0.07673547102050732
0.8,0.5315224125843309,0.3953165965253445,0.07316099089032461
0.8200000000000001,0.6002001390706148,0.33021335016924336,0.0695865107601419
0.84,0.6688778655568987,0.26511010381314215,0.06601203062995918
0.86,0.7375555920431826,0.20000685745704105,0.062437550499776465
0.88,0.8062333185294663,0.1349036111009399,0.05886307036959375
0.9,0.8062333185294663,0.1349036111009399,0.05886307036959375
0.92,0.8062333185294663,0.1349036111009399,0.05886307036959375
0.9400000000000001,0.8062333185294663,0.1349036111009399,0.05886307036959375
0.96,0.8062333185294663,0.1349036111009399,0.05886307036959375
0.98,0.8062333185294663,0.1349036111009399,0.05886307036959375
1.0,0.8062333185294663,0.1349036111009399,0.05886307036959375
