fraction_of_volc,OH,H2O2,TMI
0.0,0.22609477359621094,0.656427054026731,0.11747817237705806
0.02,0.22609477359621094,0.656427054026731,0.11747817237705806
0.04,0.22609477359621094,0.656427054026731,0.11747817237705806
0.06,0.22609477359621094,0.656427054026731,0.11747817237705806
0.08,0.22609477359621094,0.656427054026731,0.11747817237705806
0.1,0.22609477359621094,0.656427054026731,0.11747817237705806
0.12,0.22609477359621094,0.656427054026731,0.11747817237705806
0.14,0.22609477359621094,0.656427054026731,0.11747817237705806
0.16,0.22609477359621094,0.656427054026731,0.11747817237705806
0.18,0.22609477359621094,0.656427054026731,0.11747817237705806
0.2,0.22609477359621094,0.656427054026731,0.11747817237705806
0.22,0.22609477359621094,0.656427054026731,0.11747817237705806
0.24,0.22609477359621094,0.656427054026731,0.11747817237705806
0.26,0.22609477359621094,0.656427054026731,0.11747817237705806
0.28,0.23875922902579488,0.634828432653687,0.12641233832051807
0.3,0.2514236844553788,0.613229811280643,0.1353465042639781
0.32,0.26408813988496277,0.5916311899075991,0.14428067020743812
0.34,0.27675259531454677,0.5700325685345551,0.15321483615089815
0.36,0.2894170507441307,0.5484339471615112,0.16214900209435817
0.38,0.30208150617371465,0.5268353257884673,0.1710831680378182
0.4,0.3147459616032986,0.5052367044154233,0.1800173339812782
0.42,0.32741041703288254,0.4836380830423793,0.18895149992473823
0.44,0.3400748724624665,0.46203946166933535,0.19788566586819825
0.46,0.3400748724624665,0.46203946166933535,0.19788566586819825
0.48,0.3400748724624665,0.46203946166933535,0.19788566586819825
0.5,0.3400748724624665,0.46203946166933535,0.19788566586819825
0.52,0.3400748724624665,0.46203946166933535,0.19788566586819825
0.54,0.3400748724624665,0.46203946166933535,0.19788566586819825
0.56,0.3400748724624665,0.46203946166933535,0.19788566586819825
0.58,0.3400748724624665,0.46203946166933535,0.19788566586819825
0.6,0.3400748724624665,0.46203946166933535,0.19788566586819825
0.62,0.3400748724624665,0.46203946166933535,0.19788566586819825
0.64,0.3400748724624665,0.46203946166933535,0.19788566586819825
0.66,0.3400748724624665,0.46203946166933535,0.19788566586819825
0.68,0.3400748724624665,0.46203946166933535,0.19788566586819825
0.7000000000000001,0.3400748724624665,0.46203946166933535,0.19788566586819825
0.72,0.3400748724624665,0.46203946166933535,0.19788566586819825
0.74,0.3400748724624665,0.46203946166933535,0.19788566586819825
0.76,0.3400748724624665,0.46203946166933535,0.19788566586819825
0.78,0.3400748724624665,0.46203946166933535,0.19788566586819825
0.8,0.3400748724624665,0.46203946166933535,0.19788566586819825
0.8200000000000001,0.3400748724624665,0.46203946166933535,0.19788566586819825
0.84,0.3400748724624665,0.46203946166933535,0.19788566586819825
0.86,0.3400748724624665,0.46203946166933535,0.19788566586819825
0.88,0.3400748724624665,0.46203946166933535,0.19788566586819825
0.9,0.3400748724624665,0.46203946166933535,0.19788566586819825
0.92,0.3400748724624665,0.46203946166933535,0.19788566586819825
0.9400000000000001,0.3400748724624665,0.46203946166933535,0.19788566586819825
0.96,0.3400748724624665,0.46203946166933535,0.19788566586819825
0.98,0.3400748724624665,0.46203946166933535,0.19788566586819825
1.0,0.3400748724624665,0.46203946166933535,0.19788566586819825
