fraction_of_volc,OH,H2O2,TMI
0.0,0.3084400023940034,0.6084258970251627,0.08313410058083401
0.02,0.3084400023940034,0.6084258970251627,0.08313410058083401
0.04,0.3084400023940034,0.6084258970251627,0.08313410058083401
0.06,0.3084400023940034,0.6084258970251627,0.08313410058083401
0.08,0.3084400023940034,0.6084258970251627,0.08313410058083401
0.1,0.3139575597702396,0.5947525563433939,0.09128988388636662
0.12,0.31947511714647586,0.581079215661625,0.09944566719189925
0.14,0.3249926745227121,0.5674058749798562,0.10760145049743186
0.16,0.33051023189894835,0.5537325342980872,0.11575723380296449
0.18,0.33602778927518456,0.5400591936163184,0.1239130171084971
0.2,0.3415453466514208,0.5263858529345495,0.1320688004140297
0.22,0.34706290402765705,0.5127125122527807,0.14022458371956234
0.24,0.35258046140389326,0.49903917157101185,0.14838036702509494
0.26,0.35809801878012953,0.485365830889243,0.15653615033062757
0.28,0.36361557615636575,0.4716924902074741,0.1646919336361602
0.3,0.369133133532602,0.45801914952570527,0.17284771694169282
0.32,0.37465069090883824,0.4443458088439364,0.18100350024722542
0.34,0.38016824828507445,0.43067246816216753,0.18915928355275805
0.36,0.3856858056613107,0.4169991274803987,0.19731506685829064
0.38,0.39120336303754694,0.40332578679862985,0.20547085016382327
0.4,0.39672092041378315,0.389652446116861,0.2136266334693559
0.42,0.4022384777900194,0.3759791054350921,0.22178241677488852
0.44,0.40775603516625564,0.36230576475332327,0.22993820008042112
0.46,0.4132735925424919,0.3486324240715544,0.23809398338595375
0.48,0.4187911499187281,0.33495908338978553,0.24624976669148638
0.5,0.4243087072949644,0.3212857427080167,0.254405549997019
0.52,0.4298262646712006,0.30761240202624784,0.2625613333025516
0.54,0.4353438220474368,0.293939061344479,0.27071711660808423
0.56,0.4408613794236731,0.2802657206627101,0.27887289991361686
0.58,0.4463789367999093,0.26659237998094126,0.2870286832191494
0.6,0.4518964941761455,0.2529190392991724,0.2951844665246821
0.62,0.4574140515523818,0.23924569861740355,0.3033402498302147
0.64,0.4574140515523818,0.23924569861740355,0.3033402498302147
0.66,0.4574140515523818,0.23924569861740355,0.3033402498302147
0.68,0.4574140515523818,0.23924569861740355,0.3033402498302147
0.7000000000000001,0.4574140515523818,0.23924569861740355,0.3033402498302147
0.72,0.4574140515523818,0.23924569861740355,0.3033402498302147
0.74,0.4574140515523818,0.23924569861740355,0.3033402498302147
0.76,0.4574140515523818,0.23924569861740355,0.3033402498302147
0.78,0.4574140515523818,0.23924569861740355,0.3033402498302147
0.8,0.4574140515523818,0.23924569861740355,0.3033402498302147
0.8200000000000001,0.4574140515523818,0.23924569861740355,0.3033402498302147
0.84,0.4574140515523818,0.23924569861740355,0.3033402498302147
0.86,0.4574140515523818,0.23924569861740355,0.3033402498302147
0.88,0.4574140515523818,0.23924569861740355,0.3033402498302147
0.9,0.4574140515523818,0.23924569861740355,0.3033402498302147
0.92,0.4574140515523818,0.23924569861740355,0.3033402498302147
0.9400000000000001,0.4574140515523818,0.23924569861740355,0.3033402498302147
0.96,0.4574140515523818,0.23924569861740355,0.3033402498302147
0.98,0.4574140515523818,0.23924569861740355,0.3033402498302147
1.0,0.4574140515523818,0.23924569861740355,0.3033402498302147
