fraction_of_volc,OH,H2O2,TMI
0.0,0.39149503676328656,0.3359065399658324,0.2725984232708811
0.02,0.39149503676328656,0.3359065399658324,0.2725984232708811
0.04,0.39149503676328656,0.3359065399658324,0.2725984232708811
0.06,0.39149503676328656,0.3359065399658324,0.2725984232708811
0.08,0.39149503676328656,0.3359065399658324,0.2725984232708811
0.1,0.39149503676328656,0.3359065399658324,0.2725984232708811
0.12,0.39149503676328656,0.3359065399658324,0.2725984232708811
0.14,0.39149503676328656,0.3359065399658324,0.2725984232708811
0.16,0.39149503676328656,0.3359065399658324,0.2725984232708811
0.18,0.39149503676328656,0.3359065399658324,0.2725984232708811
0.2,0.39149503676328656,0.3359065399658324,0.2725984232708811
0.22,0.39149503676328656,0.3359065399658324,0.2725984232708811
0.24,0.39149503676328656,0.3359065399658324,0.2725984232708811
0.26,0.39149503676328656,0.3359065399658324,0.2725984232708811
0.28,0.39149503676328656,0.3359065399658324,0.2725984232708811
0.3,0.39149503676328656,0.3359065399658324,0.2725984232708811
0.32,0.39149503676328656,0.3359065399658324,0.2725984232708811
0.34,0.39149503676328656,0.3359065399658324,0.2725984232708811
0.36,0.39149503676328656,0.3359065399658324,0.2725984232708811
0.38,0.39149503676328656,0.3359065399658324,0.2725984232708811
0.4,0.39149503676328656,0.3359065399658324,0.2725984232708811
0.42,0.39149503676328656,0.3359065399658324,0.2725984232708811
0.44,0.39149503676328656,0.3359065399658324,0.2725984232708811
0.46,0.39149503676328656,0.3359065399658324,0.2725984232708811
0.48,0.39149503676328656,0.3359065399658324,0.2725984232708811
0.5,0.39149503676328656,0.3359065399658324,0.2725984232708811
0.52,0.39149503676328656,0.3359065399658324,0.2725984232708811
0.54,0.39149503676328656,0.3359065399658324,0.2725984232708811
0.56,0.39149503676328656,0.3359065399658324,0.2725984232708811
0.58,0.39149503676328656,0.3359065399658324,0.2725984232708811
0.6,0.39149503676328656,0.3359065399658324,0.2725984232708811
0.62,0.39149503676328656,0.3359065399658324,0.2725984232708811
0.64,0.39149503676328656,0.3359065399658324,0.2725984232708811
0.66,0.39149503676328656,0.3359065399658324,0.2725984232708811
0.68,0.36949678213954656,0.30001351193749104,0.33048970592296245
0.7000000000000001,0.34749852751580657,0.2641204839091496,0.3883809885750439
0.72,0.3255002728920665,0.2282274558808082,0.4462722712271253
0.74,0.3035020182683265,0.1923344278524668,0.5041635538792066
0.76,0.2815037636445865,0.1564413998241254,0.5620548365312881
0.78,0.2595055090208465,0.12054837179578398,0.6199461191833695
0.8,0.2375072543971065,0.08465534376744255,0.6778374018354509
0.8200000000000001,0.2155089997733665,0.04876231573910117,0.7357286844875324
0.84,0.1935107451496265,0.012869287710759816,0.7936199671396137
0.86,0.1935107451496265,0.012869287710759816,0.7936199671396137
0.88,0.1935107451496265,0.012869287710759816,0.7936199671396137
0.9,0.1935107451496265,0.012869287710759816,0.7936199671396137
0.92,0.1935107451496265,0.012869287710759816,0.7936199671396137
0.9400000000000001,0.1935107451496265,0.012869287710759816,0.7936199671396137
0.96,0.1935107451496265,0.012869287710759816,0.7936199671396137
0.98,0.1935107451496265,0.012869287710759816,0.7936199671396137
1.0,0.1935107451496265,0.012869287710759816,0.7936199671396137
