fraction_of_volc,OH,H2O2,TMI
0.0,0.032204486387722886,0.6307363623386122,0.33705915127366487
0.02,0.032204486387722886,0.6307363623386122,0.33705915127366487
0.04,0.032204486387722886,0.6307363623386122,0.33705915127366487
0.06,0.032204486387722886,0.6307363623386122,0.33705915127366487
0.08,0.032204486387722886,0.6307363623386122,0.33705915127366487
0.1,0.032204486387722886,0.6307363623386122,0.33705915127366487
0.12,0.032204486387722886,0.6307363623386122,0.33705915127366487
0.14,0.032204486387722886,0.6307363623386122,0.33705915127366487
0.16,0.032204486387722886,0.6307363623386122,0.33705915127366487
0.18,0.032204486387722886,0.6307363623386122,0.33705915127366487
0.2,0.032204486387722886,0.6307363623386122,0.33705915127366487
0.22,0.032204486387722886,0.6307363623386122,0.33705915127366487
0.24,0.032204486387722886,0.6307363623386122,0.33705915127366487
0.26,0.032204486387722886,0.6307363623386122,0.33705915127366487
0.28,0.032204486387722886,0.6307363623386122,0.33705915127366487
0.3,0.032204486387722886,0.6307363623386122,0.33705915127366487
0.32,0.032204486387722886,0.6307363623386122,0.33705915127366487
0.34,0.032204486387722886,0.6307363623386122,0.33705915127366487
0.36,0.032204486387722886,0.6307363623386122,0.33705915127366487
0.38,0.032204486387722886,0.6307363623386122,0.33705915127366487
0.4,0.032204486387722886,0.6307363623386122,0.33705915127366487
0.42,0.032204486387722886,0.6307363623386122,0.33705915127366487
0.44,0.032204486387722886,0.6307363623386122,0.33705915127366487
0.46,0.032204486387722886,0.6307363623386122,0.33705915127366487
0.48,0.032204486387722886,0.6307363623386122,0.33705915127366487
0.5,0.032204486387722886,0.6307363623386122,0.33705915127366487
0.52,0.032204486387722886,0.6307363623386122,0.33705915127366487
0.54,0.032204486387722886,0.6307363623386122,0.33705915127366487
0.56,0.032204486387722886,0.6307363623386122,0.33705915127366487
0.58,0.032204486387722886,0.6307363623386122,0.33705915127366487
0.6,0.032204486387722886,0.6307363623386122,0.33705915127366487
0.62,0.04733734473205219,0.6092750770051428,0.34338757826280486
0.64,0.0624702030763815,0.5878137916716736,0.34971600525194485
0.66,0.07760306142071081,0.5663525063382042,0.35604443224108484
0.68,0.09273591976504011,0.544891221004735,0.36237285923022483
0.7000000000000001,0.10786877810936943,0.5234299356712656,0.3687012862193648
0.72,0.12300163645369874,0.5019686503377963,0.37502971320850487
0.74,0.13813449479802803,0.480507365004327,0.3813581401976448
0.76,0.15326735314235734,0.45904607967085764,0.38768656718678485
0.78,0.16840021148668666,0.4375847943373884,0.39401499417592484
0.8,0.18353306983101597,0.41612350900391903,0.40034342116506483
0.8200000000000001,0.19866592817534529,0.39466222367044973,0.4066718481542048
0.84,0.2137987865196746,0.3732009383369804,0.4130002751433448
0.86,0.2137987865196746,0.3732009383369804,0.4130002751433448
0.88,0.2137987865196746,0.3732009383369804,0.4130002751433448
0.9,0.2137987865196746,0.3732009383369804,0.4130002751433448
0.92,0.2137987865196746,0.3732009383369804,0.4130002751433448
0.9400000000000001,0.2137987865196746,0.3732009383369804,0.4130002751433448
0.96,0.2137987865196746,0.3732009383369804,0.4130002751433448
0.98,0.2137987865196746,0.3732009383369804,0.4130002751433448
1.0,0.2137987865196746,0.3732009383369804,0.4130002751433448
