fraction_of_volc,OH,H2O2,TMI
0.0,0.12621717320911274,0.426673243120822,0.44710958367006526
0.02,0.12621717320911274,0.426673243120822,0.44710958367006526
0.04,0.12621717320911274,0.426673243120822,0.44710958367006526
0.06,0.12621717320911274,0.426673243120822,0.44710958367006526
0.08,0.12621717320911274,0.426673243120822,0.44710958367006526
0.1,0.12621717320911274,0.426673243120822,0.44710958367006526
0.12,0.12621717320911274,0.426673243120822,0.44710958367006526
0.14,0.12621717320911274,0.426673243120822,0.44710958367006526
0.16,0.12621717320911274,0.426673243120822,0.44710958367006526
0.18,0.12621717320911274,0.426673243120822,0.44710958367006526
0.2,0.12621717320911274,0.426673243120822,0.44710958367006526
0.22,0.12621717320911274,0.426673243120822,0.44710958367006526
0.24,0.12621717320911274,0.426673243120822,0.44710958367006526
0.26,0.12621717320911274,0.426673243120822,0.44710958367006526
0.28,0.12621717320911274,0.426673243120822,0.44710958367006526
0.3,0.12621717320911274,0.426673243120822,0.44710958367006526
0.32,0.12621717320911274,0.426673243120822,0.44710958367006526
0.34,0.12621717320911274,0.426673243120822,0.44710958367006526
0.36,0.12621717320911274,0.426673243120822,0.44710958367006526
0.38,0.12621717320911274,0.426673243120822,0.44710958367006526
0.4,0.12621717320911274,0.426673243120822,0.44710958367006526
0.42,0.12621717320911274,0.426673243120822,0.44710958367006526
0.44,0.12621717320911274,0.426673243120822,0.44710958367006526
0.46,0.12621717320911274,0.426673243120822,0.44710958367006526
0.48,0.12621717320911274,0.426673243120822,0.44710958367006526
0.5,0.12621717320911274,0.426673243120822,0.44710958367006526
0.52,0.12621717320911274,0.426673243120822,0.44710958367006526
0.54,0.12621717320911274,0.426673243120822,0.44710958367006526
0.56,0.11670995460345163,0.4560606245161199,0.4272294208804285
0.58,0.10720273599779051,0.4854480059114178,0.40734925809079164
0.6,0.09769551739212941,0.5148353873067157,0.38746909530115486
0.62,0.08818829878646829,0.5442227687020136,0.36758893251151803
0.64,0.07868108018080718,0.5736101500973115,0.34770876972188125
0.66,0.06917386157514607,0.6029975314926095,0.32782860693224447
0.68,0.059666642969484956,0.6323849128879073,0.3079484441426077
0.7000000000000001,0.05015942436382384,0.6617722942832053,0.28806828135297086
0.72,0.040652205758162724,0.6911596756785032,0.268188118563334
0.74,0.031144987152501608,0.7205470570738011,0.24830795577369724
0.76,0.031144987152501608,0.7205470570738011,0.24830795577369724
0.78,0.031144987152501608,0.7205470570738011,0.24830795577369724
0.8,0.031144987152501608,0.7205470570738011,0.24830795577369724
0.8200000000000001,0.031144987152501608,0.7205470570738011,0.24830795577369724
0.84,0.031144987152501608,0.7205470570738011,0.24830795577369724
0.86,0.031144987152501608,0.7205470570738011,0.24830795577369724
0.88,0.031144987152501608,0.7205470570738011,0.24830795577369724
0.9,0.031144987152501608,0.7205470570738011,0.24830795577369724
0.92,0.031144987152501608,0.7205470570738011,0.24830795577369724
0.9400000000000001,0.031144987152501608,0.7205470570738011,0.24830795577369724
0.96,0.031144987152501608,0.7205470570738011,0.24830795577369724
0.98,0.031144987152501608,0.7205470570738011,0.24830795577369724
1.0,0.031144987152501608,0.7205470570738011,0.24830795577369724
