fraction_of_volc,OH,H2O2,TMI
0.0,0.5526845402254102,0.05211366979124232,0.39520178998334754
0.02,0.5526845402254102,0.05211366979124232,0.39520178998334754
0.04,0.5526845402254102,0.05211366979124232,0.39520178998334754
0.06,0.5526845402254102,0.05211366979124232,0.39520178998334754
0.08,0.5526845402254102,0.05211366979124232,0.39520178998334754
0.1,0.5526845402254102,0.05211366979124232,0.39520178998334754
0.12,0.5526845402254102,0.05211366979124232,0.39520178998334754
0.14,0.5526845402254102,0.05211366979124232,0.39520178998334754
0.16,0.5526845402254102,0.05211366979124232,0.39520178998334754
0.18,0.5526845402254102,0.05211366979124232,0.39520178998334754
0.2,0.5526845402254102,0.05211366979124232,0.39520178998334754
0.22,0.5526845402254102,0.05211366979124232,0.39520178998334754
0.24,0.5526845402254102,0.05211366979124232,0.39520178998334754
0.26,0.5526845402254102,0.05211366979124232,0.39520178998334754
0.28,0.5526845402254102,0.05211366979124232,0.39520178998334754
0.3,0.5526845402254102,0.05211366979124232,0.39520178998334754
0.32,0.5526845402254102,0.05211366979124232,0.39520178998334754
0.34,0.5526845402254102,0.05211366979124232,0.39520178998334754
0.36,0.5526845402254102,0.05211366979124232,0.39520178998334754
0.38,0.5526845402254102,0.05211366979124232,0.39520178998334754
0.4,0.5526845402254102,0.05211366979124232,0.39520178998334754
0.42,0.5526845402254102,0.05211366979124232,0.39520178998334754
0.44,0.5526845402254102,0.05211366979124232,0.39520178998334754
0.46,0.5526845402254102,0.05211366979124232,0.39520178998334754
0.48,0.5526845402254102,0.05211366979124232,0.39520178998334754
0.5,0.5526845402254102,0.05211366979124232,0.39520178998334754
0.52,0.5526845402254102,0.05211366979124232,0.39520178998334754
0.54,0.5526845402254102,0.05211366979124232,0.39520178998334754
0.56,0.5526845402254102,0.05211366979124232,0.39520178998334754
0.58,0.5526845402254102,0.05211366979124232,0.39520178998334754
0.6,0.5526845402254102,0.05211366979124232,0.39520178998334754
0.62,0.5526845402254102,0.05211366979124232,0.39520178998334754
0.64,0.5526845402254102,0.05211366979124232,0.39520178998334754
0.66,0.5526845402254102,0.05211366979124232,0.39520178998334754
0.68,0.5526845402254102,0.05211366979124232,0.39520178998334754
0.7000000000000001,0.5887267812955551,0.052008845676604964,0.35926437302784003
0.72,0.6247690223656999,0.051904021561967606,0.3233269560723325
0.74,0.6608112634358447,0.05179919744733025,0.2873895391168251
0.76,0.6968535045059896,0.05169437333269289,0.2514521221613175
0.78,0.7328957455761345,0.05158954921805552,0.21551470520581004
0.8,0.7689379866462793,0.051484725103418165,0.17957728825030256
0.8200000000000001,0.8049802277164241,0.051379900988780806,0.14363987129479505
0.84,0.8410224687865689,0.05127507687414345,0.10770245433928755
0.86,0.8410224687865689,0.05127507687414345,0.10770245433928755
0.88,0.8410224687865689,0.05127507687414345,0.10770245433928755
0.9,0.8410224687865689,0.05127507687414345,0.10770245433928755
0.92,0.8410224687865689,0.05127507687414345,0.10770245433928755
0.9400000000000001,0.8410224687865689,0.05127507687414345,0.10770245433928755
0.96,0.8410224687865689,0.05127507687414345,0.10770245433928755
0.98,0.8410224687865689,0.05127507687414345,0.10770245433928755
1.0,0.8410224687865689,0.05127507687414345,0.10770245433928755
