fraction_of_volc,OH,H2O2,TMI
0.0,0.2847603908596579,0.27287815192723935,0.4423614572131029
0.02,0.2847603908596579,0.27287815192723935,0.4423614572131029
0.04,0.2847603908596579,0.27287815192723935,0.4423614572131029
0.06,0.2847603908596579,0.27287815192723935,0.4423614572131029
0.08,0.2847603908596579,0.27287815192723935,0.4423614572131029
0.1,0.2847603908596579,0.27287815192723935,0.4423614572131029
0.12,0.2847603908596579,0.27287815192723935,0.4423614572131029
0.14,0.2847603908596579,0.27287815192723935,0.4423614572131029
0.16,0.2847603908596579,0.27287815192723935,0.4423614572131029
0.18,0.2847603908596579,0.27287815192723935,0.4423614572131029
0.2,0.2847603908596579,0.27287815192723935,0.4423614572131029
0.22,0.2847603908596579,0.27287815192723935,0.4423614572131029
0.24,0.2847603908596579,0.27287815192723935,0.4423614572131029
0.26,0.2847603908596579,0.27287815192723935,0.4423614572131029
0.28,0.2847603908596579,0.27287815192723935,0.4423614572131029
0.3,0.2847603908596579,0.27287815192723935,0.4423614572131029
0.32,0.2847603908596579,0.27287815192723935,0.4423614572131029
0.34,0.2847603908596579,0.27287815192723935,0.4423614572131029
0.36,0.2847603908596579,0.27287815192723935,0.4423614572131029
0.38,0.2847603908596579,0.27287815192723935,0.4423614572131029
0.4,0.2847603908596579,0.27287815192723935,0.4423614572131029
0.42,0.2847603908596579,0.27287815192723935,0.4423614572131029
0.44,0.2847603908596579,0.27287815192723935,0.4423614572131029
0.46,0.2847603908596579,0.27287815192723935,0.4423614572131029
0.48,0.2847603908596579,0.27287815192723935,0.4423614572131029
0.5,0.2847603908596579,0.27287815192723935,0.4423614572131029
0.52,0.2847603908596579,0.27287815192723935,0.4423614572131029
0.54,0.2847603908596579,0.27287815192723935,0.4423614572131029
0.56,0.2847603908596579,0.27287815192723935,0.4423614572131029
0.58,0.26669403873174213,0.2863405629696759,0.44696539829858206
0.6,0.24862768660382636,0.2998029740121125,0.45156933938406124
0.62,0.23056133447591062,0.31326538505454904,0.4561732804695404
0.64,0.21249498234799485,0.32672779609698555,0.46077722155501966
0.66,0.1944286302200791,0.3401902071394221,0.46538116264049884
0.68,0.17636227809216337,0.35365261818185867,0.469985103725978
0.7000000000000001,0.1582959259642476,0.36711502922429523,0.4745890448114572
0.72,0.14022957383633186,0.3805774402667318,0.4791929858969364
0.74,0.12216322170841612,0.3940398513091683,0.48379692698241555
0.76,0.10409686958050035,0.40750226235160486,0.48840086806789473
0.78,0.08603051745258461,0.4209646733940414,0.49300480915337397
0.8,0.06796416532466887,0.434427084436478,0.49760875023885315
0.8200000000000001,0.0498978131967531,0.44788949547891455,0.5022126913243323
0.84,0.03183146106883733,0.46135190652135105,0.5068166324098116
0.86,0.013765108940921563,0.4748143175637876,0.5114205734952907
0.88,0.013765108940921563,0.4748143175637876,0.5114205734952907
0.9,0.013765108940921563,0.4748143175637876,0.5114205734952907
0.92,0.013765108940921563,0.4748143175637876,0.5114205734952907
0.9400000000000001,0.013765108940921563,0.4748143175637876,0.5114205734952907
0.96,0.013765108940921563,0.4748143175637876,0.5114205734952907
0.98,0.013765108940921563,0.4748143175637876,0.5114205734952907
1.0,0.013765108940921563,0.4748143175637876,0.5114205734952907
