fraction_of_volc,OH,H2O2,TMI
0.0,0.17289397153933342,0.3898020769809909,0.43730395147967566
0.02,0.17289397153933342,0.3898020769809909,0.43730395147967566
0.04,0.17289397153933342,0.3898020769809909,0.43730395147967566
0.06,0.17289397153933342,0.3898020769809909,0.43730395147967566
0.08,0.17289397153933342,0.3898020769809909,0.43730395147967566
0.1,0.17289397153933342,0.3898020769809909,0.43730395147967566
0.12,0.17289397153933342,0.3898020769809909,0.43730395147967566
0.14,0.17289397153933342,0.3898020769809909,0.43730395147967566
0.16,0.17289397153933342,0.3898020769809909,0.43730395147967566
0.18,0.17289397153933342,0.3898020769809909,0.43730395147967566
0.2,0.17289397153933342,0.3898020769809909,0.43730395147967566
0.22,0.17289397153933342,0.3898020769809909,0.43730395147967566
0.24,0.17289397153933342,0.3898020769809909,0.43730395147967566
0.26,0.17289397153933342,0.3898020769809909,0.43730395147967566
0.28,0.17289397153933342,0.3898020769809909,0.43730395147967566
0.3,0.17289397153933342,0.3898020769809909,0.43730395147967566
0.32,0.17289397153933342,0.3898020769809909,0.43730395147967566
0.34,0.17289397153933342,0.3898020769809909,0.43730395147967566
0.36,0.17289397153933342,0.3898020769809909,0.43730395147967566
0.38,0.17289397153933342,0.3898020769809909,0.43730395147967566
0.4,0.18297351046231203,0.37969414800746887,0.43733234153021905
0.42,0.19305304938529064,0.3695862190339469,0.43736073158076244
0.44,0.20313258830826925,0.35947829006042487,0.43738912163130583
0.46,0.21321212723124786,0.3493703610869029,0.4374175116818492
0.48,0.22329166615422646,0.33926243211338086,0.4374459017323926
0.5,0.23337120507720505,0.3291545031398589,0.437474291782936
0.52,0.24345074400018368,0.31904657416633686,0.4375026818334794
0.54,0.25353028292316226,0.3089386451928149,0.4375310718840228
0.56,0.2636098218461409,0.29883071621929286,0.4375594619345662
0.58,0.2736893607691195,0.2887227872457709,0.4375878519851096
0.6,0.2837688996920981,0.27861485827224886,0.43761624203565297
0.62,0.2938484386150767,0.2685069292987269,0.43764463208619636
0.64,0.30392797753805534,0.25839900032520485,0.43767302213673975
0.66,0.3140075164610339,0.24829107135168285,0.4377014121872832
0.68,0.3240870553840125,0.23818314237816085,0.4377298022378266
0.7000000000000001,0.33416659430699114,0.22807521340463885,0.43775819228837
0.72,0.3442461332299698,0.21796728443111685,0.4377865823389134
0.74,0.35432567215294836,0.20785935545759485,0.43781497238945677
0.76,0.36440521107592694,0.19775142648407285,0.43784336244000016
0.78,0.3744847499989056,0.18764349751055084,0.43787175249054355
0.8,0.3845642889218842,0.17753556853702884,0.43790014254108695
0.8200000000000001,0.3946438278448628,0.16742763956350684,0.43792853259163034
0.84,0.4047233667678414,0.15731971058998484,0.43795692264217373
0.86,0.41480290569082,0.1472117816164628,0.4379853126927171
0.88,0.42488244461379865,0.13710385264294084,0.4380137027432605
0.9,0.4349619835367772,0.1269959236694188,0.4380420927938039
0.92,0.4450415224597558,0.11688799469589684,0.4380704828443473
0.9400000000000001,0.4450415224597558,0.11688799469589684,0.4380704828443473
0.96,0.4450415224597558,0.11688799469589684,0.4380704828443473
0.98,0.4450415224597558,0.11688799469589684,0.4380704828443473
1.0,0.4450415224597558,0.11688799469589684,0.4380704828443473
