fraction_of_volc,OH,H2O2,TMI
0.0,0.3632137738696218,0.44059772194836094,0.19618850418201736
0.02,0.3632137738696218,0.44059772194836094,0.19618850418201736
0.04,0.3632137738696218,0.44059772194836094,0.19618850418201736
0.06,0.3632137738696218,0.44059772194836094,0.19618850418201736
0.08,0.3632137738696218,0.44059772194836094,0.19618850418201736
0.1,0.3632137738696218,0.44059772194836094,0.19618850418201736
0.12,0.3632137738696218,0.44059772194836094,0.19618850418201736
0.14,0.3632137738696218,0.44059772194836094,0.19618850418201736
0.16,0.3632137738696218,0.44059772194836094,0.19618850418201736
0.18,0.3632137738696218,0.44059772194836094,0.19618850418201736
0.2,0.3632137738696218,0.44059772194836094,0.19618850418201736
0.22,0.3632137738696218,0.44059772194836094,0.19618850418201736
0.24,0.3632137738696218,0.44059772194836094,0.19618850418201736
0.26,0.3632137738696218,0.44059772194836094,0.19618850418201736
0.28,0.3632137738696218,0.44059772194836094,0.19618850418201736
0.3,0.3632137738696218,0.44059772194836094,0.19618850418201736
0.32,0.3632137738696218,0.44059772194836094,0.19618850418201736
0.34,0.3632137738696218,0.44059772194836094,0.19618850418201736
0.36,0.3632137738696218,0.44059772194836094,0.19618850418201736
0.38,0.3632137738696218,0.44059772194836094,0.19618850418201736
0.4,0.3632137738696218,0.44059772194836094,0.19618850418201736
0.42,0.3632137738696218,0.44059772194836094,0.19618850418201736
0.44,0.3632137738696218,0.44059772194836094,0.19618850418201736
0.46,0.3632137738696218,0.44059772194836094,0.19618850418201736
0.48,0.3632137738696218,0.44059772194836094,0.19618850418201736
0.5,0.3632137738696218,0.44059772194836094,0.19618850418201736
0.52,0.3632137738696218,0.44059772194836094,0.19618850418201736
0.54,0.3632137738696218,0.44059772194836094,0.19618850418201736
0.56,0.3632137738696218,0.44059772194836094,0.19618850418201736
0.58,0.3632137738696218,0.44059772194836094,0.19618850418201736
0.6,0.3632137738696218,0.44059772194836094,0.19618850418201736
0.62,0.3632137738696218,0.44059772194836094,0.19618850418201736
0.64,0.3564102679698148,0.43484473829935166,0.2087449937308336
0.66,0.34960676207000785,0.42909175465034244,0.22130148327964982
0.68,0.34280325617020085,0.42333877100133316,0.23385797282846607
0.7000000000000001,0.33599975027039386,0.41758578735232393,0.24641446237728232
0.72,0.32919624437058687,0.41183280370331465,0.25897095192609854
0.74,0.3223927384707799,0.40607982005430543,0.2715274414749148
0.76,0.31558923257097293,0.40032683640529615,0.28408393102373103
0.78,0.30878572667116594,0.39457385275628687,0.29664042057254725
0.8,0.30198222077135894,0.38882086910727764,0.30919691012136347
0.8200000000000001,0.295178714871552,0.38306788545826836,0.3217533996701797
0.84,0.288375208971745,0.3773149018092591,0.33430988921899596
0.86,0.281571703071938,0.37156191816024986,0.34686637876781223
0.88,0.2747681971721311,0.3658089345112406,0.3594228683166284
0.9,0.2679646912723241,0.36005595086223136,0.37197935786544467
0.92,0.2611611853725171,0.3543029672132221,0.3845358474142609
0.9400000000000001,0.2543576794727101,0.34854998356421285,0.3970923369630771
0.96,0.24755417357290313,0.34279699991520357,0.4096488265118934
0.98,0.24755417357290313,0.34279699991520357,0.4096488265118934
1.0,0.24755417357290313,0.34279699991520357,0.4096488265118934
