fraction_of_volc,OH,H2O2,TMI
0.0,0.918798977047647,0.009631381549378211,0.07156964140297474
0.02,0.918798977047647,0.009631381549378211,0.07156964140297474
0.04,0.918798977047647,0.009631381549378211,0.07156964140297474
0.06,0.918798977047647,0.009631381549378211,0.07156964140297474
0.08,0.918798977047647,0.009631381549378211,0.07156964140297474
0.1,0.918798977047647,0.009631381549378211,0.07156964140297474
0.12,0.918798977047647,0.009631381549378211,0.07156964140297474
0.14,0.918798977047647,0.009631381549378211,0.07156964140297474
0.16,0.918798977047647,0.009631381549378211,0.07156964140297474
0.18,0.918798977047647,0.009631381549378211,0.07156964140297474
0.2,0.918798977047647,0.009631381549378211,0.07156964140297474
0.22,0.918798977047647,0.009631381549378211,0.07156964140297474
0.24,0.918798977047647,0.009631381549378211,0.07156964140297474
0.26,0.918798977047647,0.009631381549378211,0.07156964140297474
0.28,0.918798977047647,0.009631381549378211,0.07156964140297474
0.3,0.918798977047647,0.009631381549378211,0.07156964140297474
0.32,0.918798977047647,0.009631381549378211,0.07156964140297474
0.34,0.918798977047647,0.009631381549378211,0.07156964140297474
0.36,0.918798977047647,0.009631381549378211,0.07156964140297474
0.38,0.918798977047647,0.009631381549378211,0.07156964140297474
0.4,0.918798977047647,0.009631381549378211,0.07156964140297474
0.42,0.918798977047647,0.009631381549378211,0.07156964140297474
0.44,0.918798977047647,0.009631381549378211,0.07156964140297474
0.46,0.918798977047647,0.009631381549378211,0.07156964140297474
0.48,0.918798977047647,0.009631381549378211,0.07156964140297474
0.5,0.918798977047647,0.009631381549378211,0.07156964140297474
0.52,0.918798977047647,0.009631381549378211,0.07156964140297474
0.54,0.918798977047647,0.009631381549378211,0.07156964140297474
0.56,0.918798977047647,0.009631381549378211,0.07156964140297474
0.58,0.8997616048105744,0.01151435960231725,0.08872403558710826
0.6,0.8807242325735019,0.013397337655256289,0.10587842977124176
0.62,0.8616868603364294,0.015280315708195328,0.12303282395537526
0.64,0.8426494880993568,0.017163293761134367,0.1401872181395088
0.66,0.8236121158622842,0.019046271814073406,0.1573416123236423
0.68,0.8045747436252118,0.020929249867012445,0.1744960065077758
0.7000000000000001,0.7855373713881392,0.022812227919951484,0.1916504006919093
0.72,0.7664999991510666,0.024695205972890523,0.2088047948760428
0.74,0.747462626913994,0.026578184025829562,0.2259591890601763
0.76,0.7284252546769214,0.0284611620787686,0.24311358324430982
0.78,0.709387882439849,0.03034414013170764,0.2602679774284434
0.8,0.6903505102027764,0.03222711818464668,0.2774223716125769
0.8200000000000001,0.6713131379657038,0.03411009623758572,0.2945767657967104
0.84,0.6522757657286313,0.03599307429052476,0.3117311599808439
0.86,0.6332383934915587,0.03787605234346379,0.3288855541649774
0.88,0.6142010212544862,0.039759030396402835,0.3460399483491109
0.9,0.6142010212544862,0.039759030396402835,0.3460399483491109
0.92,0.6142010212544862,0.039759030396402835,0.3460399483491109
0.9400000000000001,0.6142010212544862,0.039759030396402835,0.3460399483491109
0.96,0.6142010212544862,0.039759030396402835,0.3460399483491109
0.98,0.6142010212544862,0.039759030396402835,0.3460399483491109
1.0,0.6142010212544862,0.039759030396402835,0.3460399483491109
