fraction_of_volc,OH,H2O2,TMI
0.0,0.04204309571933185,0.651643939652138,0.30631296462853025
0.02,0.04204309571933185,0.651643939652138,0.30631296462853025
0.04,0.04204309571933185,0.651643939652138,0.30631296462853025
0.06,0.04204309571933185,0.651643939652138,0.30631296462853025
0.08,0.04204309571933185,0.651643939652138,0.30631296462853025
0.1,0.04204309571933185,0.651643939652138,0.30631296462853025
0.12,0.04204309571933185,0.651643939652138,0.30631296462853025
0.14,0.04204309571933185,0.651643939652138,0.30631296462853025
0.16,0.04204309571933185,0.651643939652138,0.30631296462853025
0.18,0.04204309571933185,0.651643939652138,0.30631296462853025
0.2,0.04204309571933185,0.651643939652138,0.30631296462853025
0.22,0.04204309571933185,0.651643939652138,0.30631296462853025
0.24,0.04204309571933185,0.651643939652138,0.30631296462853025
0.26,0.04204309571933185,0.651643939652138,0.30631296462853025
0.28,0.04204309571933185,0.651643939652138,0.30631296462853025
0.3,0.04204309571933185,0.651643939652138,0.30631296462853025
0.32,0.04204309571933185,0.651643939652138,0.30631296462853025
0.34,0.04204309571933185,0.651643939652138,0.30631296462853025
0.36,0.04204309571933185,0.651643939652138,0.30631296462853025
0.38,0.04204309571933185,0.651643939652138,0.30631296462853025
0.4,0.04204309571933185,0.651643939652138,0.30631296462853025
0.42,0.04204309571933185,0.651643939652138,0.30631296462853025
0.44,0.04204309571933185,0.651643939652138,0.30631296462853025
0.46,0.04204309571933185,0.651643939652138,0.30631296462853025
0.48,0.04204309571933185,0.651643939652138,0.30631296462853025
0.5,0.04204309571933185,0.651643939652138,0.30631296462853025
0.52,0.04204309571933185,0.651643939652138,0.30631296462853025
0.54,0.04204309571933185,0.651643939652138,0.30631296462853025
0.56,0.04204309571933185,0.651643939652138,0.30631296462853025
0.58,0.04204309571933185,0.651643939652138,0.30631296462853025
0.6,0.04204309571933185,0.651643939652138,0.30631296462853025
0.62,0.04204309571933185,0.651643939652138,0.30631296462853025
0.64,0.04204309571933185,0.651643939652138,0.30631296462853025
0.66,0.08770944772706704,0.6040858648223875,0.3082046874505455
0.68,0.13337579973480224,0.556527789992637,0.3100964102725608
0.7000000000000001,0.17904215174253746,0.5089697151628865,0.31198813309457607
0.72,0.22470850375027265,0.461411640333136,0.3138798559165914
0.74,0.27037485575800785,0.4138535655033855,0.3157715787386067
0.76,0.31604120776574307,0.36629549067363504,0.31766330156062195
0.78,0.36170755977347824,0.31873741584388454,0.3195550243826372
0.8,0.40737391178121346,0.27117934101413405,0.3214467472046525
0.8200000000000001,0.4530402637889487,0.22362126618438355,0.32333847002666777
0.84,0.49870661579668385,0.17606319135463305,0.32523019284868304
0.86,0.544372967804419,0.1285051165248826,0.32712191567069837
0.88,0.5900393198121543,0.08094704169513212,0.32901363849271364
0.9,0.6357056718198895,0.0333889668653816,0.3309053613147289
0.92,0.6357056718198895,0.0333889668653816,0.3309053613147289
0.9400000000000001,0.6357056718198895,0.0333889668653816,0.3309053613147289
0.96,0.6357056718198895,0.0333889668653816,0.3309053613147289
0.98,0.6357056718198895,0.0333889668653816,0.3309053613147289
1.0,0.6357056718198895,0.0333889668653816,0.3309053613147289
