fraction_of_volc,OH,H2O2,TMI
0.0,0.5277539730244278,0.11068800393685845,0.3615580230387137
0.02,0.5277539730244278,0.11068800393685845,0.3615580230387137
0.04,0.5277539730244278,0.11068800393685845,0.3615580230387137
0.06,0.5277539730244278,0.11068800393685845,0.3615580230387137
0.08,0.5277539730244278,0.11068800393685845,0.3615580230387137
0.1,0.5277539730244278,0.11068800393685845,0.3615580230387137
0.12,0.5277539730244278,0.11068800393685845,0.3615580230387137
0.14,0.5277539730244278,0.11068800393685845,0.3615580230387137
0.16,0.5277539730244278,0.11068800393685845,0.3615580230387137
0.18,0.5277539730244278,0.11068800393685845,0.3615580230387137
0.2,0.5277539730244278,0.11068800393685845,0.3615580230387137
0.22,0.5277539730244278,0.11068800393685845,0.3615580230387137
0.24,0.5277539730244278,0.11068800393685845,0.3615580230387137
0.26,0.5277539730244278,0.11068800393685845,0.3615580230387137
0.28,0.5277539730244278,0.11068800393685845,0.3615580230387137
0.3,0.5277539730244278,0.11068800393685845,0.3615580230387137
0.32,0.5277539730244278,0.11068800393685845,0.3615580230387137
0.34,0.5277539730244278,0.11068800393685845,0.3615580230387137
0.36,0.5277539730244278,0.11068800393685845,0.3615580230387137
0.38,0.5277539730244278,0.11068800393685845,0.3615580230387137
0.4,0.5277539730244278,0.11068800393685845,0.3615580230387137
0.42,0.5277539730244278,0.11068800393685845,0.3615580230387137
0.44,0.5277539730244278,0.11068800393685845,0.3615580230387137
0.46,0.5277539730244278,0.11068800393685845,0.3615580230387137
0.48,0.5277539730244278,0.11068800393685845,0.3615580230387137
0.5,0.5277539730244278,0.11068800393685845,0.3615580230387137
0.52,0.5277539730244278,0.11068800393685845,0.3615580230387137
0.54,0.5277539730244278,0.11068800393685845,0.3615580230387137
0.56,0.5277539730244278,0.11068800393685845,0.3615580230387137
0.58,0.5277539730244278,0.11068800393685845,0.3615580230387137
0.6,0.5277539730244278,0.11068800393685845,0.3615580230387137
0.62,0.5277539730244278,0.11068800393685845,0.3615580230387137
0.64,0.5277539730244278,0.11068800393685845,0.3615580230387137
0.66,0.5277539730244278,0.11068800393685845,0.3615580230387137
0.68,0.5277539730244278,0.11068800393685845,0.3615580230387137
0.7000000000000001,0.514034267868569,0.13267874764755977,0.35328698448387125
0.72,0.50031456271271,0.15466949135826108,0.34501594592902884
0.74,0.48659485755685117,0.17666023506896242,0.3367449073741864
0.76,0.47287515240099226,0.19865097877966376,0.32847386881934393
0.78,0.4591554472451334,0.22064172249036507,0.3202028302645015
0.8,0.4454357420892745,0.24263246620106638,0.31193179170965907
0.8200000000000001,0.43171603693341565,0.26462320991176774,0.3036607531548166
0.84,0.41799633177755674,0.28661395362246905,0.2953897145999742
0.86,0.40427662662169783,0.30860469733317036,0.28711867604513175
0.88,0.390556921465839,0.3305954410438717,0.2788476374902893
0.9,0.37683721630998007,0.35258618475457304,0.2705765989354469
0.92,0.36311751115412116,0.37457692846527435,0.26230556038060443
0.9400000000000001,0.36311751115412116,0.37457692846527435,0.26230556038060443
0.96,0.36311751115412116,0.37457692846527435,0.26230556038060443
0.98,0.36311751115412116,0.37457692846527435,0.26230556038060443
1.0,0.36311751115412116,0.37457692846527435,0.26230556038060443
