fraction_of_volc,OH,H2O2,TMI
0.0,0.11915895858451787,0.0012508520441835479,0.8795901893712987
0.02,0.11915895858451787,0.0012508520441835479,0.8795901893712987
0.04,0.11915895858451787,0.0012508520441835479,0.8795901893712987
0.06,0.11915895858451787,0.0012508520441835479,0.8795901893712987
0.08,0.11915895858451787,0.0012508520441835479,0.8795901893712987
0.1,0.11915895858451787,0.0012508520441835479,0.8795901893712987
0.12,0.11915895858451787,0.0012508520441835479,0.8795901893712987
0.14,0.11915895858451787,0.0012508520441835479,0.8795901893712987
0.16,0.12768943368843083,0.006431674484957549,0.8658788918266118
0.18,0.1362199087923438,0.01161249692573155,0.8521675942819248
0.2,0.14475038389625675,0.016793319366505553,0.8384562967372379
0.22,0.1532808590001697,0.021974141807279555,0.8247449991925508
0.24,0.16181133410408266,0.027154964248053557,0.8110337016478639
0.26,0.17034180920799563,0.032335786688827556,0.797322404103177
0.28,0.17887228431190857,0.03751660912960156,0.78361110655849
0.3,0.18740275941582152,0.04269743157037556,0.7698998090138031
0.32,0.1959332345197345,0.04787825401114956,0.756188511469116
0.34,0.20446370962364746,0.053059076451923565,0.7424772139244291
0.36,0.2129941847275604,0.05823989889269757,0.7287659163797422
0.38,0.22152465983147335,0.06342072133347156,0.7150546188350552
0.4,0.23005513493538632,0.06860154377424556,0.7013433212903682
0.42,0.2385856100392993,0.07378236621501956,0.6876320237456812
0.44,0.2471160851432122,0.07896318865579356,0.6739207262009943
0.46,0.2556465602471252,0.08414401109656756,0.6602094286563074
0.48,0.26417703535103815,0.08932483353734157,0.6464981311116204
0.5,0.2727075104549511,0.09450565597811557,0.6327868335669334
0.52,0.28123798555886403,0.09968647841888957,0.6190755360222464
0.54,0.289768460662777,0.10486730085966357,0.6053642384775595
0.56,0.29829893576669,0.11004812330043758,0.5916529409328726
0.58,0.30682941087060295,0.11522894574121158,0.5779416433881855
0.6,0.31535988597451586,0.12040976818198558,0.5642303458434985
0.62,0.32389036107842883,0.12559059062275957,0.5505190482988116
0.64,0.3324208361823418,0.13077141306353357,0.5368077507541247
0.66,0.3409513112862548,0.13595223550430757,0.5230964532094378
0.68,0.3494817863901677,0.14113305794508157,0.5093851556647507
0.7000000000000001,0.3494817863901677,0.14113305794508157,0.5093851556647507
0.72,0.3494817863901677,0.14113305794508157,0.5093851556647507
0.74,0.3494817863901677,0.14113305794508157,0.5093851556647507
0.76,0.3494817863901677,0.14113305794508157,0.5093851556647507
0.78,0.3494817863901677,0.14113305794508157,0.5093851556647507
0.8,0.3494817863901677,0.14113305794508157,0.5093851556647507
0.8200000000000001,0.3494817863901677,0.14113305794508157,0.5093851556647507
0.84,0.3494817863901677,0.14113305794508157,0.5093851556647507
0.86,0.3494817863901677,0.14113305794508157,0.5093851556647507
0.88,0.3494817863901677,0.14113305794508157,0.5093851556647507
0.9,0.3494817863901677,0.14113305794508157,0.5093851556647507
0.92,0.3494817863901677,0.14113305794508157,0.5093851556647507
0.9400000000000001,0.3494817863901677,0.14113305794508157,0.5093851556647507
0.96,0.3494817863901677,0.14113305794508157,0.5093851556647507
0.98,0.3494817863901677,0.14113305794508157,0.5093851556647507
1.0,0.3494817863901677,0.14113305794508157,0.5093851556647507
