fraction_of_volc,OH,H2O2,TMI
0.0,0.004509229933449511,0.16041170990643494,0.8350790601601156
0.02,0.004509229933449511,0.16041170990643494,0.8350790601601156
0.04,0.004509229933449511,0.16041170990643494,0.8350790601601156
0.06,0.004509229933449511,0.16041170990643494,0.8350790601601156
0.08,0.004509229933449511,0.16041170990643494,0.8350790601601156
0.1,0.004509229933449511,0.16041170990643494,0.8350790601601156
0.12,0.004509229933449511,0.16041170990643494,0.8350790601601156
0.14,0.004509229933449511,0.16041170990643494,0.8350790601601156
0.16,0.004509229933449511,0.16041170990643494,0.8350790601601156
0.18,0.004509229933449511,0.16041170990643494,0.8350790601601156
0.2,0.004509229933449511,0.16041170990643494,0.8350790601601156
0.22,0.004509229933449511,0.16041170990643494,0.8350790601601156
0.24,0.004509229933449511,0.16041170990643494,0.8350790601601156
0.26,0.004509229933449511,0.16041170990643494,0.8350790601601156
0.28,0.004509229933449511,0.16041170990643494,0.8350790601601156
0.3,0.004509229933449511,0.16041170990643494,0.8350790601601156
0.32,0.004509229933449511,0.16041170990643494,0.8350790601601156
0.34,0.004509229933449511,0.16041170990643494,0.8350790601601156
0.36,0.004509229933449511,0.16041170990643494,0.8350790601601156
0.38,0.004509229933449511,0.16041170990643494,0.8350790601601156
0.4,0.004509229933449511,0.16041170990643494,0.8350790601601156
0.42,0.004509229933449511,0.16041170990643494,0.8350790601601156
0.44,0.004509229933449511,0.16041170990643494,0.8350790601601156
0.46,0.004509229933449511,0.16041170990643494,0.8350790601601156
0.48,0.004509229933449511,0.16041170990643494,0.8350790601601156
0.5,0.004509229933449511,0.16041170990643494,0.8350790601601156
0.52,0.004509229933449511,0.16041170990643494,0.8350790601601156
0.54,0.004509229933449511,0.16041170990643494,0.8350790601601156
0.56,0.004509229933449511,0.16041170990643494,0.8350790601601156
0.58,0.004509229933449511,0.16041170990643494,0.8350790601601156
0.6,0.004509229933449511,0.16041170990643494,0.8350790601601156
0.62,0.004509229933449511,0.16041170990643494,0.8350790601601156
0.64,0.004509229933449511,0.16041170990643494,0.8350790601601156
0.66,0.004509229933449511,0.16041170990643494,0.8350790601601156
0.68,0.004509229933449511,0.16041170990643494,0.8350790601601156
0.7000000000000001,0.004509229933449511,0.16041170990643494,0.8350790601601156
0.72,0.004509229933449511,0.16041170990643494,0.8350790601601156
0.74,0.03315158119281602,0.19844215394251996,0.768406264864664
0.76,0.06179393245218252,0.23647259797860498,0.7017334695692125
0.78,0.09043628371154903,0.27450304201469,0.635060674273761
0.8,0.11907863497091555,0.312533486050775,0.5683878789783094
0.8200000000000001,0.14772098623028204,0.35056393008686004,0.5017150836828579
0.84,0.17636333748964855,0.3885943741229451,0.43504228838740633
0.86,0.20500568874901506,0.42662481815903014,0.36836949309195477
0.88,0.23364804000838157,0.46465526219511516,0.3016966977965032
0.9,0.26229039126774806,0.5026857062312002,0.23502390250105165
0.92,0.29093274252711454,0.5407161502672853,0.1683511072056001
0.9400000000000001,0.3195750937864811,0.5787465943033703,0.10167831191014866
0.96,0.3195750937864811,0.5787465943033703,0.10167831191014866
0.98,0.3195750937864811,0.5787465943033703,0.10167831191014866
1.0,0.3195750937864811,0.5787465943033703,0.10167831191014866
