fraction_of_volc,OH,H2O2,TMI
0.0,0.5915116314065124,0.0629785344535932,0.34550983413989433
0.02,0.5915116314065124,0.0629785344535932,0.34550983413989433
0.04,0.5915116314065124,0.0629785344535932,0.34550983413989433
0.06,0.5915116314065124,0.0629785344535932,0.34550983413989433
0.08,0.5915116314065124,0.0629785344535932,0.34550983413989433
0.1,0.5915116314065124,0.0629785344535932,0.34550983413989433
0.12,0.5915116314065124,0.0629785344535932,0.34550983413989433
0.14,0.5915116314065124,0.0629785344535932,0.34550983413989433
0.16,0.5915116314065124,0.0629785344535932,0.34550983413989433
0.18,0.5915116314065124,0.0629785344535932,0.34550983413989433
0.2,0.5915116314065124,0.0629785344535932,0.34550983413989433
0.22,0.5915116314065124,0.0629785344535932,0.34550983413989433
0.24,0.5915116314065124,0.0629785344535932,0.34550983413989433
0.26,0.5915116314065124,0.0629785344535932,0.34550983413989433
0.28,0.5915116314065124,0.0629785344535932,0.34550983413989433
0.3,0.5915116314065124,0.0629785344535932,0.34550983413989433
0.32,0.5915116314065124,0.0629785344535932,0.34550983413989433
0.34,0.5915116314065124,0.0629785344535932,0.34550983413989433
0.36,0.5915116314065124,0.0629785344535932,0.34550983413989433
0.38,0.5915116314065124,0.0629785344535932,0.34550983413989433
0.4,0.5915116314065124,0.0629785344535932,0.34550983413989433
0.42,0.5915116314065124,0.0629785344535932,0.34550983413989433
0.44,0.5915116314065124,0.0629785344535932,0.34550983413989433
0.46,0.5915116314065124,0.0629785344535932,0.34550983413989433
0.48,0.5915116314065124,0.0629785344535932,0.34550983413989433
0.5,0.5915116314065124,0.0629785344535932,0.34550983413989433
0.52,0.5915116314065124,0.0629785344535932,0.34550983413989433
0.54,0.5759802456046581,0.08476275148877373,0.3392570029065681
0.56,0.5604488598028039,0.10654696852395426,0.33300417167324176
0.58,0.5449174740009497,0.1283311855591348,0.3267513404399155
0.6,0.5293860881990954,0.15011540259431533,0.32049850920658923
0.62,0.5138547023972411,0.17189961962949588,0.31424567797326297
0.64,0.49832331659538687,0.19368383666467642,0.30799284673993665
0.66,0.4827919307935326,0.21546805369985694,0.3017400155066104
0.68,0.4827919307935326,0.21546805369985694,0.3017400155066104
0.7000000000000001,0.4827919307935326,0.21546805369985694,0.3017400155066104
0.72,0.4827919307935326,0.21546805369985694,0.3017400155066104
0.74,0.4827919307935326,0.21546805369985694,0.3017400155066104
0.76,0.4827919307935326,0.21546805369985694,0.3017400155066104
0.78,0.4827919307935326,0.21546805369985694,0.3017400155066104
0.8,0.4827919307935326,0.21546805369985694,0.3017400155066104
0.8200000000000001,0.4827919307935326,0.21546805369985694,0.3017400155066104
0.84,0.4827919307935326,0.21546805369985694,0.3017400155066104
0.86,0.4827919307935326,0.21546805369985694,0.3017400155066104
0.88,0.4827919307935326,0.21546805369985694,0.3017400155066104
0.9,0.4827919307935326,0.21546805369985694,0.3017400155066104
0.92,0.4827919307935326,0.21546805369985694,0.3017400155066104
0.9400000000000001,0.4827919307935326,0.21546805369985694,0.3017400155066104
0.96,0.4827919307935326,0.21546805369985694,0.3017400155066104
0.98,0.4827919307935326,0.21546805369985694,0.3017400155066104
1.0,0.4827919307935326,0.21546805369985694,0.3017400155066104
