fraction_of_volc,OH,H2O2,TMI
0.0,0.06941485944094503,0.730392354929204,0.2001927856298511
0.02,0.06941485944094503,0.730392354929204,0.2001927856298511
0.04,0.06941485944094503,0.730392354929204,0.2001927856298511
0.06,0.06941485944094503,0.730392354929204,0.2001927856298511
0.08,0.06941485944094503,0.730392354929204,0.2001927856298511
0.1,0.06941485944094503,0.730392354929204,0.2001927856298511
0.12,0.06941485944094503,0.730392354929204,0.2001927856298511
0.14,0.06941485944094503,0.730392354929204,0.2001927856298511
0.16,0.06941485944094503,0.730392354929204,0.2001927856298511
0.18,0.06941485944094503,0.730392354929204,0.2001927856298511
0.2,0.06941485944094503,0.730392354929204,0.2001927856298511
0.22,0.06941485944094503,0.730392354929204,0.2001927856298511
0.24,0.06941485944094503,0.730392354929204,0.2001927856298511
0.26,0.06941485944094503,0.730392354929204,0.2001927856298511
0.28,0.0980374252918843,0.706407770544652,0.19555480416346377
0.3,0.12665999114282359,0.6824231861601,0.19091682269707644
0.32,0.15528255699376287,0.6584386017755481,0.1862788412306891
0.34,0.18390512284470217,0.6344540173909962,0.18164085976430178
0.36,0.21252768869564145,0.6104694330064442,0.17700287829791445
0.38,0.24115025454658073,0.5864848486218922,0.17236489683152711
0.4,0.26977282039752004,0.5625002642373402,0.16772691536513978
0.42,0.2983953862484593,0.5385156798527884,0.16308893389875245
0.44,0.32701795209939855,0.5145310954682364,0.15845095243236512
0.46,0.3556405179503379,0.4905465110836844,0.1538129709659778
0.48,0.38426308380127716,0.46656192669913243,0.14917498949959046
0.5,0.4128856496522164,0.44257734231458046,0.14453700803320313
0.52,0.44150821550315567,0.41859275793002854,0.1398990265668158
0.54,0.47013078135409503,0.39460817354547656,0.13526104510042847
0.56,0.4987533472050343,0.37062358916092464,0.13062306363404114
0.58,0.5273759130559735,0.34663900477637266,0.1259850821676538
0.6,0.5559984789069129,0.3226544203918207,0.12134710070126646
0.62,0.5846210447578521,0.29866983600726876,0.11670911923487913
0.64,0.6132436106087914,0.2746852516227168,0.1120711377684918
0.66,0.6418661764597308,0.25070066723816486,0.10743315630210447
0.68,0.67048874231067,0.2267160828536129,0.10279517483571714
0.7000000000000001,0.6991113081616093,0.2027314984690609,0.0981571933693298
0.72,0.7277338740125485,0.17874691408450893,0.09351921190294248
0.74,0.7563564398634879,0.15476232969995696,0.08888123043655513
0.76,0.7849790057144271,0.1307777453154051,0.0842432489701678
0.78,0.8136015715653664,0.10679316093085311,0.07960526750378047
0.8,0.8422241374163058,0.08280857654630114,0.07496728603739314
0.8200000000000001,0.870846703267245,0.05882399216174916,0.07032930457100581
0.84,0.870846703267245,0.05882399216174916,0.07032930457100581
0.86,0.870846703267245,0.05882399216174916,0.07032930457100581
0.88,0.870846703267245,0.05882399216174916,0.07032930457100581
0.9,0.870846703267245,0.05882399216174916,0.07032930457100581
0.92,0.870846703267245,0.05882399216174916,0.07032930457100581
0.9400000000000001,0.870846703267245,0.05882399216174916,0.07032930457100581
0.96,0.870846703267245,0.05882399216174916,0.07032930457100581
0.98,0.870846703267245,0.05882399216174916,0.07032930457100581
1.0,0.870846703267245,0.05882399216174916,0.07032930457100581
