fraction_of_volc,OH,H2O2,TMI
0.0,0.10216773012022407,0.5141938249946695,0.3836384448851064
0.02,0.10216773012022407,0.5141938249946695,0.3836384448851064
0.04,0.10216773012022407,0.5141938249946695,0.3836384448851064
0.06,0.10216773012022407,0.5141938249946695,0.3836384448851064
0.08,0.10216773012022407,0.5141938249946695,0.3836384448851064
0.1,0.10216773012022407,0.5141938249946695,0.3836384448851064
0.12,0.10216773012022407,0.5141938249946695,0.3836384448851064
0.14,0.10216773012022407,0.5141938249946695,0.3836384448851064
0.16,0.10216773012022407,0.5141938249946695,0.3836384448851064
0.18,0.10216773012022407,0.5141938249946695,0.3836384448851064
0.2,0.10216773012022407,0.5141938249946695,0.3836384448851064
0.22,0.10216773012022407,0.5141938249946695,0.3836384448851064
0.24,0.10216773012022407,0.5141938249946695,0.3836384448851064
0.26,0.10216773012022407,0.5141938249946695,0.3836384448851064
0.28,0.10216773012022407,0.5141938249946695,0.3836384448851064
0.3,0.10216773012022407,0.5141938249946695,0.3836384448851064
0.32,0.10216773012022407,0.5141938249946695,0.3836384448851064
0.34,0.10216773012022407,0.5141938249946695,0.3836384448851064
0.36,0.10216773012022407,0.5141938249946695,0.3836384448851064
0.38,0.10216773012022407,0.5141938249946695,0.3836384448851064
0.4,0.10216773012022407,0.5141938249946695,0.3836384448851064
0.42,0.10216773012022407,0.5141938249946695,0.3836384448851064
0.44,0.10216773012022407,0.5141938249946695,0.3836384448851064
0.46,0.10216773012022407,0.5141938249946695,0.3836384448851064
0.48,0.10216773012022407,0.5141938249946695,0.3836384448851064
0.5,0.10216773012022407,0.5141938249946695,0.3836384448851064
0.52,0.10216773012022407,0.5141938249946695,0.3836384448851064
0.54,0.10216773012022407,0.5141938249946695,0.3836384448851064
0.56,0.10216773012022407,0.5141938249946695,0.3836384448851064
0.58,0.10216773012022407,0.5141938249946695,0.3836384448851064
0.6,0.10216773012022407,0.5141938249946695,0.3836384448851064
0.62,0.10216773012022407,0.5141938249946695,0.3836384448851064
0.64,0.10216773012022407,0.5141938249946695,0.3836384448851064
0.66,0.10216773012022407,0.5141938249946695,0.3836384448851064
0.68,0.10216773012022407,0.5141938249946695,0.3836384448851064
0.7000000000000001,0.10216773012022407,0.5141938249946695,0.3836384448851064
0.72,0.10216773012022407,0.5141938249946695,0.3836384448851064
0.74,0.10216773012022407,0.5141938249946695,0.3836384448851064
0.76,0.10216773012022407,0.5141938249946695,0.3836384448851064
0.78,0.10216773012022407,0.5141938249946695,0.3836384448851064
0.8,0.10216773012022407,0.5141938249946695,0.3836384448851064
0.8200000000000001,0.1444025369015319,0.48745870260310176,0.3681387604953663
0.84,0.18663734368283974,0.460723580211534,0.35263907610562617
0.86,0.22887215046414755,0.43398845781996626,0.3371393917158861
0.88,0.2711069572454554,0.4072533354283985,0.321639707326146
0.9,0.3133417640267632,0.38051821303683075,0.30614002293640585
0.92,0.35557657080807104,0.35378309064526303,0.29064033854666577
0.9400000000000001,0.3978113775893789,0.32704796825369525,0.2751406541569257
0.96,0.4400461843706867,0.3003128458621275,0.2596409697671856
0.98,0.4822809911519945,0.27357772347055975,0.24414128537744548
1.0,0.4822809911519945,0.27357772347055975,0.24414128537744548
