fraction_of_volc,OH,H2O2,TMI
0.0,0.8269994358752812,0.0728757929174009,0.10012477120731787
0.02,0.8269994358752812,0.0728757929174009,0.10012477120731787
0.04,0.8269994358752812,0.0728757929174009,0.10012477120731787
0.06,0.8269994358752812,0.0728757929174009,0.10012477120731787
0.08,0.8269994358752812,0.0728757929174009,0.10012477120731787
0.1,0.8269994358752812,0.0728757929174009,0.10012477120731787
0.12,0.8269994358752812,0.0728757929174009,0.10012477120731787
0.14,0.8269994358752812,0.0728757929174009,0.10012477120731787
0.16,0.8269994358752812,0.0728757929174009,0.10012477120731787
0.18,0.8269994358752812,0.0728757929174009,0.10012477120731787
0.2,0.8269994358752812,0.0728757929174009,0.10012477120731787
0.22,0.8269994358752812,0.0728757929174009,0.10012477120731787
0.24,0.8269994358752812,0.0728757929174009,0.10012477120731787
0.26,0.8269994358752812,0.0728757929174009,0.10012477120731787
0.28,0.8269994358752812,0.0728757929174009,0.10012477120731787
0.3,0.8269994358752812,0.0728757929174009,0.10012477120731787
0.32,0.8269994358752812,0.0728757929174009,0.10012477120731787
0.34,0.8269994358752812,0.0728757929174009,0.10012477120731787
0.36,0.8269994358752812,0.0728757929174009,0.10012477120731787
0.38,0.8269994358752812,0.0728757929174009,0.10012477120731787
0.4,0.8269994358752812,0.0728757929174009,0.10012477120731787
0.42,0.8269994358752812,0.0728757929174009,0.10012477120731787
0.44,0.8269994358752812,0.0728757929174009,0.10012477120731787
0.46,0.8269994358752812,0.0728757929174009,0.10012477120731787
0.48,0.7428999850083677,0.15304673255639195,0.10405328243524037
0.5,0.6588005341414541,0.233217672195383,0.10798179366316285
0.52,0.5747010832745406,0.31338861183437405,0.11191030489108535
0.54,0.49060163240762705,0.3935595514733651,0.11583881611900784
0.56,0.4065021815407135,0.4737304911123561,0.11976732734693034
0.58,0.3224027306738,0.5539014307513472,0.12369583857485283
0.6,0.23830327980688637,0.6340723703903383,0.12762434980277532
0.62,0.15420382893997286,0.7142433100293293,0.1315528610306978
0.64,0.0701043780730594,0.7944142496683203,0.1354813722586203
0.66,0.0701043780730594,0.7944142496683203,0.1354813722586203
0.68,0.0701043780730594,0.7944142496683203,0.1354813722586203
0.7000000000000001,0.0701043780730594,0.7944142496683203,0.1354813722586203
0.72,0.0701043780730594,0.7944142496683203,0.1354813722586203
0.74,0.0701043780730594,0.7944142496683203,0.1354813722586203
0.76,0.0701043780730594,0.7944142496683203,0.1354813722586203
0.78,0.0701043780730594,0.7944142496683203,0.1354813722586203
0.8,0.0701043780730594,0.7944142496683203,0.1354813722586203
0.8200000000000001,0.0701043780730594,0.7944142496683203,0.1354813722586203
0.84,0.0701043780730594,0.7944142496683203,0.1354813722586203
0.86,0.0701043780730594,0.7944142496683203,0.1354813722586203
0.88,0.0701043780730594,0.7944142496683203,0.1354813722586203
0.9,0.0701043780730594,0.7944142496683203,0.1354813722586203
0.92,0.0701043780730594,0.7944142496683203,0.1354813722586203
0.9400000000000001,0.0701043780730594,0.7944142496683203,0.1354813722586203
0.96,0.0701043780730594,0.7944142496683203,0.1354813722586203
0.98,0.0701043780730594,0.7944142496683203,0.1354813722586203
1.0,0.0701043780730594,0.7944142496683203,0.1354813722586203
