fraction_of_volc,OH,H2O2,TMI
0.0,0.25185859849017034,0.5583816016096138,0.18975979990021577
0.02,0.25185859849017034,0.5583816016096138,0.18975979990021577
0.04,0.25185859849017034,0.5583816016096138,0.18975979990021577
0.06,0.25185859849017034,0.5583816016096138,0.18975979990021577
0.08,0.25185859849017034,0.5583816016096138,0.18975979990021577
0.1,0.25185859849017034,0.5583816016096138,0.18975979990021577
0.12,0.25185859849017034,0.5583816016096138,0.18975979990021577
0.14,0.25185859849017034,0.5583816016096138,0.18975979990021577
0.16,0.25185859849017034,0.5583816016096138,0.18975979990021577
0.18,0.25185859849017034,0.5583816016096138,0.18975979990021577
0.2,0.25185859849017034,0.5583816016096138,0.18975979990021577
0.22,0.25185859849017034,0.5583816016096138,0.18975979990021577
0.24,0.25185859849017034,0.5583816016096138,0.18975979990021577
0.26,0.25185859849017034,0.5583816016096138,0.18975979990021577
0.28,0.25185859849017034,0.5583816016096138,0.18975979990021577
0.3,0.25185859849017034,0.5583816016096138,0.18975979990021577
0.32,0.25185859849017034,0.5583816016096138,0.18975979990021577
0.34,0.25185859849017034,0.5583816016096138,0.18975979990021577
0.36,0.25185859849017034,0.5583816016096138,0.18975979990021577
0.38,0.25185859849017034,0.5583816016096138,0.18975979990021577
0.4,0.25185859849017034,0.5583816016096138,0.18975979990021577
0.42,0.25185859849017034,0.5583816016096138,0.18975979990021577
0.44,0.27196610452531045,0.5400891899611697,0.18794470551351977
0.46,0.29207361056045056,0.5217967783127256,0.18612961112682377
0.48,0.3121811165955906,0.5035043666642816,0.18431451674012775
0.5,0.3322886226307307,0.48521195501583747,0.18249942235343175
0.52,0.35239612866587083,0.4669195433673934,0.18068432796673575
0.54,0.3725036347010109,0.4486271317189493,0.17886923358003975
0.56,0.392611140736151,0.4303347200705052,0.17705413919334373
0.58,0.4127186467712911,0.41204230842206113,0.17523904480664773
0.6,0.4328261528064312,0.39374989677361705,0.17342395041995173
0.62,0.45293365884157133,0.37545748512517296,0.17160885603325574
0.64,0.4730411648767114,0.3571650734767289,0.16979376164655974
0.66,0.4931486709118515,0.33887266182828474,0.1679786672598637
0.68,0.5132561769469917,0.32058025017984065,0.16616357287316771
0.7000000000000001,0.5333636829821317,0.30228783853139657,0.16434847848647172
0.72,0.5534711890172718,0.2839954268829525,0.16253338409977572
0.74,0.5735786950524119,0.2657030152345084,0.1607182897130797
0.76,0.593686201087552,0.24741060358606431,0.1589031953263837
0.78,0.6137937071226921,0.22911819193762023,0.1570881009396877
0.8,0.6339012131578321,0.21082578028917615,0.1552730065529917
0.8200000000000001,0.6540087191929722,0.19253336864073206,0.15345791216629567
0.84,0.6741162252281123,0.17424095699228798,0.15164281777959968
0.86,0.6942237312632524,0.15594854534384386,0.14982772339290368
0.88,0.6942237312632524,0.15594854534384386,0.14982772339290368
0.9,0.6942237312632524,0.15594854534384386,0.14982772339290368
0.92,0.6942237312632524,0.15594854534384386,0.14982772339290368
0.9400000000000001,0.6942237312632524,0.15594854534384386,0.14982772339290368
0.96,0.6942237312632524,0.15594854534384386,0.14982772339290368
0.98,0.6942237312632524,0.15594854534384386,0.14982772339290368
1.0,0.6942237312632524,0.15594854534384386,0.14982772339290368
