fraction_of_volc,OH,H2O2,TMI
0.0,0.12541158473800473,0.4364676038166503,0.43812081144534487
0.02,0.12541158473800473,0.4364676038166503,0.43812081144534487
0.04,0.12541158473800473,0.4364676038166503,0.43812081144534487
0.06,0.12541158473800473,0.4364676038166503,0.43812081144534487
0.08,0.12541158473800473,0.4364676038166503,0.43812081144534487
0.1,0.12541158473800473,0.4364676038166503,0.43812081144534487
0.12,0.12541158473800473,0.4364676038166503,0.43812081144534487
0.14,0.12541158473800473,0.4364676038166503,0.43812081144534487
0.16,0.12541158473800473,0.4364676038166503,0.43812081144534487
0.18,0.12541158473800473,0.4364676038166503,0.43812081144534487
0.2,0.1558763523799624,0.42799727173535607,0.41612637588468143
0.22,0.18634112002192005,0.4195269396540618,0.394131940324018
0.24,0.2168058876638777,0.4110566075727676,0.3721375047633546
0.26,0.24727065530583536,0.4025862754914733,0.35014306920269117
0.28,0.2777354229477931,0.3941159434101791,0.32814863364202773
0.3,0.3082001905897507,0.38564561132888486,0.30615419808136435
0.32,0.3386649582317084,0.3771752792475906,0.2841597625207009
0.34,0.369129725873666,0.36870494716629637,0.26216532696003747
0.36,0.3995944935156237,0.3602346150850021,0.24017089139937403
0.38,0.43005926115758136,0.3517642830037079,0.21817645583871062
0.4,0.460524028799539,0.34329395092241366,0.1961820202780472
0.42,0.460524028799539,0.34329395092241366,0.1961820202780472
0.44,0.460524028799539,0.34329395092241366,0.1961820202780472
0.46,0.460524028799539,0.34329395092241366,0.1961820202780472
0.48,0.460524028799539,0.34329395092241366,0.1961820202780472
0.5,0.460524028799539,0.34329395092241366,0.1961820202780472
0.52,0.460524028799539,0.34329395092241366,0.1961820202780472
0.54,0.460524028799539,0.34329395092241366,0.1961820202780472
0.56,0.460524028799539,0.34329395092241366,0.1961820202780472
0.58,0.460524028799539,0.34329395092241366,0.1961820202780472
0.6,0.460524028799539,0.34329395092241366,0.1961820202780472
0.62,0.460524028799539,0.34329395092241366,0.1961820202780472
0.64,0.460524028799539,0.34329395092241366,0.1961820202780472
0.66,0.460524028799539,0.34329395092241366,0.1961820202780472
0.68,0.460524028799539,0.34329395092241366,0.1961820202780472
0.7000000000000001,0.460524028799539,0.34329395092241366,0.1961820202780472
0.72,0.460524028799539,0.34329395092241366,0.1961820202780472
0.74,0.460524028799539,0.34329395092241366,0.1961820202780472
0.76,0.460524028799539,0.34329395092241366,0.1961820202780472
0.78,0.460524028799539,0.34329395092241366,0.1961820202780472
0.8,0.460524028799539,0.34329395092241366,0.1961820202780472
0.8200000000000001,0.460524028799539,0.34329395092241366,0.1961820202780472
0.84,0.460524028799539,0.34329395092241366,0.1961820202780472
0.86,0.460524028799539,0.34329395092241366,0.1961820202780472
0.88,0.460524028799539,0.34329395092241366,0.1961820202780472
0.9,0.460524028799539,0.34329395092241366,0.1961820202780472
0.92,0.460524028799539,0.34329395092241366,0.1961820202780472
0.9400000000000001,0.460524028799539,0.34329395092241366,0.1961820202780472
0.96,0.460524028799539,0.34329395092241366,0.1961820202780472
0.98,0.460524028799539,0.34329395092241366,0.1961820202780472
1.0,0.460524028799539,0.34329395092241366,0.1961820202780472
