fraction_of_volc,OH,H2O2,TMI
0.0,0.28792544684496263,0.34020165260868307,0.3718729005463542
0.02,0.28792544684496263,0.34020165260868307,0.3718729005463542
0.04,0.286094134808298,0.34155951888110203,0.37234634631059993
0.06,0.2842628227716333,0.342917385153521,0.3728197920748456
0.08,0.28243151073496864,0.34427525142593995,0.37329323783909135
0.1,0.28060019869830394,0.3456331176983589,0.3737666836033371
0.12,0.2787688866616393,0.3469909839707778,0.3742401293675828
0.14,0.27693757462497465,0.3483488502431968,0.3747135751318285
0.16,0.27510626258830995,0.34970671651561575,0.37518702089607425
0.18,0.2732749505516453,0.3510645827880347,0.37566046666031994
0.2,0.2714436385149806,0.35242244906045367,0.3761339124245657
0.22,0.26961232647831596,0.35378031533287263,0.37660735818881136
0.24,0.26778101444165125,0.3551381816052916,0.3770808039530571
0.26,0.2659497024049866,0.35649604787771055,0.37755424971730284
0.28,0.26411839036832196,0.3578539141501295,0.3780276954815485
0.3,0.26228707833165726,0.3592117804225484,0.37850114124579426
0.32,0.2604557662949926,0.3605696466949674,0.37897458701004
0.34,0.2586244542583279,0.36192751296738634,0.3794480327742857
0.36,0.2567931422216633,0.3632853792398053,0.3799214785385314
0.38,0.25496183018499863,0.36464324551222427,0.38039492430277716
0.4,0.2531305181483339,0.36600111178464323,0.38086837006702284
0.42,0.2512992061116693,0.3673589780570622,0.3813418158312686
0.44,0.2494678940750046,0.36871684432948115,0.38181526159551427
0.46,0.24763658203833994,0.3700747106019001,0.38228870735976
0.48,0.24580527000167526,0.3714325768743191,0.38276215312400574
0.5,0.2439739579650106,0.37279044314673804,0.3832355988882514
0.52,0.24214264592834595,0.37414830941915694,0.38370904465249717
0.54,0.24031133389168127,0.3755061756915759,0.3841824904167429
0.56,0.2384800218550166,0.37686404196399487,0.3846559361809886
0.58,0.23664870981835193,0.37822190823641383,0.38512938194523433
0.6,0.23664870981835193,0.37822190823641383,0.38512938194523433
0.62,0.23664870981835193,0.37822190823641383,0.38512938194523433
0.64,0.23664870981835193,0.37822190823641383,0.38512938194523433
0.66,0.23664870981835193,0.37822190823641383,0.38512938194523433
0.68,0.23664870981835193,0.37822190823641383,0.38512938194523433
0.7000000000000001,0.23664870981835193,0.37822190823641383,0.38512938194523433
0.72,0.23664870981835193,0.37822190823641383,0.38512938194523433
0.74,0.23664870981835193,0.37822190823641383,0.38512938194523433
0.76,0.23664870981835193,0.37822190823641383,0.38512938194523433
0.78,0.23664870981835193,0.37822190823641383,0.38512938194523433
0.8,0.23664870981835193,0.37822190823641383,0.38512938194523433
0.8200000000000001,0.23664870981835193,0.37822190823641383,0.38512938194523433
0.84,0.23664870981835193,0.37822190823641383,0.38512938194523433
0.86,0.23664870981835193,0.37822190823641383,0.38512938194523433
0.88,0.23664870981835193,0.37822190823641383,0.38512938194523433
0.9,0.23664870981835193,0.37822190823641383,0.38512938194523433
0.92,0.23664870981835193,0.37822190823641383,0.38512938194523433
0.9400000000000001,0.23664870981835193,0.37822190823641383,0.38512938194523433
0.96,0.23664870981835193,0.37822190823641383,0.38512938194523433
0.98,0.23664870981835193,0.37822190823641383,0.38512938194523433
1.0,0.23664870981835193,0.37822190823641383,0.38512938194523433
