fraction_of_volc,OH,H2O2,TMI
0.0,0.10000812839664439,0.27517587607221605,0.6248159955311396
0.02,0.10000812839664439,0.27517587607221605,0.6248159955311396
0.04,0.10000812839664439,0.27517587607221605,0.6248159955311396
0.06,0.10000812839664439,0.27517587607221605,0.6248159955311396
0.08,0.10000812839664439,0.27517587607221605,0.6248159955311396
0.1,0.10000812839664439,0.27517587607221605,0.6248159955311396
0.12,0.10000812839664439,0.27517587607221605,0.6248159955311396
0.14,0.10000812839664439,0.27517587607221605,0.6248159955311396
0.16,0.10000812839664439,0.27517587607221605,0.6248159955311396
0.18,0.10000812839664439,0.27517587607221605,0.6248159955311396
0.2,0.10000812839664439,0.27517587607221605,0.6248159955311396
0.22,0.10000812839664439,0.27517587607221605,0.6248159955311396
0.24,0.10000812839664439,0.27517587607221605,0.6248159955311396
0.26,0.10000812839664439,0.27517587607221605,0.6248159955311396
0.28,0.10000812839664439,0.27517587607221605,0.6248159955311396
0.3,0.10000812839664439,0.27517587607221605,0.6248159955311396
0.32,0.10000812839664439,0.27517587607221605,0.6248159955311396
0.34,0.09860124042417576,0.2890929378239052,0.6123058217519192
0.36,0.09719435245170713,0.3030099995755944,0.5997956479726986
0.38,0.0957874644792385,0.31692706132728354,0.5872854741934781
0.4,0.09438057650676986,0.3308441230789727,0.5747753004142575
0.42,0.09297368853430123,0.34476118483066187,0.562265126635037
0.44,0.0915668005618326,0.35867824658235103,0.5497549528558164
0.46,0.09015991258936397,0.3725953083340402,0.537244779076596
0.48,0.08875302461689534,0.38651237008572936,0.5247346052973754
0.5,0.08734613664442671,0.4004294318374185,0.5122244315181549
0.52,0.08593924867195808,0.4143464935891077,0.4997142577389343
0.54,0.08453236069948944,0.42826355534079685,0.4872040839597138
0.56,0.08312547272702081,0.44218061709248596,0.4746939101804933
0.58,0.08171858475455218,0.4560976788441751,0.46218373640127275
0.6,0.08031169678208355,0.4700147405958643,0.4496735626220522
0.62,0.07890480880961492,0.48393180234755345,0.4371633888428317
0.64,0.0774979208371463,0.4978488640992426,0.42465321506361114
0.66,0.07609103286467767,0.5117659258509317,0.4121430412843906
0.68,0.07468414489220904,0.525682987602621,0.3996328675051701
0.7000000000000001,0.0732772569197404,0.53960004935431,0.38712269372594954
0.72,0.07187036894727176,0.5535171111059993,0.374612519946729
0.74,0.07046348097480314,0.5674341728576884,0.36210234616750847
0.76,0.06905659300233451,0.5813512346093777,0.34959217238828794
0.78,0.06764970502986588,0.5952682963610667,0.3370819986090674
0.8,0.06624281705739724,0.6091853581127559,0.3245718248298469
0.8200000000000001,0.0648359290849286,0.623102419864445,0.3120616510506264
0.84,0.06342904111245998,0.6370194816161342,0.29955147727140585
0.86,0.06202215313999135,0.6509365433678234,0.2870413034921853
0.88,0.06202215313999135,0.6509365433678234,0.2870413034921853
0.9,0.06202215313999135,0.6509365433678234,0.2870413034921853
0.92,0.06202215313999135,0.6509365433678234,0.2870413034921853
0.9400000000000001,0.06202215313999135,0.6509365433678234,0.2870413034921853
0.96,0.06202215313999135,0.6509365433678234,0.2870413034921853
0.98,0.06202215313999135,0.6509365433678234,0.2870413034921853
1.0,0.06202215313999135,0.6509365433678234,0.2870413034921853
