fraction_of_volc,OH,H2O2,TMI
0.0,0.3353210804054325,0.650997292141887,0.01368162745268045
0.02,0.3353210804054325,0.650997292141887,0.01368162745268045
0.04,0.3353210804054325,0.650997292141887,0.01368162745268045
0.06,0.3353210804054325,0.650997292141887,0.01368162745268045
0.08,0.3353210804054325,0.650997292141887,0.01368162745268045
0.1,0.3353210804054325,0.650997292141887,0.01368162745268045
0.12,0.3353210804054325,0.650997292141887,0.01368162745268045
0.14,0.3353210804054325,0.650997292141887,0.01368162745268045
0.16,0.3353210804054325,0.650997292141887,0.01368162745268045
0.18,0.3353210804054325,0.650997292141887,0.01368162745268045
0.2,0.3353210804054325,0.650997292141887,0.01368162745268045
0.22,0.3353210804054325,0.650997292141887,0.01368162745268045
0.24,0.3353210804054325,0.650997292141887,0.01368162745268045
0.26,0.3353210804054325,0.650997292141887,0.01368162745268045
0.28,0.3353210804054325,0.650997292141887,0.01368162745268045
0.3,0.3353210804054325,0.650997292141887,0.01368162745268045
0.32,0.3353210804054325,0.650997292141887,0.01368162745268045
0.34,0.3353210804054325,0.650997292141887,0.01368162745268045
0.36,0.3353210804054325,0.650997292141887,0.01368162745268045
0.38,0.3353210804054325,0.650997292141887,0.01368162745268045
0.4,0.3353210804054325,0.650997292141887,0.01368162745268045
0.42,0.3353210804054325,0.650997292141887,0.01368162745268045
0.44,0.3353210804054325,0.650997292141887,0.01368162745268045
0.46,0.3353210804054325,0.650997292141887,0.01368162745268045
0.48,0.3353210804054325,0.650997292141887,0.01368162745268045
0.5,0.3353210804054325,0.650997292141887,0.01368162745268045
0.52,0.3353210804054325,0.650997292141887,0.01368162745268045
0.54,0.3353210804054325,0.650997292141887,0.01368162745268045
0.56,0.3353210804054325,0.650997292141887,0.01368162745268045
0.58,0.3353210804054325,0.650997292141887,0.01368162745268045
0.6,0.3353210804054325,0.650997292141887,0.01368162745268045
0.62,0.3353210804054325,0.650997292141887,0.01368162745268045
0.64,0.3353210804054325,0.650997292141887,0.01368162745268045
0.66,0.3353210804054325,0.650997292141887,0.01368162745268045
0.68,0.3353210804054325,0.650997292141887,0.01368162745268045
0.7000000000000001,0.3353210804054325,0.650997292141887,0.01368162745268045
0.72,0.3353210804054325,0.650997292141887,0.01368162745268045
0.74,0.3353210804054325,0.650997292141887,0.01368162745268045
0.76,0.3353210804054325,0.650997292141887,0.01368162745268045
0.78,0.3353210804054325,0.650997292141887,0.01368162745268045
0.8,0.3353210804054325,0.650997292141887,0.01368162745268045
0.8200000000000001,0.3353210804054325,0.650997292141887,0.01368162745268045
0.84,0.3470453011005865,0.6100181944244004,0.04293650447501299
0.86,0.3587695217957405,0.5690390967069139,0.07219138149734552
0.88,0.3704937424908945,0.5280599989894273,0.10144625851967808
0.9,0.3822179631860485,0.4870809012719408,0.13070113554201063
0.92,0.3939421838812025,0.4461018035544543,0.15995601256434316
0.9400000000000001,0.4056664045763565,0.4051227058369678,0.1892108895866757
0.96,0.4173906252715105,0.36414360811948127,0.21846576660900824
0.98,0.4291148459666645,0.32316451040199473,0.24772064363134078
1.0,0.4291148459666645,0.32316451040199473,0.24772064363134078
