fraction_of_volc,OH,H2O2,TMI
0.0,0.37148219423294504,0.5528490157722418,0.07566878999481319
0.02,0.37148219423294504,0.5528490157722418,0.07566878999481319
0.04,0.37148219423294504,0.5528490157722418,0.07566878999481319
0.06,0.37148219423294504,0.5528490157722418,0.07566878999481319
0.08,0.37148219423294504,0.5528490157722418,0.07566878999481319
0.1,0.37148219423294504,0.5528490157722418,0.07566878999481319
0.12,0.37148219423294504,0.5528490157722418,0.07566878999481319
0.14,0.37148219423294504,0.5528490157722418,0.07566878999481319
0.16,0.37148219423294504,0.5528490157722418,0.07566878999481319
0.18,0.37148219423294504,0.5528490157722418,0.07566878999481319
0.2,0.37148219423294504,0.5528490157722418,0.07566878999481319
0.22,0.37148219423294504,0.5528490157722418,0.07566878999481319
0.24,0.37148219423294504,0.5528490157722418,0.07566878999481319
0.26,0.37148219423294504,0.5528490157722418,0.07566878999481319
0.28,0.37148219423294504,0.5528490157722418,0.07566878999481319
0.3,0.37148219423294504,0.5528490157722418,0.07566878999481319
0.32,0.3661245098474267,0.5344061664222328,0.09946932373034045
0.34,0.36076682546190836,0.5159633170722239,0.12326985746586772
0.36,0.35540914107639004,0.497520467722215,0.14707039120139498
0.38,0.35005145669087173,0.479077618372206,0.17087092493692224
0.4,0.34469377230535336,0.46063476902219713,0.1946714586724495
0.42,0.33933608791983505,0.4421919196721882,0.2184719924079768
0.44,0.33397840353431674,0.42374907032217923,0.24227252614350406
0.46,0.32862071914879837,0.4053062209721703,0.2660730598790313
0.48,0.32326303476328005,0.3868633716221614,0.28987359361455856
0.5,0.3179053503777617,0.36842052227215244,0.3136741273500858
0.52,0.3125476659922434,0.34997767292214355,0.33747466108561314
0.54,0.30718998160672506,0.3315348235721346,0.3612751948211404
0.56,0.3018322972212067,0.31309197422212565,0.38507572855666766
0.58,0.2964746128356884,0.2946491248721167,0.4088762622921949
0.6,0.29111692845017,0.2762062755221078,0.4326767960277222
0.62,0.2857592440646517,0.25776342617209885,0.45647732976324945
0.64,0.2804015596791334,0.2393205768220899,0.4802778634987767
0.66,0.27504387529361507,0.220877727472081,0.5040783972343039
0.68,0.2696861909080967,0.20243487812207206,0.5278789309698313
0.7000000000000001,0.2643285065225784,0.1839920287720631,0.5516794647053584
0.72,0.25897082213706,0.16554917942205422,0.5754799984408858
0.74,0.2536131377515417,0.14710633007204527,0.5992805321764131
0.76,0.2482554533660234,0.12866348072203632,0.6230810659119403
0.78,0.24289776898050505,0.11022063137202742,0.6468815996474676
0.8,0.2375400845949867,0.09177778202201847,0.6706821333829949
0.8200000000000001,0.23218240020946837,0.07333493267200951,0.6944826671185221
0.84,0.23218240020946837,0.07333493267200951,0.6944826671185221
0.86,0.23218240020946837,0.07333493267200951,0.6944826671185221
0.88,0.23218240020946837,0.07333493267200951,0.6944826671185221
0.9,0.23218240020946837,0.07333493267200951,0.6944826671185221
0.92,0.23218240020946837,0.07333493267200951,0.6944826671185221
0.9400000000000001,0.23218240020946837,0.07333493267200951,0.6944826671185221
0.96,0.23218240020946837,0.07333493267200951,0.6944826671185221
0.98,0.23218240020946837,0.07333493267200951,0.6944826671185221
1.0,0.23218240020946837,0.07333493267200951,0.6944826671185221
