fraction_of_volc,OH,H2O2,TMI
0.0,0.3886383652191436,0.09881531367073346,0.5125463211101229
0.02,0.3886383652191436,0.09881531367073346,0.5125463211101229
0.04,0.3886383652191436,0.09881531367073346,0.5125463211101229
0.06,0.3886383652191436,0.09881531367073346,0.5125463211101229
0.08,0.3886383652191436,0.09881531367073346,0.5125463211101229
0.1,0.3886383652191436,0.09881531367073346,0.5125463211101229
0.12,0.3886383652191436,0.09881531367073346,0.5125463211101229
0.14,0.3886383652191436,0.09881531367073346,0.5125463211101229
0.16,0.3886383652191436,0.09881531367073346,0.5125463211101229
0.18,0.3886383652191436,0.09881531367073346,0.5125463211101229
0.2,0.3886383652191436,0.09881531367073346,0.5125463211101229
0.22,0.3886383652191436,0.09881531367073346,0.5125463211101229
0.24,0.3886383652191436,0.09881531367073346,0.5125463211101229
0.26,0.3886383652191436,0.09881531367073346,0.5125463211101229
0.28,0.3886383652191436,0.09881531367073346,0.5125463211101229
0.3,0.3886383652191436,0.09881531367073346,0.5125463211101229
0.32,0.3886383652191436,0.09881531367073346,0.5125463211101229
0.34,0.3886383652191436,0.09881531367073346,0.5125463211101229
0.36,0.3886383652191436,0.09881531367073346,0.5125463211101229
0.38,0.3886383652191436,0.09881531367073346,0.5125463211101229
0.4,0.3886383652191436,0.09881531367073346,0.5125463211101229
0.42,0.3886383652191436,0.09881531367073346,0.5125463211101229
0.44,0.3886383652191436,0.09881531367073346,0.5125463211101229
0.46,0.3886383652191436,0.09881531367073346,0.5125463211101229
0.48,0.3886383652191436,0.09881531367073346,0.5125463211101229
0.5,0.3837933343450204,0.13748670594206358,0.47871995971291603
0.52,0.37894830347089714,0.17615809821339368,0.4448935983157091
0.54,0.37410327259677395,0.21482949048472377,0.4110672369185023
0.56,0.3692582417226507,0.25350088275605387,0.37724087552129537
0.58,0.3644132108485275,0.29217227502738397,0.3434145141240885
0.6,0.3595681799744043,0.3308436672987141,0.30958815272688167
0.62,0.3547231491002811,0.36951505957004427,0.2757617913296748
0.64,0.3498781182261579,0.40818645184137436,0.24193542993246792
0.66,0.34503308735203464,0.44685784411270446,0.20810906853526107
0.68,0.34018805647791145,0.4855292363840345,0.17428270713805413
0.7000000000000001,0.34018805647791145,0.4855292363840345,0.17428270713805413
0.72,0.34018805647791145,0.4855292363840345,0.17428270713805413
0.74,0.34018805647791145,0.4855292363840345,0.17428270713805413
0.76,0.34018805647791145,0.4855292363840345,0.17428270713805413
0.78,0.34018805647791145,0.4855292363840345,0.17428270713805413
0.8,0.34018805647791145,0.4855292363840345,0.17428270713805413
0.8200000000000001,0.34018805647791145,0.4855292363840345,0.17428270713805413
0.84,0.34018805647791145,0.4855292363840345,0.17428270713805413
0.86,0.34018805647791145,0.4855292363840345,0.17428270713805413
0.88,0.34018805647791145,0.4855292363840345,0.17428270713805413
0.9,0.34018805647791145,0.4855292363840345,0.17428270713805413
0.92,0.34018805647791145,0.4855292363840345,0.17428270713805413
0.9400000000000001,0.34018805647791145,0.4855292363840345,0.17428270713805413
0.96,0.34018805647791145,0.4855292363840345,0.17428270713805413
0.98,0.34018805647791145,0.4855292363840345,0.17428270713805413
1.0,0.34018805647791145,0.4855292363840345,0.17428270713805413
