fraction_of_volc,OH,H2O2,TMI
0.0,0.15065019911828265,0.2933835423639952,0.5559662585177222
0.02,0.15065019911828265,0.2933835423639952,0.5559662585177222
0.04,0.15065019911828265,0.2933835423639952,0.5559662585177222
0.06,0.15065019911828265,0.2933835423639952,0.5559662585177222
0.08,0.15065019911828265,0.2933835423639952,0.5559662585177222
0.1,0.15065019911828265,0.2933835423639952,0.5559662585177222
0.12,0.15065019911828265,0.2933835423639952,0.5559662585177222
0.14,0.15065019911828265,0.2933835423639952,0.5559662585177222
0.16,0.15065019911828265,0.2933835423639952,0.5559662585177222
0.18,0.15065019911828265,0.2933835423639952,0.5559662585177222
0.2,0.15065019911828265,0.2933835423639952,0.5559662585177222
0.22,0.16721197647590882,0.2916095470987618,0.5411784764253295
0.24,0.183773753833535,0.2898355518335284,0.5263906943329366
0.26,0.2003355311911612,0.288061556568295,0.5116029122405439
0.28,0.2168973085487874,0.2862875613030616,0.49681513014815104
0.3,0.23345908590641357,0.2845135660378282,0.48202734805575825
0.32,0.25002086326403977,0.2827395707725948,0.46723956596336547
0.34,0.2665826406216659,0.2809655755073614,0.45245178387097273
0.36,0.28314441797929213,0.279191580242128,0.4376640017785799
0.38,0.29970619533691834,0.27741758497689456,0.42287621968618716
0.4,0.3162679726945445,0.27564358971166114,0.4080884375937943
0.42,0.3328297500521707,0.2738695944464278,0.3933006555014016
0.44,0.34939152740979684,0.27209559918119436,0.3785128734090088
0.46,0.36595330476742305,0.27032160391596094,0.363725091316616
0.48,0.38251508212504925,0.2685476086507276,0.3489373092242232
0.5,0.39907685948267546,0.26677361338549416,0.33414952713183044
0.52,0.4156386368403016,0.26499961812026074,0.31936174503943765
0.54,0.4322004141979278,0.2632256228550273,0.30457396294704486
0.56,0.44876219155555397,0.2614516275897939,0.2897861808546521
0.58,0.4653239689131802,0.25967763232456054,0.2749983987622593
0.6,0.4818857462708063,0.2579036370593271,0.2602106166698665
0.62,0.49844752362843253,0.2561296417940937,0.24542283457747371
0.64,0.5150093009860588,0.25435564652886034,0.23063505248508093
0.66,0.5315710783436849,0.2525816512636269,0.21584727039268814
0.68,0.5481328557013111,0.2508076559983935,0.2010594883002954
0.7000000000000001,0.5646946330589373,0.24903366073316008,0.18627170620790262
0.72,0.5812564104165634,0.2472596654679267,0.17148392411550983
0.74,0.5978181877741897,0.2454856702026933,0.15669614202311705
0.76,0.6143799651318158,0.24371167493745988,0.14190835993072426
0.78,0.630941742489442,0.24193767967222646,0.12712057783833147
0.8,0.6475035198470682,0.24016368440699307,0.11233279574593868
0.8200000000000001,0.6640652972046943,0.23838968914175968,0.0975450136535459
0.84,0.6806270745623206,0.23661569387652626,0.08275723156115311
0.86,0.6806270745623206,0.23661569387652626,0.08275723156115311
0.88,0.6806270745623206,0.23661569387652626,0.08275723156115311
0.9,0.6806270745623206,0.23661569387652626,0.08275723156115311
0.92,0.6806270745623206,0.23661569387652626,0.08275723156115311
0.9400000000000001,0.6806270745623206,0.23661569387652626,0.08275723156115311
0.96,0.6806270745623206,0.23661569387652626,0.08275723156115311
0.98,0.6806270745623206,0.23661569387652626,0.08275723156115311
1.0,0.6806270745623206,0.23661569387652626,0.08275723156115311
