fraction_of_volc,OH,H2O2,TMI
0.0,0.12325510054705593,0.6308136182575445,0.2459312811953996
0.02,0.12325510054705593,0.6308136182575445,0.2459312811953996
0.04,0.12325510054705593,0.6308136182575445,0.2459312811953996
0.06,0.12325510054705593,0.6308136182575445,0.2459312811953996
0.08,0.12325510054705593,0.6308136182575445,0.2459312811953996
0.1,0.12159357817294755,0.62378511047403,0.25462131135302246
0.12,0.11993205579883917,0.6167566026905155,0.26331134151064534
0.14,0.11827053342473079,0.609728094907001,0.2720013716682682
0.16,0.11660901105062241,0.6026995871234865,0.2806914018258911
0.18,0.11494748867651403,0.595671079339972,0.28938143198351396
0.2,0.11328596630240564,0.5886425715564575,0.29807146214113683
0.22,0.11162444392829726,0.581614063772943,0.3067614922987597
0.24,0.10996292155418888,0.5745855559894285,0.3154515224563826
0.26,0.1083013991800805,0.567557048205914,0.32414155261400546
0.28,0.10663987680597212,0.5605285404223995,0.33283158277162833
0.3,0.10497835443186372,0.553500032638885,0.3415216129292512
0.32,0.10331683205775534,0.5464715248553706,0.3502116430868741
0.34,0.10165530968364696,0.539443017071856,0.35890167324449695
0.36,0.09999378730953858,0.5324145092883417,0.36759170340211983
0.38,0.0983322649354302,0.5253860015048272,0.3762817335597427
0.4,0.09667074256132181,0.5183574937213127,0.3849717637173656
0.42,0.09500922018721343,0.5113289859377982,0.39366179387498845
0.44,0.09334769781310505,0.5043004781542837,0.4023518240326113
0.46,0.09168617543899667,0.4972719703707692,0.4110418541902342
0.48,0.09002465306488829,0.4902434625872547,0.4197318843478571
0.5,0.08836313069077989,0.4832149548037402,0.42842191450547995
0.52,0.08670160831667151,0.4761864470202257,0.4371119446631028
0.54,0.08504008594256313,0.46915793923671123,0.4458019748207257
0.56,0.08337856356845474,0.46212943145319674,0.4544920049783486
0.58,0.08171704119434636,0.45510092366968224,0.46318203513597145
0.6,0.08005551882023798,0.44807241588616775,0.4718720652935943
0.62,0.0783939964461296,0.44104390810265326,0.4805620954512172
0.64,0.07673247407202122,0.43401540031913877,0.48925212560884007
0.66,0.07507095169791284,0.4269868925356243,0.49794215576646295
0.68,0.07340942932380445,0.4199583847521098,0.5066321859240859
0.7000000000000001,0.07174790694969607,0.4129298769685953,0.5153222160817087
0.72,0.07008638457558769,0.4059013691850808,0.5240122462393315
0.74,0.06842486220147931,0.3988728614015663,0.5327022763969544
0.76,0.06676333982737093,0.3918443536180518,0.5413923065545774
0.78,0.06510181745326254,0.3848158458345374,0.5500823367122002
0.8,0.06510181745326254,0.3848158458345374,0.5500823367122002
0.8200000000000001,0.06510181745326254,0.3848158458345374,0.5500823367122002
0.84,0.06510181745326254,0.3848158458345374,0.5500823367122002
0.86,0.06510181745326254,0.3848158458345374,0.5500823367122002
0.88,0.06510181745326254,0.3848158458345374,0.5500823367122002
0.9,0.06510181745326254,0.3848158458345374,0.5500823367122002
0.92,0.06510181745326254,0.3848158458345374,0.5500823367122002
0.9400000000000001,0.06510181745326254,0.3848158458345374,0.5500823367122002
0.96,0.06510181745326254,0.3848158458345374,0.5500823367122002
0.98,0.06510181745326254,0.3848158458345374,0.5500823367122002
1.0,0.06510181745326254,0.3848158458345374,0.5500823367122002
