fraction_of_volc,OH,H2O2,TMI
0.0,0.24685870163022539,0.3905978799550273,0.3625434184147474
0.02,0.24685870163022539,0.3905978799550273,0.3625434184147474
0.04,0.24685870163022539,0.3905978799550273,0.3625434184147474
0.06,0.24685870163022539,0.3905978799550273,0.3625434184147474
0.08,0.24685870163022539,0.3905978799550273,0.3625434184147474
0.1,0.24685870163022539,0.3905978799550273,0.3625434184147474
0.12,0.24685870163022539,0.3905978799550273,0.3625434184147474
0.14,0.24685870163022539,0.3905978799550273,0.3625434184147474
0.16,0.24685870163022539,0.3905978799550273,0.3625434184147474
0.18,0.24685870163022539,0.3905978799550273,0.3625434184147474
0.2,0.24685870163022539,0.3905978799550273,0.3625434184147474
0.22,0.24685870163022539,0.3905978799550273,0.3625434184147474
0.24,0.24685870163022539,0.3905978799550273,0.3625434184147474
0.26,0.24685870163022539,0.3905978799550273,0.3625434184147474
0.28,0.24685870163022539,0.3905978799550273,0.3625434184147474
0.3,0.24685870163022539,0.3905978799550273,0.3625434184147474
0.32,0.24685870163022539,0.3905978799550273,0.3625434184147474
0.34,0.24685870163022539,0.3905978799550273,0.3625434184147474
0.36,0.24685870163022539,0.3905978799550273,0.3625434184147474
0.38,0.24685870163022539,0.3905978799550273,0.3625434184147474
0.4,0.2747958504602462,0.3857953593772499,0.339408790162504
0.42,0.30273299929026704,0.3809928387994725,0.3162741619102606
0.44,0.33067014812028783,0.3761903182216951,0.2931395336580172
0.46,0.35860729695030863,0.3713877976439176,0.2700049054057738
0.48,0.3865444457803294,0.3665852770661402,0.24687027715353044
0.5,0.4144815946103503,0.3617827564883628,0.22373564890128703
0.52,0.4424187434403711,0.35698023591058536,0.20060102064904362
0.54,0.4703558922703919,0.35217771533280795,0.17746639239680023
0.56,0.4982930411004127,0.34737519475503054,0.15433176414455685
0.58,0.5262301899304336,0.3425726741772531,0.13119713589231344
0.6,0.5541673387604543,0.3377701535994757,0.10806250764007003
0.62,0.5821044875904752,0.33296763302169824,0.08492787938782664
0.64,0.6100416364204959,0.3281651124439208,0.06179325113558326
0.66,0.6379787852505168,0.3233625918661434,0.03865862288333982
0.68,0.6659159340805376,0.318560071288366,0.015523994631096447
0.7000000000000001,0.6659159340805376,0.318560071288366,0.015523994631096447
0.72,0.6659159340805376,0.318560071288366,0.015523994631096447
0.74,0.6659159340805376,0.318560071288366,0.015523994631096447
0.76,0.6659159340805376,0.318560071288366,0.015523994631096447
0.78,0.6659159340805376,0.318560071288366,0.015523994631096447
0.8,0.6659159340805376,0.318560071288366,0.015523994631096447
0.8200000000000001,0.6659159340805376,0.318560071288366,0.015523994631096447
0.84,0.6659159340805376,0.318560071288366,0.015523994631096447
0.86,0.6659159340805376,0.318560071288366,0.015523994631096447
0.88,0.6659159340805376,0.318560071288366,0.015523994631096447
0.9,0.6659159340805376,0.318560071288366,0.015523994631096447
0.92,0.6659159340805376,0.318560071288366,0.015523994631096447
0.9400000000000001,0.6659159340805376,0.318560071288366,0.015523994631096447
0.96,0.6659159340805376,0.318560071288366,0.015523994631096447
0.98,0.6659159340805376,0.318560071288366,0.015523994631096447
1.0,0.6659159340805376,0.318560071288366,0.015523994631096447
