fraction_of_volc,OH,H2O2,TMI
0.0,0.6102780595698732,0.32806580775180516,0.06165613267832154
0.02,0.6102780595698732,0.32806580775180516,0.06165613267832154
0.04,0.6102780595698732,0.32806580775180516,0.06165613267832154
0.06,0.6102780595698732,0.32806580775180516,0.06165613267832154
0.08,0.6102780595698732,0.32806580775180516,0.06165613267832154
0.1,0.6102780595698732,0.32806580775180516,0.06165613267832154
0.12,0.6102780595698732,0.32806580775180516,0.06165613267832154
0.14,0.6102780595698732,0.32806580775180516,0.06165613267832154
0.16,0.6102780595698732,0.32806580775180516,0.06165613267832154
0.18,0.6102780595698732,0.32806580775180516,0.06165613267832154
0.2,0.6102780595698732,0.32806580775180516,0.06165613267832154
0.22,0.6102780595698732,0.32806580775180516,0.06165613267832154
0.24,0.6102780595698732,0.32806580775180516,0.06165613267832154
0.26,0.6102780595698732,0.32806580775180516,0.06165613267832154
0.28,0.6102780595698732,0.32806580775180516,0.06165613267832154
0.3,0.6102780595698732,0.32806580775180516,0.06165613267832154
0.32,0.6102780595698732,0.32806580775180516,0.06165613267832154
0.34,0.6102780595698732,0.32806580775180516,0.06165613267832154
0.36,0.6102780595698732,0.32806580775180516,0.06165613267832154
0.38,0.6102780595698732,0.32806580775180516,0.06165613267832154
0.4,0.6102780595698732,0.32806580775180516,0.06165613267832154
0.42,0.6041086677432697,0.3259675010509255,0.06992383120580481
0.44,0.5979392759166661,0.32386919435004574,0.07819152973328808
0.46,0.5917698840900626,0.32177088764916606,0.08645922826077135
0.48,0.585600492263459,0.3196725809482864,0.09472692678825462
0.5,0.5794311004368554,0.3175742742474067,0.10299462531573789
0.52,0.5732617086102518,0.31547596754652696,0.11126232384322116
0.54,0.5670923167836482,0.3133776608456473,0.11953002237070443
0.56,0.5609229249570448,0.3112793541447676,0.1277977208981877
0.58,0.5547535331304412,0.30918104744388786,0.13606541942567096
0.6,0.5485841413038376,0.3070827407430082,0.14433311795315423
0.62,0.542414749477234,0.3049844340421285,0.1526008164806375
0.64,0.5362453576506304,0.30288612734124876,0.16086851500812077
0.66,0.5300759658240268,0.3007878206403691,0.16913621353560404
0.68,0.5239065739974234,0.2986895139394894,0.1774039120630873
0.7000000000000001,0.5177371821708198,0.2965912072386097,0.18567161059057058
0.72,0.5115677903442162,0.29449290053773,0.19393930911805385
0.74,0.5053983985176126,0.2923945938368503,0.20220700764553712
0.76,0.49922900669100906,0.2902962871359706,0.2104747061730204
0.78,0.4930596148644055,0.28819798043509093,0.21874240470050366
0.8,0.48689022303780194,0.2860996737342112,0.22701010322798693
0.8200000000000001,0.48072083121119835,0.2840013670333315,0.2352778017554702
0.84,0.47455143938459476,0.2819030603324518,0.24354550028295346
0.86,0.46838204755799123,0.2798047536315721,0.25181319881043673
0.88,0.4622126557313877,0.2777064469306924,0.26008089733792
0.9,0.4560432639047841,0.2756081402298127,0.26834859586540327
0.92,0.4498738720781805,0.273509833528933,0.27661629439288654
0.9400000000000001,0.44370448025157694,0.2714115268280533,0.2848839929203698
0.96,0.4375350884249734,0.2693132201271736,0.2931516914478531
0.98,0.4375350884249734,0.2693132201271736,0.2931516914478531
1.0,0.4375350884249734,0.2693132201271736,0.2931516914478531
