fraction_of_volc,OH,H2O2,TMI
0.0,0.391783930196624,0.5681040817882029,0.04011198801517299
0.02,0.391783930196624,0.5681040817882029,0.04011198801517299
0.04,0.391783930196624,0.5681040817882029,0.04011198801517299
0.06,0.391783930196624,0.5681040817882029,0.04011198801517299
0.08,0.391783930196624,0.5681040817882029,0.04011198801517299
0.1,0.391783930196624,0.5681040817882029,0.04011198801517299
0.12,0.391783930196624,0.5681040817882029,0.04011198801517299
0.14,0.391783930196624,0.5681040817882029,0.04011198801517299
0.16,0.3979374997353988,0.5576074774861195,0.04445502277848163
0.18,0.40409106927417365,0.547110873184036,0.04879805754179027
0.2,0.4102446388129485,0.5366142688819525,0.053141092305098905
0.22,0.4163982083517233,0.5261176645798691,0.057484127068407546
0.24,0.42255177789049814,0.5156210602777856,0.06182716183171619
0.26,0.42870534742927296,0.5051244559757021,0.06617019659502482
0.28,0.4348589169680478,0.49462785167361867,0.07051323135833346
0.3,0.4410124865068226,0.48413124737153523,0.0748562661216421
0.32,0.44716605604559745,0.47363464306945174,0.07919930088495075
0.34,0.4533196255843723,0.4631380387673683,0.08354233564825939
0.36,0.4594731951231471,0.4526414344652848,0.08788537041156802
0.38,0.46562676466192193,0.4421448301632014,0.09222840517487665
0.4,0.47178033420069676,0.4316482258611179,0.0965714399381853
0.42,0.4779339037394716,0.4211516215590344,0.10091447470149394
0.44,0.4840874732782464,0.41065501725695097,0.10525750946480258
0.46,0.49024104281702124,0.40015841295486754,0.10960054422811122
0.48,0.49639461235579607,0.38966180865278405,0.11394357899141985
0.5,0.502548181894571,0.37916520435070056,0.1182866137547285
0.52,0.5087017514333457,0.3686686000486171,0.12262964851803713
0.54,0.5148553209721205,0.3581719957465337,0.12697268328134578
0.56,0.5210088905108954,0.3476753914444502,0.13131571804465442
0.58,0.5210088905108954,0.3476753914444502,0.13131571804465442
0.6,0.5210088905108954,0.3476753914444502,0.13131571804465442
0.62,0.5210088905108954,0.3476753914444502,0.13131571804465442
0.64,0.5210088905108954,0.3476753914444502,0.13131571804465442
0.66,0.5210088905108954,0.3476753914444502,0.13131571804465442
0.68,0.5210088905108954,0.3476753914444502,0.13131571804465442
0.7000000000000001,0.5210088905108954,0.3476753914444502,0.13131571804465442
0.72,0.5210088905108954,0.3476753914444502,0.13131571804465442
0.74,0.5210088905108954,0.3476753914444502,0.13131571804465442
0.76,0.5210088905108954,0.3476753914444502,0.13131571804465442
0.78,0.5210088905108954,0.3476753914444502,0.13131571804465442
0.8,0.5210088905108954,0.3476753914444502,0.13131571804465442
0.8200000000000001,0.5210088905108954,0.3476753914444502,0.13131571804465442
0.84,0.5210088905108954,0.3476753914444502,0.13131571804465442
0.86,0.5210088905108954,0.3476753914444502,0.13131571804465442
0.88,0.5210088905108954,0.3476753914444502,0.13131571804465442
0.9,0.5210088905108954,0.3476753914444502,0.13131571804465442
0.92,0.5210088905108954,0.3476753914444502,0.13131571804465442
0.9400000000000001,0.5210088905108954,0.3476753914444502,0.13131571804465442
0.96,0.5210088905108954,0.3476753914444502,0.13131571804465442
0.98,0.5210088905108954,0.3476753914444502,0.13131571804465442
1.0,0.5210088905108954,0.3476753914444502,0.13131571804465442
