fraction_of_volc,OH,H2O2,TMI
0.0,0.431000932011402,0.22423896230843215,0.3447601056801659
0.02,0.431000932011402,0.22423896230843215,0.3447601056801659
0.04,0.431000932011402,0.22423896230843215,0.3447601056801659
0.06,0.431000932011402,0.22423896230843215,0.3447601056801659
0.08,0.431000932011402,0.22423896230843215,0.3447601056801659
0.1,0.431000932011402,0.22423896230843215,0.3447601056801659
0.12,0.431000932011402,0.22423896230843215,0.3447601056801659
0.14,0.431000932011402,0.22423896230843215,0.3447601056801659
0.16,0.431000932011402,0.22423896230843215,0.3447601056801659
0.18,0.44479413752895247,0.19749746343020666,0.3577083990408409
0.2,0.458587343046503,0.17075596455198117,0.3706566924015159
0.22,0.4723805485640535,0.1440144656737557,0.3836049857621909
0.24,0.48617375408160396,0.11727296679553019,0.39655327912286586
0.26,0.4999669595991545,0.09053146791730471,0.40950157248354085
0.28,0.513760165116705,0.06378996903907921,0.42244986584421584
0.3,0.5275533706342554,0.03704847016085373,0.43539815920489083
0.32,0.5275533706342554,0.03704847016085373,0.43539815920489083
0.34,0.5275533706342554,0.03704847016085373,0.43539815920489083
0.36,0.5275533706342554,0.03704847016085373,0.43539815920489083
0.38,0.5275533706342554,0.03704847016085373,0.43539815920489083
0.4,0.5275533706342554,0.03704847016085373,0.43539815920489083
0.42,0.5275533706342554,0.03704847016085373,0.43539815920489083
0.44,0.5275533706342554,0.03704847016085373,0.43539815920489083
0.46,0.5275533706342554,0.03704847016085373,0.43539815920489083
0.48,0.5275533706342554,0.03704847016085373,0.43539815920489083
0.5,0.5275533706342554,0.03704847016085373,0.43539815920489083
0.52,0.5275533706342554,0.03704847016085373,0.43539815920489083
0.54,0.5275533706342554,0.03704847016085373,0.43539815920489083
0.56,0.5275533706342554,0.03704847016085373,0.43539815920489083
0.58,0.5275533706342554,0.03704847016085373,0.43539815920489083
0.6,0.5275533706342554,0.03704847016085373,0.43539815920489083
0.62,0.5275533706342554,0.03704847016085373,0.43539815920489083
0.64,0.5275533706342554,0.03704847016085373,0.43539815920489083
0.66,0.5275533706342554,0.03704847016085373,0.43539815920489083
0.68,0.5275533706342554,0.03704847016085373,0.43539815920489083
0.7000000000000001,0.5275533706342554,0.03704847016085373,0.43539815920489083
0.72,0.5275533706342554,0.03704847016085373,0.43539815920489083
0.74,0.5275533706342554,0.03704847016085373,0.43539815920489083
0.76,0.5275533706342554,0.03704847016085373,0.43539815920489083
0.78,0.5275533706342554,0.03704847016085373,0.43539815920489083
0.8,0.5275533706342554,0.03704847016085373,0.43539815920489083
0.8200000000000001,0.5275533706342554,0.03704847016085373,0.43539815920489083
0.84,0.5275533706342554,0.03704847016085373,0.43539815920489083
0.86,0.5275533706342554,0.03704847016085373,0.43539815920489083
0.88,0.5275533706342554,0.03704847016085373,0.43539815920489083
0.9,0.5275533706342554,0.03704847016085373,0.43539815920489083
0.92,0.5275533706342554,0.03704847016085373,0.43539815920489083
0.9400000000000001,0.5275533706342554,0.03704847016085373,0.43539815920489083
0.96,0.5275533706342554,0.03704847016085373,0.43539815920489083
0.98,0.5275533706342554,0.03704847016085373,0.43539815920489083
1.0,0.5275533706342554,0.03704847016085373,0.43539815920489083
