fraction_of_volc,OH,H2O2,TMI
0.0,0.5853282483136304,0.10684991227523077,0.30782183941113894
0.02,0.5853282483136304,0.10684991227523077,0.30782183941113894
0.04,0.5853282483136304,0.10684991227523077,0.30782183941113894
0.06,0.5853282483136304,0.10684991227523077,0.30782183941113894
0.08,0.5853282483136304,0.10684991227523077,0.30782183941113894
0.1,0.5853282483136304,0.10684991227523077,0.30782183941113894
0.12,0.5853282483136304,0.10684991227523077,0.30782183941113894
0.14,0.5853282483136304,0.10684991227523077,0.30782183941113894
0.16,0.5853282483136304,0.10684991227523077,0.30782183941113894
0.18,0.5853282483136304,0.10684991227523077,0.30782183941113894
0.2,0.5853282483136304,0.10684991227523077,0.30782183941113894
0.22,0.5853282483136304,0.10684991227523077,0.30782183941113894
0.24,0.5853282483136304,0.10684991227523077,0.30782183941113894
0.26,0.5853282483136304,0.10684991227523077,0.30782183941113894
0.28,0.5853282483136304,0.10684991227523077,0.30782183941113894
0.3,0.5853282483136304,0.10684991227523077,0.30782183941113894
0.32,0.5853282483136304,0.10684991227523077,0.30782183941113894
0.34,0.5853282483136304,0.10684991227523077,0.30782183941113894
0.36,0.5853282483136304,0.10684991227523077,0.30782183941113894
0.38,0.5853282483136304,0.10684991227523077,0.30782183941113894
0.4,0.5853282483136304,0.10684991227523077,0.30782183941113894
0.42,0.5853282483136304,0.10684991227523077,0.30782183941113894
0.44,0.5853282483136304,0.10684991227523077,0.30782183941113894
0.46,0.5356296652029354,0.14052114983393424,0.3238491849631305
0.48,0.48593108209224034,0.1741923873926377,0.339876530515122
0.5,0.43623249898154537,0.2078636249513412,0.35590387606711354
0.52,0.3865339158708503,0.24153486251004466,0.3719312216191051
0.54,0.3368353327601553,0.2752061000687481,0.38795856717109667
0.56,0.2871367496494603,0.3088773376274516,0.4039859127230882
0.58,0.23743816653876526,0.3425485751861551,0.42001325827507974
0.6,0.18773958342807023,0.37621981274485855,0.43604060382707127
0.62,0.1380410003173752,0.40989105030356204,0.4520679493790628
0.64,0.0883424172066802,0.4435622878622655,0.46809529493105434
0.66,0.0883424172066802,0.4435622878622655,0.46809529493105434
0.68,0.0883424172066802,0.4435622878622655,0.46809529493105434
0.7000000000000001,0.0883424172066802,0.4435622878622655,0.46809529493105434
0.72,0.0883424172066802,0.4435622878622655,0.46809529493105434
0.74,0.0883424172066802,0.4435622878622655,0.46809529493105434
0.76,0.0883424172066802,0.4435622878622655,0.46809529493105434
0.78,0.0883424172066802,0.4435622878622655,0.46809529493105434
0.8,0.0883424172066802,0.4435622878622655,0.46809529493105434
0.8200000000000001,0.0883424172066802,0.4435622878622655,0.46809529493105434
0.84,0.0883424172066802,0.4435622878622655,0.46809529493105434
0.86,0.0883424172066802,0.4435622878622655,0.46809529493105434
0.88,0.0883424172066802,0.4435622878622655,0.46809529493105434
0.9,0.0883424172066802,0.4435622878622655,0.46809529493105434
0.92,0.0883424172066802,0.4435622878622655,0.46809529493105434
0.9400000000000001,0.0883424172066802,0.4435622878622655,0.46809529493105434
0.96,0.0883424172066802,0.4435622878622655,0.46809529493105434
0.98,0.0883424172066802,0.4435622878622655,0.46809529493105434
1.0,0.0883424172066802,0.4435622878622655,0.46809529493105434
