fraction_of_volc,OH,H2O2,TMI
0.0,0.4218434025173405,0.00916412581430848,0.568992471668351
0.02,0.4218434025173405,0.00916412581430848,0.568992471668351
0.04,0.4218434025173405,0.00916412581430848,0.568992471668351
0.06,0.4218434025173405,0.00916412581430848,0.568992471668351
0.08,0.4218434025173405,0.00916412581430848,0.568992471668351
0.1,0.4218434025173405,0.00916412581430848,0.568992471668351
0.12,0.4218434025173405,0.00916412581430848,0.568992471668351
0.14,0.4218434025173405,0.00916412581430848,0.568992471668351
0.16,0.4218434025173405,0.00916412581430848,0.568992471668351
0.18,0.4218434025173405,0.00916412581430848,0.568992471668351
0.2,0.4218434025173405,0.00916412581430848,0.568992471668351
0.22,0.4218434025173405,0.00916412581430848,0.568992471668351
0.24,0.4218434025173405,0.00916412581430848,0.568992471668351
0.26,0.4218434025173405,0.00916412581430848,0.568992471668351
0.28,0.4218434025173405,0.00916412581430848,0.568992471668351
0.3,0.4218434025173405,0.00916412581430848,0.568992471668351
0.32,0.4218434025173405,0.00916412581430848,0.568992471668351
0.34,0.4218434025173405,0.00916412581430848,0.568992471668351
0.36,0.4218434025173405,0.00916412581430848,0.568992471668351
0.38,0.4218434025173405,0.00916412581430848,0.568992471668351
0.4,0.4218434025173405,0.00916412581430848,0.568992471668351
0.42,0.4218434025173405,0.00916412581430848,0.568992471668351
0.44,0.4218434025173405,0.00916412581430848,0.568992471668351
0.46,0.4218434025173405,0.00916412581430848,0.568992471668351
0.48,0.4218434025173405,0.00916412581430848,0.568992471668351
0.5,0.4218434025173405,0.00916412581430848,0.568992471668351
0.52,0.4218434025173405,0.00916412581430848,0.568992471668351
0.54,0.4218434025173405,0.00916412581430848,0.568992471668351
0.56,0.4218434025173405,0.00916412581430848,0.568992471668351
0.58,0.4218434025173405,0.00916412581430848,0.568992471668351
0.6,0.4218434025173405,0.00916412581430848,0.568992471668351
0.62,0.4218434025173405,0.00916412581430848,0.568992471668351
0.64,0.4218434025173405,0.00916412581430848,0.568992471668351
0.66,0.4218434025173405,0.00916412581430848,0.568992471668351
0.68,0.4218434025173405,0.00916412581430848,0.568992471668351
0.7000000000000001,0.40674365482454394,0.01329150372617336,0.5799648414492826
0.72,0.39164390713174735,0.01741888163803824,0.5909372112302144
0.74,0.3765441594389508,0.02154625954990312,0.601909581011146
0.76,0.36144441174615427,0.025673637461768,0.6128819507920777
0.78,0.34634466405335773,0.02980101537363288,0.6238543205730094
0.8,0.3312449163605612,0.033928393285497765,0.634826690353941
0.8200000000000001,0.3161451686677646,0.03805577119736264,0.6457990601348728
0.84,0.30104542097496806,0.04218314910922752,0.6567714299158044
0.86,0.2859456732821715,0.046310527021092396,0.6677437996967361
0.88,0.2708459255893749,0.050437904932957286,0.6787161694776678
0.9,0.2557461778965784,0.05456528284482216,0.6896885392585995
0.92,0.24064643020378185,0.05869266075668705,0.7006609090395312
0.9400000000000001,0.24064643020378185,0.05869266075668705,0.7006609090395312
0.96,0.24064643020378185,0.05869266075668705,0.7006609090395312
0.98,0.24064643020378185,0.05869266075668705,0.7006609090395312
1.0,0.24064643020378185,0.05869266075668705,0.7006609090395312
