fraction_of_volc,OH,H2O2,TMI
0.0,0.04964660676950055,0.2320790247763088,0.7182743684541907
0.02,0.04964660676950055,0.2320790247763088,0.7182743684541907
0.04,0.04964660676950055,0.2320790247763088,0.7182743684541907
0.06,0.0625340410949528,0.23344830400557753,0.7040176548994697
0.08,0.07542147542040505,0.23481758323484625,0.6897609413447487
0.1,0.08830890974585728,0.236186862464115,0.6755042277900277
0.12,0.10119634407130954,0.2375561416933837,0.6612475142353068
0.14,0.11408377839676179,0.23892542092265245,0.6469908006805858
0.16,0.12697121272221404,0.24029470015192117,0.6327340871258648
0.18,0.13985864704766626,0.24166397938118991,0.6184773735711439
0.2,0.15274608137311851,0.24303325861045866,0.6042206600164228
0.22,0.16563351569857077,0.24440253783972737,0.5899639464617019
0.24,0.17852095002402302,0.24577181706899612,0.5757072329069809
0.26,0.19140838434947527,0.24714109629826483,0.5614505193522599
0.28,0.20429581867492752,0.24851037552753358,0.547193805797539
0.3,0.21718325300037977,0.2498796547568023,0.5329370922428179
0.32,0.230070687325832,0.251248933986071,0.5186803786880969
0.34,0.24295812165128425,0.2526182132153398,0.504423665133376
0.36,0.25584555597673647,0.2539874924446085,0.490166951578655
0.38,0.2687329903021887,0.2553567716738772,0.47591023802393406
0.4,0.281620424627641,0.256726050903146,0.46165352446921304
0.42,0.2945078589530932,0.2580953301324147,0.44739681091449207
0.44,0.3073952932785455,0.2594646093616834,0.4331400973597711
0.46,0.32028272760399773,0.26083388859095213,0.4188833838050501
0.48,0.33317016192945,0.2622031678202209,0.4046266702503291
0.5,0.34605759625490223,0.2635724470494896,0.39036995669560814
0.52,0.3589450305803545,0.26494172627875834,0.3761132431408872
0.54,0.37183246490580674,0.2663110055080271,0.3618565295861662
0.56,0.384719899231259,0.2676802847372958,0.3475998160314452
0.58,0.3976073335567112,0.26904956396656454,0.3333431024767242
0.6,0.41049476788216344,0.27041884319583326,0.31908638892200325
0.62,0.4233822022076157,0.27178812242510203,0.3048296753672823
0.64,0.43626963653306794,0.27315740165437075,0.29057296181256126
0.66,0.4491570708585202,0.27452668088363946,0.2763162482578403
0.68,0.46204450518397244,0.2758959601129082,0.2620595347031193
0.7000000000000001,0.4749319395094247,0.27726523934217695,0.24780282114839836
0.72,0.48781937383487695,0.27863451857144567,0.2335461075936774
0.74,0.5007068081603292,0.2800037978007144,0.21928939403895636
0.76,0.5135942424857814,0.28137307702998315,0.2050326804842354
0.78,0.5264816768112337,0.28274235625925187,0.19077596692951437
0.8,0.5393691111366858,0.2841116354885206,0.17651925337479346
0.8200000000000001,0.5522565454621381,0.28548091471778936,0.16226253982007244
0.84,0.5651439797875903,0.2868501939470581,0.14800582626535153
0.86,0.5780314141130426,0.2882194731763268,0.13374911271063053
0.88,0.5780314141130426,0.2882194731763268,0.13374911271063053
0.9,0.5780314141130426,0.2882194731763268,0.13374911271063053
0.92,0.5780314141130426,0.2882194731763268,0.13374911271063053
0.9400000000000001,0.5780314141130426,0.2882194731763268,0.13374911271063053
0.96,0.5780314141130426,0.2882194731763268,0.13374911271063053
0.98,0.5780314141130426,0.2882194731763268,0.13374911271063053
1.0,0.5780314141130426,0.2882194731763268,0.13374911271063053
