fraction_of_volc,OH,H2O2,TMI
0.0,0.40846012750277483,0.34709660355892974,0.24444326893829546
0.02,0.40846012750277483,0.34709660355892974,0.24444326893829546
0.04,0.40846012750277483,0.34709660355892974,0.24444326893829546
0.06,0.40846012750277483,0.34709660355892974,0.24444326893829546
0.08,0.40846012750277483,0.34709660355892974,0.24444326893829546
0.1,0.40846012750277483,0.34709660355892974,0.24444326893829546
0.12,0.40846012750277483,0.34709660355892974,0.24444326893829546
0.14,0.40846012750277483,0.34709660355892974,0.24444326893829546
0.16,0.40846012750277483,0.34709660355892974,0.24444326893829546
0.18,0.40846012750277483,0.34709660355892974,0.24444326893829546
0.2,0.40846012750277483,0.34709660355892974,0.24444326893829546
0.22,0.40846012750277483,0.34709660355892974,0.24444326893829546
0.24,0.40846012750277483,0.34709660355892974,0.24444326893829546
0.26,0.40846012750277483,0.34709660355892974,0.24444326893829546
0.28,0.40846012750277483,0.34709660355892974,0.24444326893829546
0.3,0.40846012750277483,0.34709660355892974,0.24444326893829546
0.32,0.40846012750277483,0.34709660355892974,0.24444326893829546
0.34,0.40846012750277483,0.34709660355892974,0.24444326893829546
0.36,0.40846012750277483,0.34709660355892974,0.24444326893829546
0.38,0.40846012750277483,0.34709660355892974,0.24444326893829546
0.4,0.40846012750277483,0.34709660355892974,0.24444326893829546
0.42,0.40846012750277483,0.34709660355892974,0.24444326893829546
0.44,0.40846012750277483,0.34709660355892974,0.24444326893829546
0.46,0.40846012750277483,0.34709660355892974,0.24444326893829546
0.48,0.40846012750277483,0.34709660355892974,0.24444326893829546
0.5,0.40846012750277483,0.34709660355892974,0.24444326893829546
0.52,0.40846012750277483,0.34709660355892974,0.24444326893829546
0.54,0.40846012750277483,0.34709660355892974,0.24444326893829546
0.56,0.40846012750277483,0.34709660355892974,0.24444326893829546
0.58,0.40846012750277483,0.34709660355892974,0.24444326893829546
0.6,0.40854639304118023,0.3429511812882293,0.2485024256705904
0.62,0.4086326585795857,0.33880575901752896,0.25256158240288534
0.64,0.40871892411799116,0.3346603367468286,0.2566207391351803
0.66,0.40880518965639656,0.3305149144761282,0.2606798958674752
0.68,0.40889145519480197,0.32636949220542777,0.26473905259977015
0.7000000000000001,0.40897772073320743,0.3222240699347274,0.2687982093320651
0.72,0.4090639862716129,0.31807864766402705,0.27285736606436006
0.74,0.4091502518100183,0.31393322539332663,0.276916522796655
0.76,0.4092365173484237,0.3097878031226262,0.2809756795289499
0.78,0.40932278288682916,0.30564238085192585,0.2850348362612449
0.8,0.40932278288682916,0.30564238085192585,0.2850348362612449
0.8200000000000001,0.40932278288682916,0.30564238085192585,0.2850348362612449
0.84,0.40932278288682916,0.30564238085192585,0.2850348362612449
0.86,0.40932278288682916,0.30564238085192585,0.2850348362612449
0.88,0.40932278288682916,0.30564238085192585,0.2850348362612449
0.9,0.40932278288682916,0.30564238085192585,0.2850348362612449
0.92,0.40932278288682916,0.30564238085192585,0.2850348362612449
0.9400000000000001,0.40932278288682916,0.30564238085192585,0.2850348362612449
0.96,0.40932278288682916,0.30564238085192585,0.2850348362612449
0.98,0.40932278288682916,0.30564238085192585,0.2850348362612449
1.0,0.40932278288682916,0.30564238085192585,0.2850348362612449
