fraction_of_volc,OH,H2O2,TMI
0.0,0.9089271878725461,0.06115939296507855,0.029913419162375294
0.02,0.9089271878725461,0.06115939296507855,0.029913419162375294
0.04,0.9089271878725461,0.06115939296507855,0.029913419162375294
0.06,0.9089271878725461,0.06115939296507855,0.029913419162375294
0.08,0.9089271878725461,0.06115939296507855,0.029913419162375294
0.1,0.9089271878725461,0.06115939296507855,0.029913419162375294
0.12,0.9089271878725461,0.06115939296507855,0.029913419162375294
0.14,0.9089271878725461,0.06115939296507855,0.029913419162375294
0.16,0.9089271878725461,0.06115939296507855,0.029913419162375294
0.18,0.9089271878725461,0.06115939296507855,0.029913419162375294
0.2,0.9089271878725461,0.06115939296507855,0.029913419162375294
0.22,0.9089271878725461,0.06115939296507855,0.029913419162375294
0.24,0.9089271878725461,0.06115939296507855,0.029913419162375294
0.26,0.9089271878725461,0.06115939296507855,0.029913419162375294
0.28,0.9089271878725461,0.06115939296507855,0.029913419162375294
0.3,0.9089271878725461,0.06115939296507855,0.029913419162375294
0.32,0.9089271878725461,0.06115939296507855,0.029913419162375294
0.34,0.9089271878725461,0.06115939296507855,0.029913419162375294
0.36,0.9089271878725461,0.06115939296507855,0.029913419162375294
0.38,0.9089271878725461,0.06115939296507855,0.029913419162375294
0.4,0.9089271878725461,0.06115939296507855,0.029913419162375294
0.42,0.9089271878725461,0.06115939296507855,0.029913419162375294
0.44,0.9089271878725461,0.06115939296507855,0.029913419162375294
0.46,0.9089271878725461,0.06115939296507855,0.029913419162375294
0.48,0.9089271878725461,0.06115939296507855,0.029913419162375294
0.5,0.9089271878725461,0.06115939296507855,0.029913419162375294
0.52,0.9089271878725461,0.06115939296507855,0.029913419162375294
0.54,0.9089271878725461,0.06115939296507855,0.029913419162375294
0.56,0.9089271878725461,0.06115939296507855,0.029913419162375294
0.58,0.9089271878725461,0.06115939296507855,0.029913419162375294
0.6,0.9089271878725461,0.06115939296507855,0.029913419162375294
0.62,0.9089271878725461,0.06115939296507855,0.029913419162375294
0.64,0.9089271878725461,0.06115939296507855,0.029913419162375294
0.66,0.8270192385779737,0.1367858845511788,0.036194876870847464
0.68,0.7451112892834013,0.21241237613727904,0.04247633457931964
0.7000000000000001,0.6632033399888289,0.2880388677233793,0.04875779228779181
0.72,0.5812953906942564,0.3636653593094795,0.055039249996263986
0.74,0.49938744139968394,0.43929185089557976,0.06132070770473616
0.76,0.41747949210511154,0.51491834248168,0.06760216541320832
0.78,0.33557154281053914,0.5905448340677802,0.0738836231216805
0.8,0.2536635935159667,0.6661713256538805,0.08016508083015267
0.8200000000000001,0.17175564422139422,0.7417978172399807,0.08644653853862484
0.84,0.08984769492682192,0.817424308826081,0.09272799624709702
0.86,0.08984769492682192,0.817424308826081,0.09272799624709702
0.88,0.08984769492682192,0.817424308826081,0.09272799624709702
0.9,0.08984769492682192,0.817424308826081,0.09272799624709702
0.92,0.08984769492682192,0.817424308826081,0.09272799624709702
0.9400000000000001,0.08984769492682192,0.817424308826081,0.09272799624709702
0.96,0.08984769492682192,0.817424308826081,0.09272799624709702
0.98,0.08984769492682192,0.817424308826081,0.09272799624709702
1.0,0.08984769492682192,0.817424308826081,0.09272799624709702
