fraction_of_volc,OH,H2O2,TMI
0.0,0.1853710912406138,0.1924878579829837,0.6221410507764025
0.02,0.1853710912406138,0.1924878579829837,0.6221410507764025
0.04,0.1853710912406138,0.1924878579829837,0.6221410507764025
0.06,0.1853710912406138,0.1924878579829837,0.6221410507764025
0.08,0.1853710912406138,0.1924878579829837,0.6221410507764025
0.1,0.1853710912406138,0.1924878579829837,0.6221410507764025
0.12,0.1853710912406138,0.1924878579829837,0.6221410507764025
0.14,0.1853710912406138,0.1924878579829837,0.6221410507764025
0.16,0.1853710912406138,0.1924878579829837,0.6221410507764025
0.18,0.1853710912406138,0.1924878579829837,0.6221410507764025
0.2,0.1853710912406138,0.1924878579829837,0.6221410507764025
0.22,0.1853710912406138,0.1924878579829837,0.6221410507764025
0.24,0.1853710912406138,0.1924878579829837,0.6221410507764025
0.26,0.1853710912406138,0.1924878579829837,0.6221410507764025
0.28,0.1853710912406138,0.1924878579829837,0.6221410507764025
0.3,0.1853710912406138,0.1924878579829837,0.6221410507764025
0.32,0.1853710912406138,0.1924878579829837,0.6221410507764025
0.34,0.1853710912406138,0.1924878579829837,0.6221410507764025
0.36,0.1853710912406138,0.1924878579829837,0.6221410507764025
0.38,0.1853710912406138,0.1924878579829837,0.6221410507764025
0.4,0.1853710912406138,0.1924878579829837,0.6221410507764025
0.42,0.1853710912406138,0.1924878579829837,0.6221410507764025
0.44,0.1853710912406138,0.1924878579829837,0.6221410507764025
0.46,0.1853710912406138,0.1924878579829837,0.6221410507764025
0.48,0.1853710912406138,0.1924878579829837,0.6221410507764025
0.5,0.1853710912406138,0.1924878579829837,0.6221410507764025
0.52,0.1853710912406138,0.1924878579829837,0.6221410507764025
0.54,0.1853710912406138,0.1924878579829837,0.6221410507764025
0.56,0.1853710912406138,0.1924878579829837,0.6221410507764025
0.58,0.1853710912406138,0.1924878579829837,0.6221410507764025
0.6,0.18559285853449642,0.20494186122259073,0.6094652802429128
0.62,0.18581462582837907,0.21739586446219775,0.5967895097094231
0.64,0.1860363931222617,0.22984986770180477,0.5841137391759335
0.66,0.18625816041614432,0.2423038709414118,0.5714379686424438
0.68,0.18647992771002697,0.2547578741810188,0.5587621981089541
0.7000000000000001,0.1867016950039096,0.2672118774206258,0.5460864275754646
0.72,0.18692346229779222,0.27966588066023285,0.5334106570419749
0.74,0.18714522959167487,0.2921198838998399,0.5207348865084852
0.76,0.1873669968855575,0.3045738871394469,0.5080591159749955
0.78,0.18758876417944012,0.3170278903790539,0.49538334544150586
0.8,0.18781053147332274,0.3294818936186609,0.4827075749080162
0.8200000000000001,0.1880322987672054,0.341935896858268,0.4700318043745265
0.84,0.18825406606108802,0.35438990009787497,0.4573560338410369
0.86,0.18847583335497065,0.36684390333748196,0.44468026330754723
0.88,0.1886976006488533,0.379297906577089,0.4320044927740576
0.9,0.18891936794273592,0.39175190981669605,0.41932872224056794
0.92,0.18914113523661855,0.40420591305630305,0.40665295170707827
0.9400000000000001,0.1893629025305012,0.41665991629591004,0.3939771811735886
0.96,0.18958466982438382,0.4291139195355171,0.3813014106400989
0.98,0.18958466982438382,0.4291139195355171,0.3813014106400989
1.0,0.18958466982438382,0.4291139195355171,0.3813014106400989
