fraction_of_volc,OH,H2O2,TMI
0.0,0.5354031198748974,0.4388978277985366,0.025699052326565854
0.02,0.5354031198748974,0.4388978277985366,0.025699052326565854
0.04,0.5354031198748974,0.4388978277985366,0.025699052326565854
0.06,0.5354031198748974,0.4388978277985366,0.025699052326565854
0.08,0.5354031198748974,0.4388978277985366,0.025699052326565854
0.1,0.5354031198748974,0.4388978277985366,0.025699052326565854
0.12,0.5354031198748974,0.4388978277985366,0.025699052326565854
0.14,0.5354031198748974,0.4388978277985366,0.025699052326565854
0.16,0.5354031198748974,0.4388978277985366,0.025699052326565854
0.18,0.5354031198748974,0.4388978277985366,0.025699052326565854
0.2,0.5354031198748974,0.4388978277985366,0.025699052326565854
0.22,0.5354031198748974,0.4388978277985366,0.025699052326565854
0.24,0.5354031198748974,0.4388978277985366,0.025699052326565854
0.26,0.5354031198748974,0.4388978277985366,0.025699052326565854
0.28,0.5354031198748974,0.4388978277985366,0.025699052326565854
0.3,0.5354031198748974,0.4388978277985366,0.025699052326565854
0.32,0.5354031198748974,0.4388978277985366,0.025699052326565854
0.34,0.5354031198748974,0.4388978277985366,0.025699052326565854
0.36,0.5354031198748974,0.4388978277985366,0.025699052326565854
0.38,0.5354031198748974,0.4388978277985366,0.025699052326565854
0.4,0.5354031198748974,0.4388978277985366,0.025699052326565854
0.42,0.5354031198748974,0.4388978277985366,0.025699052326565854
0.44,0.5354031198748974,0.4388978277985366,0.025699052326565854
0.46,0.5354031198748974,0.4388978277985366,0.025699052326565854
0.48,0.5167236408429848,0.45682505243603594,0.026451306720979104
0.5,0.49804416181107225,0.4747522770735353,0.027203561115392353
0.52,0.47936468277915967,0.49267950171103464,0.027955815509805602
0.54,0.46068520374724703,0.510606726348534,0.028708069904218852
0.56,0.44200572471533445,0.5285339509860334,0.0294603242986321
0.58,0.42332624568342186,0.5464611756235327,0.030212578693045347
0.6,0.4046467666515092,0.564388400261032,0.030964833087458597
0.62,0.38596728761959664,0.5823156248985314,0.031717087481871846
0.64,0.36728780858768406,0.6002428495360308,0.0324693418762851
0.66,0.3486083295557715,0.6181700741735301,0.033221596270698345
0.68,0.3486083295557715,0.6181700741735301,0.033221596270698345
0.7000000000000001,0.3486083295557715,0.6181700741735301,0.033221596270698345
0.72,0.3486083295557715,0.6181700741735301,0.033221596270698345
0.74,0.3486083295557715,0.6181700741735301,0.033221596270698345
0.76,0.3486083295557715,0.6181700741735301,0.033221596270698345
0.78,0.3486083295557715,0.6181700741735301,0.033221596270698345
0.8,0.3486083295557715,0.6181700741735301,0.033221596270698345
0.8200000000000001,0.3486083295557715,0.6181700741735301,0.033221596270698345
0.84,0.3486083295557715,0.6181700741735301,0.033221596270698345
0.86,0.3486083295557715,0.6181700741735301,0.033221596270698345
0.88,0.3486083295557715,0.6181700741735301,0.033221596270698345
0.9,0.3486083295557715,0.6181700741735301,0.033221596270698345
0.92,0.3486083295557715,0.6181700741735301,0.033221596270698345
0.9400000000000001,0.3486083295557715,0.6181700741735301,0.033221596270698345
0.96,0.3486083295557715,0.6181700741735301,0.033221596270698345
0.98,0.3486083295557715,0.6181700741735301,0.033221596270698345
1.0,0.3486083295557715,0.6181700741735301,0.033221596270698345
