fraction_of_volc,OH,H2O2,TMI
0.0,0.4366516224268528,0.51684539582169,0.04650298175145722
0.02,0.4366516224268528,0.51684539582169,0.04650298175145722
0.04,0.4366516224268528,0.51684539582169,0.04650298175145722
0.06,0.4366516224268528,0.51684539582169,0.04650298175145722
0.08,0.4366516224268528,0.51684539582169,0.04650298175145722
0.1,0.4366516224268528,0.51684539582169,0.04650298175145722
0.12,0.4366516224268528,0.51684539582169,0.04650298175145722
0.14,0.4366516224268528,0.51684539582169,0.04650298175145722
0.16,0.42075574768651314,0.48980958527827745,0.08943466703520944
0.18,0.4048598729461734,0.4627737747348649,0.13236635231896166
0.2,0.38896399820583377,0.43573796419145233,0.1752980376027139
0.22,0.3730681234654941,0.4087021536480398,0.2182297228864661
0.24,0.3571722487251544,0.38166634310462727,0.2611614081702183
0.26,0.34127637398481475,0.3546305325612147,0.30409309345397056
0.28,0.3253804992444751,0.32759472201780215,0.34702477873772275
0.3,0.3094846245041354,0.3005589114743896,0.389956464021475
0.32,0.29358874976379573,0.2735231009309771,0.43288814930522723
0.34,0.2776928750234561,0.24648729038756456,0.4758198345889794
0.36,0.26179700028311637,0.21945147984415198,0.5187515198727316
0.38,0.2459011255427767,0.19241566930073944,0.5616832051564838
0.4,0.23000525080243706,0.16537985875732691,0.6046148904402361
0.42,0.21410937606209737,0.13834404821391433,0.6475465757239882
0.44,0.19821350132175772,0.1113082376705018,0.6904782610077405
0.46,0.18231762658141804,0.08427242712708927,0.7334099462914927
0.48,0.18231762658141804,0.08427242712708927,0.7334099462914927
0.5,0.18231762658141804,0.08427242712708927,0.7334099462914927
0.52,0.18231762658141804,0.08427242712708927,0.7334099462914927
0.54,0.18231762658141804,0.08427242712708927,0.7334099462914927
0.56,0.18231762658141804,0.08427242712708927,0.7334099462914927
0.58,0.18231762658141804,0.08427242712708927,0.7334099462914927
0.6,0.18231762658141804,0.08427242712708927,0.7334099462914927
0.62,0.18231762658141804,0.08427242712708927,0.7334099462914927
0.64,0.18231762658141804,0.08427242712708927,0.7334099462914927
0.66,0.18231762658141804,0.08427242712708927,0.7334099462914927
0.68,0.18231762658141804,0.08427242712708927,0.7334099462914927
0.7000000000000001,0.18231762658141804,0.08427242712708927,0.7334099462914927
0.72,0.18231762658141804,0.08427242712708927,0.7334099462914927
0.74,0.18231762658141804,0.08427242712708927,0.7334099462914927
0.76,0.18231762658141804,0.08427242712708927,0.7334099462914927
0.78,0.18231762658141804,0.08427242712708927,0.7334099462914927
0.8,0.18231762658141804,0.08427242712708927,0.7334099462914927
0.8200000000000001,0.18231762658141804,0.08427242712708927,0.7334099462914927
0.84,0.18231762658141804,0.08427242712708927,0.7334099462914927
0.86,0.18231762658141804,0.08427242712708927,0.7334099462914927
0.88,0.18231762658141804,0.08427242712708927,0.7334099462914927
0.9,0.18231762658141804,0.08427242712708927,0.7334099462914927
0.92,0.18231762658141804,0.08427242712708927,0.7334099462914927
0.9400000000000001,0.18231762658141804,0.08427242712708927,0.7334099462914927
0.96,0.18231762658141804,0.08427242712708927,0.7334099462914927
0.98,0.18231762658141804,0.08427242712708927,0.7334099462914927
1.0,0.18231762658141804,0.08427242712708927,0.7334099462914927
