fraction_of_volc,OH,H2O2,TMI
0.0,0.20923872585746,0.6739447521106418,0.11681652203189823
0.02,0.20923872585746,0.6739447521106418,0.11681652203189823
0.04,0.20923872585746,0.6739447521106418,0.11681652203189823
0.06,0.20923872585746,0.6739447521106418,0.11681652203189823
0.08,0.20923872585746,0.6739447521106418,0.11681652203189823
0.1,0.20923872585746,0.6739447521106418,0.11681652203189823
0.12,0.20923872585746,0.6739447521106418,0.11681652203189823
0.14,0.20923872585746,0.6739447521106418,0.11681652203189823
0.16,0.20923872585746,0.6739447521106418,0.11681652203189823
0.18,0.20923872585746,0.6739447521106418,0.11681652203189823
0.2,0.20923872585746,0.6739447521106418,0.11681652203189823
0.22,0.20923872585746,0.6739447521106418,0.11681652203189823
0.24,0.20923872585746,0.6739447521106418,0.11681652203189823
0.26,0.20923872585746,0.6739447521106418,0.11681652203189823
0.28,0.20923872585746,0.6739447521106418,0.11681652203189823
0.3,0.20923872585746,0.6739447521106418,0.11681652203189823
0.32,0.20923872585746,0.6739447521106418,0.11681652203189823
0.34,0.20923872585746,0.6739447521106418,0.11681652203189823
0.36,0.20923872585746,0.6739447521106418,0.11681652203189823
0.38,0.20923872585746,0.6739447521106418,0.11681652203189823
0.4,0.20923872585746,0.6739447521106418,0.11681652203189823
0.42,0.20923872585746,0.6739447521106418,0.11681652203189823
0.44,0.20923872585746,0.6739447521106418,0.11681652203189823
0.46,0.20923872585746,0.6739447521106418,0.11681652203189823
0.48,0.20923872585746,0.6739447521106418,0.11681652203189823
0.5,0.20923872585746,0.6739447521106418,0.11681652203189823
0.52,0.20923872585746,0.6739447521106418,0.11681652203189823
0.54,0.20923872585746,0.6739447521106418,0.11681652203189823
0.56,0.20923872585746,0.6739447521106418,0.11681652203189823
0.58,0.20923872585746,0.6739447521106418,0.11681652203189823
0.6,0.20923872585746,0.6739447521106418,0.11681652203189823
0.62,0.20923872585746,0.6739447521106418,0.11681652203189823
0.64,0.20923872585746,0.6739447521106418,0.11681652203189823
0.66,0.20923872585746,0.6739447521106418,0.11681652203189823
0.68,0.20923872585746,0.6739447521106418,0.11681652203189823
0.7000000000000001,0.20923872585746,0.6739447521106418,0.11681652203189823
0.72,0.20923872585746,0.6739447521106418,0.11681652203189823
0.74,0.20923872585746,0.6739447521106418,0.11681652203189823
0.76,0.20923872585746,0.6739447521106418,0.11681652203189823
0.78,0.20196605323873426,0.6954920847790839,0.1025418619821819
0.8,0.19469338062000852,0.7170394174475259,0.0882672019324656
0.8200000000000001,0.1874207080012828,0.738586750115968,0.07399254188274927
0.84,0.18014803538255705,0.76013408278441,0.059717881833032956
0.86,0.1728753627638313,0.7816814154528521,0.04544322178331664
0.88,0.16560269014510556,0.8032287481212941,0.031168561733600317
0.9,0.15833001752637982,0.8247760807897362,0.016893901683884015
0.92,0.15833001752637982,0.8247760807897362,0.016893901683884015
0.9400000000000001,0.15833001752637982,0.8247760807897362,0.016893901683884015
0.96,0.15833001752637982,0.8247760807897362,0.016893901683884015
0.98,0.15833001752637982,0.8247760807897362,0.016893901683884015
1.0,0.15833001752637982,0.8247760807897362,0.016893901683884015
