fraction_of_volc,OH,H2O2,TMI
0.0,0.21420868038340826,0.16950108090864385,0.616290238707948
0.02,0.21420868038340826,0.16950108090864385,0.616290238707948
0.04,0.21420868038340826,0.16950108090864385,0.616290238707948
0.06,0.21420868038340826,0.16950108090864385,0.616290238707948
0.08,0.21420868038340826,0.16950108090864385,0.616290238707948
0.1,0.21420868038340826,0.16950108090864385,0.616290238707948
0.12,0.21420868038340826,0.16950108090864385,0.616290238707948
0.14,0.20440068982378262,0.17281288076968054,0.622786429406537
0.16,0.19459269926415695,0.17612468063071723,0.6292826201051259
0.18,0.1847847087045313,0.17943648049175395,0.6357788108037148
0.2,0.17497671814490565,0.18274828035279064,0.6422750015023038
0.22,0.16516872758528,0.18606008021382733,0.6487711922008927
0.24,0.15536073702565434,0.18937188007486405,0.6552673828994817
0.26,0.14555274646602867,0.19268367993590074,0.6617635735980707
0.28,0.13574475590640303,0.19599547979693743,0.6682597642966597
0.3,0.1259367653467774,0.19930727965797412,0.6747559549952485
0.32,0.11612877478715172,0.20261907951901081,0.6812521456938375
0.34,0.10632078422752607,0.20593087938004753,0.6877483363924265
0.36,0.09651279366790042,0.20924267924108422,0.6942445270910155
0.38,0.08670480310827475,0.2125544791021209,0.7007407177896043
0.4,0.07689681254864911,0.21586627896315763,0.7072369084881933
0.42,0.06708882198902347,0.21917807882419432,0.7137330991867823
0.44,0.057280831429397785,0.222489878685231,0.7202292898853713
0.46,0.057280831429397785,0.222489878685231,0.7202292898853713
0.48,0.057280831429397785,0.222489878685231,0.7202292898853713
0.5,0.057280831429397785,0.222489878685231,0.7202292898853713
0.52,0.057280831429397785,0.222489878685231,0.7202292898853713
0.54,0.057280831429397785,0.222489878685231,0.7202292898853713
0.56,0.057280831429397785,0.222489878685231,0.7202292898853713
0.58,0.057280831429397785,0.222489878685231,0.7202292898853713
0.6,0.057280831429397785,0.222489878685231,0.7202292898853713
0.62,0.057280831429397785,0.222489878685231,0.7202292898853713
0.64,0.057280831429397785,0.222489878685231,0.7202292898853713
0.66,0.057280831429397785,0.222489878685231,0.7202292898853713
0.68,0.057280831429397785,0.222489878685231,0.7202292898853713
0.7000000000000001,0.057280831429397785,0.222489878685231,0.7202292898853713
0.72,0.057280831429397785,0.222489878685231,0.7202292898853713
0.74,0.057280831429397785,0.222489878685231,0.7202292898853713
0.76,0.057280831429397785,0.222489878685231,0.7202292898853713
0.78,0.057280831429397785,0.222489878685231,0.7202292898853713
0.8,0.057280831429397785,0.222489878685231,0.7202292898853713
0.8200000000000001,0.057280831429397785,0.222489878685231,0.7202292898853713
0.84,0.057280831429397785,0.222489878685231,0.7202292898853713
0.86,0.057280831429397785,0.222489878685231,0.7202292898853713
0.88,0.057280831429397785,0.222489878685231,0.7202292898853713
0.9,0.057280831429397785,0.222489878685231,0.7202292898853713
0.92,0.057280831429397785,0.222489878685231,0.7202292898853713
0.9400000000000001,0.057280831429397785,0.222489878685231,0.7202292898853713
0.96,0.057280831429397785,0.222489878685231,0.7202292898853713
0.98,0.057280831429397785,0.222489878685231,0.7202292898853713
1.0,0.057280831429397785,0.222489878685231,0.7202292898853713
