fraction_of_volc,OH,H2O2,TMI
0.0,0.40850563405341006,0.513503476356813,0.07799088958977694
0.02,0.40850563405341006,0.513503476356813,0.07799088958977694
0.04,0.40850563405341006,0.513503476356813,0.07799088958977694
0.06,0.40850563405341006,0.513503476356813,0.07799088958977694
0.08,0.40850563405341006,0.513503476356813,0.07799088958977694
0.1,0.40850563405341006,0.513503476356813,0.07799088958977694
0.12,0.40850563405341006,0.513503476356813,0.07799088958977694
0.14,0.40850563405341006,0.513503476356813,0.07799088958977694
0.16,0.40850563405341006,0.513503476356813,0.07799088958977694
0.18,0.40850563405341006,0.513503476356813,0.07799088958977694
0.2,0.40850563405341006,0.513503476356813,0.07799088958977694
0.22,0.40850563405341006,0.513503476356813,0.07799088958977694
0.24,0.40850563405341006,0.513503476356813,0.07799088958977694
0.26,0.40850563405341006,0.513503476356813,0.07799088958977694
0.28,0.40850563405341006,0.513503476356813,0.07799088958977694
0.3,0.40850563405341006,0.513503476356813,0.07799088958977694
0.32,0.40850563405341006,0.513503476356813,0.07799088958977694
0.34,0.40850563405341006,0.513503476356813,0.07799088958977694
0.36,0.40850563405341006,0.513503476356813,0.07799088958977694
0.38,0.40850563405341006,0.513503476356813,0.07799088958977694
0.4,0.40850563405341006,0.513503476356813,0.07799088958977694
0.42,0.40850563405341006,0.513503476356813,0.07799088958977694
0.44,0.40850563405341006,0.513503476356813,0.07799088958977694
0.46,0.40850563405341006,0.513503476356813,0.07799088958977694
0.48,0.40850563405341006,0.513503476356813,0.07799088958977694
0.5,0.394056417784002,0.4560054264113046,0.1499381558046934
0.52,0.379607201514594,0.39850737646579615,0.22188542201960987
0.54,0.36515798524518595,0.3410093265202877,0.29383268823452635
0.56,0.35070876897577796,0.28351127657477926,0.36577995444944283
0.58,0.33625955270636987,0.2260132266292708,0.4377272206643593
0.6,0.3218103364369619,0.16851517668376237,0.5096744868792757
0.62,0.30736112016755385,0.11101712673825392,0.5816217530941923
0.64,0.2929119038981458,0.05351907679274545,0.6535690193091087
0.66,0.2929119038981458,0.05351907679274545,0.6535690193091087
0.68,0.2929119038981458,0.05351907679274545,0.6535690193091087
0.7000000000000001,0.2929119038981458,0.05351907679274545,0.6535690193091087
0.72,0.2929119038981458,0.05351907679274545,0.6535690193091087
0.74,0.2929119038981458,0.05351907679274545,0.6535690193091087
0.76,0.2929119038981458,0.05351907679274545,0.6535690193091087
0.78,0.2929119038981458,0.05351907679274545,0.6535690193091087
0.8,0.2929119038981458,0.05351907679274545,0.6535690193091087
0.8200000000000001,0.2929119038981458,0.05351907679274545,0.6535690193091087
0.84,0.2929119038981458,0.05351907679274545,0.6535690193091087
0.86,0.2929119038981458,0.05351907679274545,0.6535690193091087
0.88,0.2929119038981458,0.05351907679274545,0.6535690193091087
0.9,0.2929119038981458,0.05351907679274545,0.6535690193091087
0.92,0.2929119038981458,0.05351907679274545,0.6535690193091087
0.9400000000000001,0.2929119038981458,0.05351907679274545,0.6535690193091087
0.96,0.2929119038981458,0.05351907679274545,0.6535690193091087
0.98,0.2929119038981458,0.05351907679274545,0.6535690193091087
1.0,0.2929119038981458,0.05351907679274545,0.6535690193091087
