fraction_of_volc,OH,H2O2,TMI
0.0,0.5054172247373805,0.29223860835349874,0.2023441669091207
0.02,0.5054172247373805,0.29223860835349874,0.2023441669091207
0.04,0.5054172247373805,0.29223860835349874,0.2023441669091207
0.06,0.5054172247373805,0.29223860835349874,0.2023441669091207
0.08,0.4861550229003421,0.29400479092611936,0.21984018617353848
0.1,0.4668928210633037,0.29577097349873993,0.23733620543795628
0.12,0.44763061922626535,0.29753715607136055,0.2548322247023741
0.14,0.42836841738922693,0.2993033386439811,0.2723282439667919
0.16,0.40910621555218857,0.30106952121660174,0.2898242632312097
0.18,0.3898440137151502,0.3028357037892223,0.3073202824956275
0.2,0.3705818118781118,0.30460188636184293,0.3248163017600453
0.22,0.35131961004107337,0.3063680689344635,0.3423123210244631
0.24,0.332057408204035,0.3081342515070841,0.35980834028888087
0.26,0.31279520636699665,0.3099004340797047,0.37730435955329866
0.28,0.29353300452995823,0.3116666166523253,0.39480037881771646
0.3,0.27427080269291987,0.31343279922494593,0.41229639808213425
0.32,0.25500860085588145,0.3151989817975665,0.42979241734655205
0.34,0.2357463990188431,0.3169651643701871,0.44728843661096984
0.36,0.21648419718180467,0.3187313469428077,0.46478445587538764
0.38,0.1972219953447663,0.3204975295154283,0.48228047513980543
0.4,0.17795979350772795,0.3222637120880489,0.4997764944042232
0.42,0.15869759167068953,0.3240298946606695,0.517272513668641
0.44,0.13943538983365117,0.32579607723329007,0.5347685329330588
0.46,0.12017318799661275,0.3275622598059107,0.5522645521974766
0.48,0.10091098615957439,0.32932844237853126,0.5697605714618944
0.5,0.08164878432253597,0.3310946249511519,0.5872565907263122
0.52,0.06238658248549761,0.33286080752377245,0.60475260999073
0.54,0.04312438064845924,0.3346269900963931,0.6222486292551478
0.56,0.04312438064845924,0.3346269900963931,0.6222486292551478
0.58,0.04312438064845924,0.3346269900963931,0.6222486292551478
0.6,0.04312438064845924,0.3346269900963931,0.6222486292551478
0.62,0.04312438064845924,0.3346269900963931,0.6222486292551478
0.64,0.04312438064845924,0.3346269900963931,0.6222486292551478
0.66,0.04312438064845924,0.3346269900963931,0.6222486292551478
0.68,0.04312438064845924,0.3346269900963931,0.6222486292551478
0.7000000000000001,0.04312438064845924,0.3346269900963931,0.6222486292551478
0.72,0.04312438064845924,0.3346269900963931,0.6222486292551478
0.74,0.04312438064845924,0.3346269900963931,0.6222486292551478
0.76,0.04312438064845924,0.3346269900963931,0.6222486292551478
0.78,0.04312438064845924,0.3346269900963931,0.6222486292551478
0.8,0.04312438064845924,0.3346269900963931,0.6222486292551478
0.8200000000000001,0.04312438064845924,0.3346269900963931,0.6222486292551478
0.84,0.04312438064845924,0.3346269900963931,0.6222486292551478
0.86,0.04312438064845924,0.3346269900963931,0.6222486292551478
0.88,0.04312438064845924,0.3346269900963931,0.6222486292551478
0.9,0.04312438064845924,0.3346269900963931,0.6222486292551478
0.92,0.04312438064845924,0.3346269900963931,0.6222486292551478
0.9400000000000001,0.04312438064845924,0.3346269900963931,0.6222486292551478
0.96,0.04312438064845924,0.3346269900963931,0.6222486292551478
0.98,0.04312438064845924,0.3346269900963931,0.6222486292551478
1.0,0.04312438064845924,0.3346269900963931,0.6222486292551478
