fraction_of_volc,OH,H2O2,TMI
0.0,0.17461840345616328,0.19473287825444646,0.6306487182893902
0.02,0.17461840345616328,0.19473287825444646,0.6306487182893902
0.04,0.17461840345616328,0.19473287825444646,0.6306487182893902
0.06,0.17461840345616328,0.19473287825444646,0.6306487182893902
0.08,0.17461840345616328,0.19473287825444646,0.6306487182893902
0.1,0.17461840345616328,0.19473287825444646,0.6306487182893902
0.12,0.17461840345616328,0.19473287825444646,0.6306487182893902
0.14,0.17461840345616328,0.19473287825444646,0.6306487182893902
0.16,0.17461840345616328,0.19473287825444646,0.6306487182893902
0.18,0.17461840345616328,0.19473287825444646,0.6306487182893902
0.2,0.17461840345616328,0.19473287825444646,0.6306487182893902
0.22,0.17461840345616328,0.19473287825444646,0.6306487182893902
0.24,0.17461840345616328,0.19473287825444646,0.6306487182893902
0.26,0.16966599407081542,0.19606048897722192,0.6342735169519625
0.28,0.16471358468546757,0.19738809969999738,0.637898315614535
0.3,0.15976117530011974,0.19871571042277283,0.6415231142771074
0.32,0.15480876591477188,0.2000433211455483,0.6451479129396798
0.34,0.14985635652942403,0.20137093186832375,0.6487727116022521
0.36,0.14490394714407617,0.20269854259109923,0.6523975102648246
0.38,0.13995153775872832,0.2040261533138747,0.656022308927397
0.4,0.13499912837338046,0.20535376403665015,0.6596471075899694
0.42,0.13004671898803263,0.2066813747594256,0.6632719062525417
0.44,0.12509430960268478,0.20800898548220106,0.6668967049151142
0.46,0.12014190021733692,0.20933659620497652,0.6705215035776866
0.48,0.12014190021733692,0.20933659620497652,0.6705215035776866
0.5,0.12014190021733692,0.20933659620497652,0.6705215035776866
0.52,0.12014190021733692,0.20933659620497652,0.6705215035776866
0.54,0.12014190021733692,0.20933659620497652,0.6705215035776866
0.56,0.12014190021733692,0.20933659620497652,0.6705215035776866
0.58,0.12014190021733692,0.20933659620497652,0.6705215035776866
0.6,0.12014190021733692,0.20933659620497652,0.6705215035776866
0.62,0.12014190021733692,0.20933659620497652,0.6705215035776866
0.64,0.12014190021733692,0.20933659620497652,0.6705215035776866
0.66,0.12014190021733692,0.20933659620497652,0.6705215035776866
0.68,0.12014190021733692,0.20933659620497652,0.6705215035776866
0.7000000000000001,0.12014190021733692,0.20933659620497652,0.6705215035776866
0.72,0.12014190021733692,0.20933659620497652,0.6705215035776866
0.74,0.12014190021733692,0.20933659620497652,0.6705215035776866
0.76,0.12014190021733692,0.20933659620497652,0.6705215035776866
0.78,0.12014190021733692,0.20933659620497652,0.6705215035776866
0.8,0.12014190021733692,0.20933659620497652,0.6705215035776866
0.8200000000000001,0.12014190021733692,0.20933659620497652,0.6705215035776866
0.84,0.12014190021733692,0.20933659620497652,0.6705215035776866
0.86,0.12014190021733692,0.20933659620497652,0.6705215035776866
0.88,0.12014190021733692,0.20933659620497652,0.6705215035776866
0.9,0.12014190021733692,0.20933659620497652,0.6705215035776866
0.92,0.12014190021733692,0.20933659620497652,0.6705215035776866
0.9400000000000001,0.12014190021733692,0.20933659620497652,0.6705215035776866
0.96,0.12014190021733692,0.20933659620497652,0.6705215035776866
0.98,0.12014190021733692,0.20933659620497652,0.6705215035776866
1.0,0.12014190021733692,0.20933659620497652,0.6705215035776866
