fraction_of_volc,OH,H2O2,TMI
0.0,0.054796718318872804,0.7230298409344538,0.22217344074667333
0.02,0.054796718318872804,0.7230298409344538,0.22217344074667333
0.04,0.054796718318872804,0.7230298409344538,0.22217344074667333
0.06,0.054796718318872804,0.7230298409344538,0.22217344074667333
0.08,0.054796718318872804,0.7230298409344538,0.22217344074667333
0.1,0.054796718318872804,0.7230298409344538,0.22217344074667333
0.12,0.054796718318872804,0.7230298409344538,0.22217344074667333
0.14,0.054796718318872804,0.7230298409344538,0.22217344074667333
0.16,0.054796718318872804,0.7230298409344538,0.22217344074667333
0.18,0.054796718318872804,0.7230298409344538,0.22217344074667333
0.2,0.054796718318872804,0.7230298409344538,0.22217344074667333
0.22,0.054796718318872804,0.7230298409344538,0.22217344074667333
0.24,0.054796718318872804,0.7230298409344538,0.22217344074667333
0.26,0.054796718318872804,0.7230298409344538,0.22217344074667333
0.28,0.054796718318872804,0.7230298409344538,0.22217344074667333
0.3,0.054796718318872804,0.7230298409344538,0.22217344074667333
0.32,0.054796718318872804,0.7230298409344538,0.22217344074667333
0.34,0.054796718318872804,0.7230298409344538,0.22217344074667333
0.36,0.054796718318872804,0.7230298409344538,0.22217344074667333
0.38,0.054796718318872804,0.7230298409344538,0.22217344074667333
0.4,0.054796718318872804,0.7230298409344538,0.22217344074667333
0.42,0.054796718318872804,0.7230298409344538,0.22217344074667333
0.44,0.054796718318872804,0.7230298409344538,0.22217344074667333
0.46,0.054796718318872804,0.7230298409344538,0.22217344074667333
0.48,0.054796718318872804,0.7230298409344538,0.22217344074667333
0.5,0.054796718318872804,0.7230298409344538,0.22217344074667333
0.52,0.054796718318872804,0.7230298409344538,0.22217344074667333
0.54,0.054796718318872804,0.7230298409344538,0.22217344074667333
0.56,0.054796718318872804,0.7230298409344538,0.22217344074667333
0.58,0.054796718318872804,0.7230298409344538,0.22217344074667333
0.6,0.054796718318872804,0.7230298409344538,0.22217344074667333
0.62,0.11291328226548598,0.6765699031206667,0.21051681461384722
0.64,0.17102984621209916,0.6301099653068797,0.1988601884810211
0.66,0.22914641015871234,0.5836500274930927,0.187203562348195
0.68,0.28726297410532553,0.5371900896793056,0.17554693621536888
0.7000000000000001,0.34537953805193866,0.49073015186551855,0.16389031008254276
0.72,0.40349610199855185,0.4442702140517315,0.15223368394971665
0.74,0.46161266594516503,0.39781027623794446,0.1405770578168905
0.76,0.5197292298917783,0.3513503384241574,0.12892043168406442
0.78,0.5778457938383914,0.30489040061037037,0.11726380555123829
0.8,0.6359623577850045,0.2584304627965833,0.10560717941841218
0.8200000000000001,0.6940789217316178,0.21197052498279634,0.09395055328558605
0.84,0.7521954856782309,0.1655105871690093,0.08229392715275993
0.86,0.7521954856782309,0.1655105871690093,0.08229392715275993
0.88,0.7521954856782309,0.1655105871690093,0.08229392715275993
0.9,0.7521954856782309,0.1655105871690093,0.08229392715275993
0.92,0.7521954856782309,0.1655105871690093,0.08229392715275993
0.9400000000000001,0.7521954856782309,0.1655105871690093,0.08229392715275993
0.96,0.7521954856782309,0.1655105871690093,0.08229392715275993
0.98,0.7521954856782309,0.1655105871690093,0.08229392715275993
1.0,0.7521954856782309,0.1655105871690093,0.08229392715275993
