fraction_of_volc,OH,H2O2,TMI
0.0,0.05948418250717838,0.8690517066367526,0.07146411085606909
0.02,0.05948418250717838,0.8690517066367526,0.07146411085606909
0.04,0.05948418250717838,0.8690517066367526,0.07146411085606909
0.06,0.05948418250717838,0.8690517066367526,0.07146411085606909
0.08,0.05948418250717838,0.8690517066367526,0.07146411085606909
0.1,0.05948418250717838,0.8690517066367526,0.07146411085606909
0.12,0.05948418250717838,0.8690517066367526,0.07146411085606909
0.14,0.05948418250717838,0.8690517066367526,0.07146411085606909
0.16,0.05948418250717838,0.8690517066367526,0.07146411085606909
0.18,0.05948418250717838,0.8690517066367526,0.07146411085606909
0.2,0.05948418250717838,0.8690517066367526,0.07146411085606909
0.22,0.05948418250717838,0.8690517066367526,0.07146411085606909
0.24,0.05948418250717838,0.8690517066367526,0.07146411085606909
0.26,0.05948418250717838,0.8690517066367526,0.07146411085606909
0.28,0.05948418250717838,0.8690517066367526,0.07146411085606909
0.3,0.05948418250717838,0.8690517066367526,0.07146411085606909
0.32,0.05948418250717838,0.8690517066367526,0.07146411085606909
0.34,0.05948418250717838,0.8690517066367526,0.07146411085606909
0.36,0.05948418250717838,0.8690517066367526,0.07146411085606909
0.38,0.05948418250717838,0.8690517066367526,0.07146411085606909
0.4,0.05948418250717838,0.8690517066367526,0.07146411085606909
0.42,0.05948418250717838,0.8690517066367526,0.07146411085606909
0.44,0.05948418250717838,0.8690517066367526,0.07146411085606909
0.46,0.05948418250717838,0.8690517066367526,0.07146411085606909
0.48,0.05948418250717838,0.8690517066367526,0.07146411085606909
0.5,0.05948418250717838,0.8690517066367526,0.07146411085606909
0.52,0.05948418250717838,0.8690517066367526,0.07146411085606909
0.54,0.05948418250717838,0.8690517066367526,0.07146411085606909
0.56,0.05948418250717838,0.8690517066367526,0.07146411085606909
0.58,0.05948418250717838,0.8690517066367526,0.07146411085606909
0.6,0.05948418250717838,0.8690517066367526,0.07146411085606909
0.62,0.05948418250717838,0.8690517066367526,0.07146411085606909
0.64,0.05948418250717838,0.8690517066367526,0.07146411085606909
0.66,0.05948418250717838,0.8690517066367526,0.07146411085606909
0.68,0.05948418250717838,0.8690517066367526,0.07146411085606909
0.7000000000000001,0.05948418250717838,0.8690517066367526,0.07146411085606909
0.72,0.05948418250717838,0.8690517066367526,0.07146411085606909
0.74,0.05948418250717838,0.8690517066367526,0.07146411085606909
0.76,0.05948418250717838,0.8690517066367526,0.07146411085606909
0.78,0.05948418250717838,0.8690517066367526,0.07146411085606909
0.8,0.07169273581700468,0.8349026789532438,0.09340458522975156
0.8200000000000001,0.08390128912683098,0.8007536512697351,0.11534505960343405
0.84,0.0961098424366573,0.7666046235862263,0.13728553397711651
0.86,0.10831839574648358,0.7324555959027175,0.159226008350799
0.88,0.1205269490563099,0.6983065682192087,0.1811664827244815
0.9,0.13273550236613618,0.6641575405356999,0.20310695709816395
0.92,0.1449440556759625,0.6300085128521912,0.22504743147184642
0.9400000000000001,0.1571526089857888,0.5958594851686824,0.24698790584552893
0.96,0.1693611622956151,0.5617104574851736,0.2689283802192114
0.98,0.1693611622956151,0.5617104574851736,0.2689283802192114
1.0,0.1693611622956151,0.5617104574851736,0.2689283802192114
