fraction_of_volc,OH,H2O2,TMI
0.0,0.14425991683919878,0.18860798626432357,0.6671320968964778
0.02,0.14425991683919878,0.18860798626432357,0.6671320968964778
0.04,0.14425991683919878,0.18860798626432357,0.6671320968964778
0.06,0.14425991683919878,0.18860798626432357,0.6671320968964778
0.08,0.14425991683919878,0.18860798626432357,0.6671320968964778
0.1,0.14425991683919878,0.18860798626432357,0.6671320968964778
0.12,0.14425991683919878,0.18860798626432357,0.6671320968964778
0.14,0.14425991683919878,0.18860798626432357,0.6671320968964778
0.16,0.14425991683919878,0.18860798626432357,0.6671320968964778
0.18,0.14425991683919878,0.18860798626432357,0.6671320968964778
0.2,0.14425991683919878,0.18860798626432357,0.6671320968964778
0.22,0.14425991683919878,0.18860798626432357,0.6671320968964778
0.24,0.14425991683919878,0.18860798626432357,0.6671320968964778
0.26,0.14425991683919878,0.18860798626432357,0.6671320968964778
0.28,0.14425991683919878,0.18860798626432357,0.6671320968964778
0.3,0.14425991683919878,0.18860798626432357,0.6671320968964778
0.32,0.14425991683919878,0.18860798626432357,0.6671320968964778
0.34,0.14425991683919878,0.18860798626432357,0.6671320968964778
0.36,0.14425991683919878,0.18860798626432357,0.6671320968964778
0.38,0.14425991683919878,0.18860798626432357,0.6671320968964778
0.4,0.14425991683919878,0.18860798626432357,0.6671320968964778
0.42,0.14425991683919878,0.18860798626432357,0.6671320968964778
0.44,0.14425991683919878,0.18860798626432357,0.6671320968964778
0.46,0.14425991683919878,0.18860798626432357,0.6671320968964778
0.48,0.14425991683919878,0.18860798626432357,0.6671320968964778
0.5,0.14425991683919878,0.18860798626432357,0.6671320968964778
0.52,0.14425991683919878,0.18860798626432357,0.6671320968964778
0.54,0.14425991683919878,0.18860798626432357,0.6671320968964778
0.56,0.14425991683919878,0.18860798626432357,0.6671320968964778
0.58,0.14425991683919878,0.18860798626432357,0.6671320968964778
0.6,0.14425991683919878,0.18860798626432357,0.6671320968964778
0.62,0.14425991683919878,0.18860798626432357,0.6671320968964778
0.64,0.14425991683919878,0.18860798626432357,0.6671320968964778
0.66,0.14425991683919878,0.18860798626432357,0.6671320968964778
0.68,0.2177436325651807,0.1736940080585353,0.6085623593762841
0.7000000000000001,0.2912273482911626,0.15878002985274706,0.5499926218560904
0.72,0.36471106401714454,0.1438660516469588,0.4914228843358967
0.74,0.4381947797431265,0.12895207344117052,0.432853146815703
0.76,0.5116784954691084,0.11403809523538226,0.37428340929550935
0.78,0.5851622111950903,0.099124117029594,0.3157136717753156
0.8,0.6586459269210723,0.08421013882380574,0.25714393425512194
0.8200000000000001,0.7321296426470542,0.06929616061801748,0.1985741967349283
0.84,0.7321296426470542,0.06929616061801748,0.1985741967349283
0.86,0.7321296426470542,0.06929616061801748,0.1985741967349283
0.88,0.7321296426470542,0.06929616061801748,0.1985741967349283
0.9,0.7321296426470542,0.06929616061801748,0.1985741967349283
0.92,0.7321296426470542,0.06929616061801748,0.1985741967349283
0.9400000000000001,0.7321296426470542,0.06929616061801748,0.1985741967349283
0.96,0.7321296426470542,0.06929616061801748,0.1985741967349283
0.98,0.7321296426470542,0.06929616061801748,0.1985741967349283
1.0,0.7321296426470542,0.06929616061801748,0.1985741967349283
