fraction_of_volc,OH,H2O2,TMI
0.0,0.3797661722130581,0.5339312691759369,0.08630255861100478
0.02,0.3797661722130581,0.5339312691759369,0.08630255861100478
0.04,0.3797661722130581,0.5339312691759369,0.08630255861100478
0.06,0.3797661722130581,0.5339312691759369,0.08630255861100478
0.08,0.3797661722130581,0.5339312691759369,0.08630255861100478
0.1,0.3797661722130581,0.5339312691759369,0.08630255861100478
0.12,0.3797661722130581,0.5339312691759369,0.08630255861100478
0.14,0.3797661722130581,0.5339312691759369,0.08630255861100478
0.16,0.3797661722130581,0.5339312691759369,0.08630255861100478
0.18,0.3797661722130581,0.5339312691759369,0.08630255861100478
0.2,0.3797661722130581,0.5339312691759369,0.08630255861100478
0.22,0.3797661722130581,0.5339312691759369,0.08630255861100478
0.24,0.3629251013237295,0.5366155304850041,0.10045936819126619
0.26,0.3460840304344009,0.5392997917940713,0.11461617777152762
0.28,0.3292429595450723,0.5419840531031385,0.12877298735178905
0.3,0.3124018886557437,0.5446683144122056,0.14292979693205046
0.32,0.29556081776641513,0.5473525757212728,0.15708660651231188
0.34,0.27871974687708656,0.55003683703034,0.1712434160925733
0.36,0.26187867598775794,0.5527210983394072,0.1854002256728347
0.38,0.24503760509842937,0.5554053596484744,0.19955703525309615
0.4,0.22819653420910077,0.5580896209575417,0.21371384483335756
0.42,0.21135546331977217,0.5607738822666088,0.22787065441361898
0.44,0.1945143924304436,0.563458143575676,0.2420274639938804
0.46,0.177673321541115,0.5661424048847432,0.2561842735741418
0.48,0.1608322506517864,0.5688266661938104,0.2703410831544032
0.5,0.14399117976245784,0.5715109275028776,0.28449789273466464
0.52,0.12715010887312922,0.5741951888119448,0.2986547023149261
0.54,0.11030903798380065,0.5768794501210119,0.3128115118951875
0.56,0.09346796709447207,0.5795637114300791,0.3269683214754489
0.58,0.09346796709447207,0.5795637114300791,0.3269683214754489
0.6,0.09346796709447207,0.5795637114300791,0.3269683214754489
0.62,0.09346796709447207,0.5795637114300791,0.3269683214754489
0.64,0.09346796709447207,0.5795637114300791,0.3269683214754489
0.66,0.09346796709447207,0.5795637114300791,0.3269683214754489
0.68,0.09346796709447207,0.5795637114300791,0.3269683214754489
0.7000000000000001,0.09346796709447207,0.5795637114300791,0.3269683214754489
0.72,0.09346796709447207,0.5795637114300791,0.3269683214754489
0.74,0.09346796709447207,0.5795637114300791,0.3269683214754489
0.76,0.09346796709447207,0.5795637114300791,0.3269683214754489
0.78,0.09346796709447207,0.5795637114300791,0.3269683214754489
0.8,0.09346796709447207,0.5795637114300791,0.3269683214754489
0.8200000000000001,0.09346796709447207,0.5795637114300791,0.3269683214754489
0.84,0.09346796709447207,0.5795637114300791,0.3269683214754489
0.86,0.09346796709447207,0.5795637114300791,0.3269683214754489
0.88,0.09346796709447207,0.5795637114300791,0.3269683214754489
0.9,0.09346796709447207,0.5795637114300791,0.3269683214754489
0.92,0.09346796709447207,0.5795637114300791,0.3269683214754489
0.9400000000000001,0.09346796709447207,0.5795637114300791,0.3269683214754489
0.96,0.09346796709447207,0.5795637114300791,0.3269683214754489
0.98,0.09346796709447207,0.5795637114300791,0.3269683214754489
1.0,0.09346796709447207,0.5795637114300791,0.3269683214754489
