fraction_of_volc,OH,H2O2,TMI
0.0,0.14614350267083956,0.6741156083184523,0.17974088901070834
0.02,0.14614350267083956,0.6741156083184523,0.17974088901070834
0.04,0.14614350267083956,0.6741156083184523,0.17974088901070834
0.06,0.14614350267083956,0.6741156083184523,0.17974088901070834
0.08,0.14614350267083956,0.6741156083184523,0.17974088901070834
0.1,0.14614350267083956,0.6741156083184523,0.17974088901070834
0.12,0.14614350267083956,0.6741156083184523,0.17974088901070834
0.14,0.14614350267083956,0.6741156083184523,0.17974088901070834
0.16,0.14614350267083956,0.6741156083184523,0.17974088901070834
0.18,0.14614350267083956,0.6741156083184523,0.17974088901070834
0.2,0.14614350267083956,0.6741156083184523,0.17974088901070834
0.22,0.14614350267083956,0.6741156083184523,0.17974088901070834
0.24,0.14614350267083956,0.6741156083184523,0.17974088901070834
0.26,0.14614350267083956,0.6741156083184523,0.17974088901070834
0.28,0.14614350267083956,0.6741156083184523,0.17974088901070834
0.3,0.14614350267083956,0.6741156083184523,0.17974088901070834
0.32,0.14614350267083956,0.6741156083184523,0.17974088901070834
0.34,0.14614350267083956,0.6741156083184523,0.17974088901070834
0.36,0.14614350267083956,0.6741156083184523,0.17974088901070834
0.38,0.14614350267083956,0.6741156083184523,0.17974088901070834
0.4,0.14614350267083956,0.6741156083184523,0.17974088901070834
0.42,0.14614350267083956,0.6741156083184523,0.17974088901070834
0.44,0.14614350267083956,0.6741156083184523,0.17974088901070834
0.46,0.14614350267083956,0.6741156083184523,0.17974088901070834
0.48,0.14614350267083956,0.6741156083184523,0.17974088901070834
0.5,0.14053786552172465,0.6491956333224698,0.21026650115580578
0.52,0.13493222837260974,0.6242756583264872,0.24079211330090325
0.54,0.1293265912234948,0.5993556833305047,0.2713177254460007
0.56,0.12372095407437989,0.5744357083345222,0.30184333759109816
0.58,0.11811531692526497,0.5495157333385395,0.3323689497361956
0.6,0.11250967977615006,0.524595758342557,0.36289456188129304
0.62,0.10690404262703514,0.4996757833465745,0.3934201740263905
0.64,0.10129840547792021,0.47475580835059195,0.4239457861714879
0.66,0.0956927683288053,0.4498358333546094,0.4544713983165854
0.68,0.09008713117969039,0.4249158583586269,0.48499701046168286
0.7000000000000001,0.08448149403057546,0.3999958833626443,0.5155226226067804
0.72,0.07887585688146055,0.37507590836666177,0.5460482347518778
0.74,0.07327021973234563,0.35015593337067924,0.5765738468969752
0.76,0.06766458258323071,0.32523595837469665,0.6070994590420726
0.78,0.06205894543411579,0.3003159833787141,0.63762507118717
0.8,0.05645330828500088,0.2753960083827316,0.6681506833322676
0.8200000000000001,0.050847671135885966,0.25047603338674906,0.6986762954773651
0.84,0.04524203398677104,0.22555605839076653,0.7292019076224625
0.86,0.03963639683765613,0.20063608339478395,0.7597275197675599
0.88,0.034030759688541204,0.17571610839880142,0.7902531319126573
0.9,0.028425122539426292,0.15079613340281883,0.8207787440577547
0.92,0.022819485390311367,0.1258761584068363,0.8513043562028524
0.9400000000000001,0.017213848241196452,0.10095618341085376,0.8818299683479498
0.96,0.017213848241196452,0.10095618341085376,0.8818299683479498
0.98,0.017213848241196452,0.10095618341085376,0.8818299683479498
1.0,0.017213848241196452,0.10095618341085376,0.8818299683479498
