fraction_of_volc,OH,H2O2,TMI
0.0,0.6158431153053257,0.3122839076118583,0.07187297708281612
0.02,0.6158431153053257,0.3122839076118583,0.07187297708281612
0.04,0.6158431153053257,0.3122839076118583,0.07187297708281612
0.06,0.6158431153053257,0.3122839076118583,0.07187297708281612
0.08,0.6158431153053257,0.3122839076118583,0.07187297708281612
0.1,0.6139807937050091,0.3111781219859709,0.07484108430902005
0.12,0.6121184721046926,0.31007233636008347,0.07780919153522398
0.14,0.6102561505043761,0.30896655073419604,0.08077729876142789
0.16,0.6083938289040597,0.3078607651083086,0.08374540598763182
0.18,0.6065315073037432,0.3067549794824212,0.08671351321383575
0.2,0.6046691857034266,0.3056491938565338,0.08968162044003966
0.22,0.6028068641031101,0.30454340823064635,0.09264972766624359
0.24,0.6009445425027936,0.3034376226047589,0.09561783489244752
0.26,0.5990822209024771,0.3023318369788715,0.09858594211865145
0.28,0.5972198993021607,0.3012260513529841,0.10155404934485537
0.3,0.5953575777018442,0.30012026572709666,0.10452215657105929
0.32,0.5934952561015276,0.29901448010120923,0.10749026379726322
0.34,0.5916329345012111,0.2979086944753218,0.11045837102346714
0.36,0.5897706129008946,0.2968029088494344,0.11342647824967106
0.38,0.5879082913005781,0.29569712322354696,0.11639458547587499
0.4,0.5860459697002616,0.29459133759765954,0.11936269270207892
0.42,0.5841836480999452,0.2934855519717721,0.12233079992828284
0.44,0.5823213264996286,0.2923797663458847,0.12529890715448677
0.46,0.5804590048993121,0.29127398071999727,0.12826701438069069
0.48,0.5785966832989956,0.29016819509410985,0.1312351216068946
0.5,0.5767343616986791,0.2890624094682224,0.13420322883309854
0.52,0.5748720400983626,0.287956623842335,0.13717133605930246
0.54,0.5730097184980462,0.2868508382164476,0.14013944328550637
0.56,0.5711473968977296,0.28574505259056016,0.1431075505117103
0.58,0.5692850752974131,0.28463926696467273,0.14607565773791426
0.6,0.5674227536970966,0.2835334813387853,0.14904376496411817
0.62,0.5655604320967801,0.2824276957128979,0.15201187219032208
0.64,0.5636981104964636,0.28132191008701046,0.15497997941652603
0.66,0.5618357888961472,0.28021612446112304,0.15794808664272994
0.68,0.5599734672958306,0.2791103388352356,0.16091619386893385
0.7000000000000001,0.5581111456955141,0.2780045532093482,0.1638843010951378
0.72,0.5562488240951976,0.27689876758346077,0.1668524083213417
0.74,0.5562488240951976,0.27689876758346077,0.1668524083213417
0.76,0.5562488240951976,0.27689876758346077,0.1668524083213417
0.78,0.5562488240951976,0.27689876758346077,0.1668524083213417
0.8,0.5562488240951976,0.27689876758346077,0.1668524083213417
0.8200000000000001,0.5562488240951976,0.27689876758346077,0.1668524083213417
0.84,0.5562488240951976,0.27689876758346077,0.1668524083213417
0.86,0.5562488240951976,0.27689876758346077,0.1668524083213417
0.88,0.5562488240951976,0.27689876758346077,0.1668524083213417
0.9,0.5562488240951976,0.27689876758346077,0.1668524083213417
0.92,0.5562488240951976,0.27689876758346077,0.1668524083213417
0.9400000000000001,0.5562488240951976,0.27689876758346077,0.1668524083213417
0.96,0.5562488240951976,0.27689876758346077,0.1668524083213417
0.98,0.5562488240951976,0.27689876758346077,0.1668524083213417
1.0,0.5562488240951976,0.27689876758346077,0.1668524083213417
