fraction_of_volc,OH,H2O2,TMI
0.0,0.044967571915187424,0.5831048658128176,0.37192756227199497
0.02,0.044967571915187424,0.5831048658128176,0.37192756227199497
0.04,0.044967571915187424,0.5831048658128176,0.37192756227199497
0.06,0.044967571915187424,0.5831048658128176,0.37192756227199497
0.08,0.044967571915187424,0.5831048658128176,0.37192756227199497
0.1,0.044967571915187424,0.5831048658128176,0.37192756227199497
0.12,0.044967571915187424,0.5831048658128176,0.37192756227199497
0.14,0.044967571915187424,0.5831048658128176,0.37192756227199497
0.16,0.044967571915187424,0.5831048658128176,0.37192756227199497
0.18,0.044967571915187424,0.5831048658128176,0.37192756227199497
0.2,0.044967571915187424,0.5831048658128176,0.37192756227199497
0.22,0.044967571915187424,0.5831048658128176,0.37192756227199497
0.24,0.044967571915187424,0.5831048658128176,0.37192756227199497
0.26,0.044967571915187424,0.5831048658128176,0.37192756227199497
0.28,0.044967571915187424,0.5831048658128176,0.37192756227199497
0.3,0.044967571915187424,0.5831048658128176,0.37192756227199497
0.32,0.044967571915187424,0.5831048658128176,0.37192756227199497
0.34,0.044967571915187424,0.5831048658128176,0.37192756227199497
0.36,0.044967571915187424,0.5831048658128176,0.37192756227199497
0.38,0.044967571915187424,0.5831048658128176,0.37192756227199497
0.4,0.0576175965506357,0.5638982377398178,0.37848416570954646
0.42,0.07026762118608397,0.5446916096668182,0.3850407691470979
0.44,0.08291764582153224,0.5254849815938184,0.3915973725846494
0.46,0.09556767045698052,0.5062783535208186,0.3981539760222008
0.48,0.10821769509242879,0.4870717254478189,0.4047105794597523
0.5,0.12086771972787706,0.4678650973748192,0.4112671828973038
0.52,0.13351774436332534,0.4486584693018194,0.41782378633485523
0.54,0.1461677689987736,0.42945184122881963,0.4243803897724067
0.56,0.15881779363422188,0.4102452131558199,0.4309369932099582
0.58,0.17146781826967017,0.3910385850828202,0.43749359664750964
0.6,0.1841178429051184,0.3718319570098204,0.44405020008506113
0.62,0.1967678675405667,0.3526253289368207,0.4506068035226126
0.64,0.20941789217601497,0.33341870086382097,0.45716340696016405
0.66,0.22206791681146326,0.3142120727908212,0.46372001039771554
0.68,0.2347179414469115,0.2950054447178214,0.470276613835267
0.7000000000000001,0.24736796608235978,0.2757988166448217,0.47683321727281847
0.72,0.26001799071780807,0.256592188571822,0.48338982071036996
0.74,0.27266801535325635,0.2373855604988222,0.4899464241479214
0.76,0.2853180399887046,0.21817893242582248,0.4965030275854729
0.78,0.2979680646241529,0.1989723043528227,0.5030596310230243
0.8,0.31061808925960116,0.179765676279823,0.5096162344605758
0.8200000000000001,0.31061808925960116,0.179765676279823,0.5096162344605758
0.84,0.31061808925960116,0.179765676279823,0.5096162344605758
0.86,0.31061808925960116,0.179765676279823,0.5096162344605758
0.88,0.31061808925960116,0.179765676279823,0.5096162344605758
0.9,0.31061808925960116,0.179765676279823,0.5096162344605758
0.92,0.31061808925960116,0.179765676279823,0.5096162344605758
0.9400000000000001,0.31061808925960116,0.179765676279823,0.5096162344605758
0.96,0.31061808925960116,0.179765676279823,0.5096162344605758
0.98,0.31061808925960116,0.179765676279823,0.5096162344605758
1.0,0.31061808925960116,0.179765676279823,0.5096162344605758
