fraction_of_volc,OH,H2O2,TMI
0.0,0.29463355961836046,0.5315057261769675,0.1738607142046722
0.02,0.29463355961836046,0.5315057261769675,0.1738607142046722
0.04,0.29463355961836046,0.5315057261769675,0.1738607142046722
0.06,0.29463355961836046,0.5315057261769675,0.1738607142046722
0.08,0.29463355961836046,0.5315057261769675,0.1738607142046722
0.1,0.29463355961836046,0.5315057261769675,0.1738607142046722
0.12,0.29463355961836046,0.5315057261769675,0.1738607142046722
0.14,0.29463355961836046,0.5315057261769675,0.1738607142046722
0.16,0.29463355961836046,0.5315057261769675,0.1738607142046722
0.18,0.29463355961836046,0.5315057261769675,0.1738607142046722
0.2,0.29463355961836046,0.5315057261769675,0.1738607142046722
0.22,0.29846211654233085,0.5266606763285993,0.17487720712907007
0.24,0.3022906734663012,0.5218156264802309,0.17589370005346794
0.26,0.30611923039027156,0.5169705766318627,0.1769101929778658
0.28,0.30994778731424194,0.5121255267834944,0.17792668590226368
0.3,0.3137763442382123,0.5072804769351262,0.17894317882666155
0.32,0.31760490116218265,0.502435427086758,0.17995967175105942
0.34,0.32143345808615303,0.4975903772383897,0.1809761646754573
0.36,0.3252620150101234,0.4927453273900215,0.18199265759985517
0.38,0.32909057193409375,0.48790027754165327,0.18300915052425304
0.4,0.33291912885806413,0.483055227693285,0.18402564344865094
0.42,0.3367476857820345,0.47821017784491676,0.1850421363730488
0.44,0.34057624270600484,0.4733651279965485,0.18605862929744668
0.46,0.3444047996299752,0.4685200781481803,0.18707512222184455
0.48,0.3482333565539456,0.46367502829981205,0.18809161514624242
0.5,0.352061913477916,0.4588299784514438,0.1891081080706403
0.52,0.3558904704018863,0.45398492860307554,0.19012460099503817
0.54,0.3597190273258567,0.4491398787547073,0.19114109391943604
0.56,0.3635475842498271,0.4442948289063391,0.1921575868438339
0.58,0.36737614117379747,0.43944977905797084,0.19317407976823178
0.6,0.3712046980977678,0.4346047292096026,0.19419057269262965
0.62,0.3750332550217382,0.4297596793612343,0.19520706561702753
0.64,0.37886181194570856,0.42491462951286607,0.1962235585414254
0.66,0.3826903688696789,0.42006957966449787,0.19724005146582327
0.68,0.38651892579364927,0.4152245298161296,0.19825654439022114
0.7000000000000001,0.39034748271761965,0.41037947996776136,0.199273037314619
0.72,0.39417603964159,0.40553443011939316,0.20028953023901688
0.74,0.39800459656556036,0.40068938027102485,0.20130602316341478
0.76,0.40183315348953075,0.39584433042265665,0.20232251608781265
0.78,0.4056617104135011,0.3909992805742884,0.20333900901221053
0.8,0.40949026733747146,0.38615423072592014,0.2043555019366084
0.8200000000000001,0.41331882426144184,0.38130918087755195,0.20537199486100627
0.84,0.4171473811854122,0.37646413102918364,0.20638848778540414
0.86,0.4209759381093826,0.37161908118081544,0.207404980709802
0.88,0.42480449503335294,0.3667740313324472,0.20842147363419988
0.9,0.4286330519573233,0.3619289814840789,0.20943796655859775
0.92,0.4286330519573233,0.3619289814840789,0.20943796655859775
0.9400000000000001,0.4286330519573233,0.3619289814840789,0.20943796655859775
0.96,0.4286330519573233,0.3619289814840789,0.20943796655859775
0.98,0.4286330519573233,0.3619289814840789,0.20943796655859775
1.0,0.4286330519573233,0.3619289814840789,0.20943796655859775
