fraction_of_volc,OH,H2O2,TMI
0.0,0.06922768318644006,0.6937439531993712,0.23702836361418866
0.02,0.06922768318644006,0.6937439531993712,0.23702836361418866
0.04,0.06922768318644006,0.6937439531993712,0.23702836361418866
0.06,0.06922768318644006,0.6937439531993712,0.23702836361418866
0.08,0.06922768318644006,0.6937439531993712,0.23702836361418866
0.1,0.06922768318644006,0.6937439531993712,0.23702836361418866
0.12,0.06922768318644006,0.6937439531993712,0.23702836361418866
0.14,0.06922768318644006,0.6937439531993712,0.23702836361418866
0.16,0.06922768318644006,0.6937439531993712,0.23702836361418866
0.18,0.06922768318644006,0.6937439531993712,0.23702836361418866
0.2,0.06922768318644006,0.6937439531993712,0.23702836361418866
0.22,0.06922768318644006,0.6937439531993712,0.23702836361418866
0.24,0.06922768318644006,0.6937439531993712,0.23702836361418866
0.26,0.06922768318644006,0.6937439531993712,0.23702836361418866
0.28,0.06922768318644006,0.6937439531993712,0.23702836361418866
0.3,0.06922768318644006,0.6937439531993712,0.23702836361418866
0.32,0.06922768318644006,0.6937439531993712,0.23702836361418866
0.34,0.06922768318644006,0.6937439531993712,0.23702836361418866
0.36,0.06922768318644006,0.6937439531993712,0.23702836361418866
0.38,0.06922768318644006,0.6937439531993712,0.23702836361418866
0.4,0.06922768318644006,0.6937439531993712,0.23702836361418866
0.42,0.06922768318644006,0.6937439531993712,0.23702836361418866
0.44,0.06922768318644006,0.6937439531993712,0.23702836361418866
0.46,0.06922768318644006,0.6937439531993712,0.23702836361418866
0.48,0.06922768318644006,0.6937439531993712,0.23702836361418866
0.5,0.06922768318644006,0.6937439531993712,0.23702836361418866
0.52,0.06922768318644006,0.6937439531993712,0.23702836361418866
0.54,0.06922768318644006,0.6937439531993712,0.23702836361418866
0.56,0.06922768318644006,0.6937439531993712,0.23702836361418866
0.58,0.06922768318644006,0.6937439531993712,0.23702836361418866
0.6,0.06922768318644006,0.6937439531993712,0.23702836361418866
0.62,0.06922768318644006,0.6937439531993712,0.23702836361418866
0.64,0.06922768318644006,0.6937439531993712,0.23702836361418866
0.66,0.06922768318644006,0.6937439531993712,0.23702836361418866
0.68,0.06922768318644006,0.6937439531993712,0.23702836361418866
0.7000000000000001,0.06922768318644006,0.6937439531993712,0.23702836361418866
0.72,0.06922768318644006,0.6937439531993712,0.23702836361418866
0.74,0.06922768318644006,0.6937439531993712,0.23702836361418866
0.76,0.13120917455833342,0.6530586219961348,0.21573220344553168
0.78,0.19319066593022677,0.6123732907928985,0.19443604327687472
0.8,0.2551721573021201,0.571687959589662,0.17313988310821773
0.8200000000000001,0.31715364867401347,0.5310026283864256,0.15184372293956078
0.84,0.37913514004590687,0.4903172971831893,0.1305475627709038
0.86,0.4411166314178002,0.4496319659799529,0.1092514026022468
0.88,0.5030981227896936,0.4089466347767165,0.08795524243358985
0.9,0.5650796141615869,0.36826130357348014,0.06665908226493286
0.92,0.6270611055334803,0.3275759723702438,0.045362922096275876
0.9400000000000001,0.6890425969053736,0.28689064116700735,0.024066761927618918
0.96,0.751024088277267,0.24620530996377096,0.002770601758961946
0.98,0.751024088277267,0.24620530996377096,0.002770601758961946
1.0,0.751024088277267,0.24620530996377096,0.002770601758961946
