fraction_of_volc,OH,H2O2,TMI
0.0,0.1925428955543921,0.016856793686468658,0.7906003107591393
0.02,0.1925428955543921,0.016856793686468658,0.7906003107591393
0.04,0.1925428955543921,0.016856793686468658,0.7906003107591393
0.06,0.1925428955543921,0.016856793686468658,0.7906003107591393
0.08,0.1925428955543921,0.016856793686468658,0.7906003107591393
0.1,0.1925428955543921,0.016856793686468658,0.7906003107591393
0.12,0.1925428955543921,0.016856793686468658,0.7906003107591393
0.14,0.1925428955543921,0.016856793686468658,0.7906003107591393
0.16,0.1925428955543921,0.016856793686468658,0.7906003107591393
0.18,0.1925428955543921,0.016856793686468658,0.7906003107591393
0.2,0.1925428955543921,0.016856793686468658,0.7906003107591393
0.22,0.1925428955543921,0.016856793686468658,0.7906003107591393
0.24,0.1925428955543921,0.016856793686468658,0.7906003107591393
0.26,0.1925428955543921,0.016856793686468658,0.7906003107591393
0.28,0.1925428955543921,0.016856793686468658,0.7906003107591393
0.3,0.1925428955543921,0.016856793686468658,0.7906003107591393
0.32,0.1925428955543921,0.016856793686468658,0.7906003107591393
0.34,0.1925428955543921,0.016856793686468658,0.7906003107591393
0.36,0.1925428955543921,0.016856793686468658,0.7906003107591393
0.38,0.1925428955543921,0.016856793686468658,0.7906003107591393
0.4,0.22174712740550276,0.022342582664156608,0.7559102899303407
0.42,0.25095135925661344,0.027828371641844554,0.721220269101542
0.44,0.2801555911077241,0.033314160619532504,0.6865302482727434
0.46,0.30935982295883474,0.038799949597220454,0.6518402274439448
0.48,0.3385640548099454,0.044285738574908404,0.6171502066151462
0.5,0.3677682866610561,0.049771527552596354,0.5824601857863476
0.52,0.39697251851216675,0.0552573165302843,0.547770164957549
0.54,0.4261767503632774,0.06074310550797225,0.5130801441287504
0.56,0.45538098221438805,0.0662288944856602,0.47839012329995173
0.58,0.4845852140654987,0.07171468346334815,0.4437001024711531
0.6,0.5137894459166094,0.0772004724410361,0.40901008164235453
0.62,0.54299367776772,0.08268626141872404,0.3743200608135559
0.64,0.5721979096188307,0.08817205039641199,0.33963003998475727
0.66,0.6014021414699413,0.09365783937409994,0.3049400191559587
0.68,0.630606373321052,0.09914362835178789,0.27024999832716
0.7000000000000001,0.6598106051721626,0.10462941732947584,0.2355599774983614
0.72,0.6598106051721626,0.10462941732947584,0.2355599774983614
0.74,0.6598106051721626,0.10462941732947584,0.2355599774983614
0.76,0.6598106051721626,0.10462941732947584,0.2355599774983614
0.78,0.6598106051721626,0.10462941732947584,0.2355599774983614
0.8,0.6598106051721626,0.10462941732947584,0.2355599774983614
0.8200000000000001,0.6598106051721626,0.10462941732947584,0.2355599774983614
0.84,0.6598106051721626,0.10462941732947584,0.2355599774983614
0.86,0.6598106051721626,0.10462941732947584,0.2355599774983614
0.88,0.6598106051721626,0.10462941732947584,0.2355599774983614
0.9,0.6598106051721626,0.10462941732947584,0.2355599774983614
0.92,0.6598106051721626,0.10462941732947584,0.2355599774983614
0.9400000000000001,0.6598106051721626,0.10462941732947584,0.2355599774983614
0.96,0.6598106051721626,0.10462941732947584,0.2355599774983614
0.98,0.6598106051721626,0.10462941732947584,0.2355599774983614
1.0,0.6598106051721626,0.10462941732947584,0.2355599774983614
