fraction_of_volc,OH,H2O2,TMI
0.0,0.546108697722758,0.44261655333190547,0.01127474894533634
0.02,0.546108697722758,0.44261655333190547,0.01127474894533634
0.04,0.546108697722758,0.44261655333190547,0.01127474894533634
0.06,0.546108697722758,0.44261655333190547,0.01127474894533634
0.08,0.546108697722758,0.44261655333190547,0.01127474894533634
0.1,0.546108697722758,0.44261655333190547,0.01127474894533634
0.12,0.546108697722758,0.44261655333190547,0.01127474894533634
0.14,0.546108697722758,0.44261655333190547,0.01127474894533634
0.16,0.546108697722758,0.44261655333190547,0.01127474894533634
0.18,0.546108697722758,0.44261655333190547,0.01127474894533634
0.2,0.546108697722758,0.44261655333190547,0.01127474894533634
0.22,0.546108697722758,0.44261655333190547,0.01127474894533634
0.24,0.546108697722758,0.44261655333190547,0.01127474894533634
0.26,0.546108697722758,0.44261655333190547,0.01127474894533634
0.28,0.546108697722758,0.44261655333190547,0.01127474894533634
0.3,0.546108697722758,0.44261655333190547,0.01127474894533634
0.32,0.546108697722758,0.44261655333190547,0.01127474894533634
0.34,0.546108697722758,0.44261655333190547,0.01127474894533634
0.36,0.546108697722758,0.44261655333190547,0.01127474894533634
0.38,0.546108697722758,0.44261655333190547,0.01127474894533634
0.4,0.546108697722758,0.44261655333190547,0.01127474894533634
0.42,0.546108697722758,0.44261655333190547,0.01127474894533634
0.44,0.546108697722758,0.44261655333190547,0.01127474894533634
0.46,0.546108697722758,0.44261655333190547,0.01127474894533634
0.48,0.5231768360542557,0.45476103034716,0.02206213359858418
0.5,0.5002449743857533,0.4669055073624145,0.032849518251832015
0.52,0.477313112717251,0.479049984377669,0.04363690290507985
0.54,0.4543812510487487,0.4911944613929235,0.05442428755832769
0.56,0.43144938938024635,0.503338938408178,0.06521167221157553
0.58,0.408517527711744,0.5154834154234325,0.07599905686482336
0.6,0.3855856660432417,0.527627892438687,0.0867864415180712
0.62,0.3626538043747394,0.5397723694539415,0.09757382617131904
0.64,0.339721942706237,0.551916846469196,0.10836121082456689
0.66,0.31679008103773465,0.5640613234844505,0.11914859547781473
0.68,0.29385821936923234,0.576205800499705,0.12993598013106256
0.7000000000000001,0.27092635770073,0.5883502775149595,0.14072336478431038
0.72,0.24799449603222767,0.600494754530214,0.15151074943755824
0.74,0.2250626343637253,0.6126392315454685,0.16229813409080607
0.76,0.202130772695223,0.6247837085607231,0.17308551874405392
0.78,0.17919891102672064,0.6369281855759775,0.18387290339730175
0.8,0.15626704935821828,0.649072662591232,0.19466028805054958
0.8200000000000001,0.13333518768971597,0.6612171396064865,0.20544767270379743
0.84,0.11040332602121361,0.6733616166217411,0.21623505735704526
0.86,0.0874714643527113,0.6855060936369956,0.2270224420102931
0.88,0.0874714643527113,0.6855060936369956,0.2270224420102931
0.9,0.0874714643527113,0.6855060936369956,0.2270224420102931
0.92,0.0874714643527113,0.6855060936369956,0.2270224420102931
0.9400000000000001,0.0874714643527113,0.6855060936369956,0.2270224420102931
0.96,0.0874714643527113,0.6855060936369956,0.2270224420102931
0.98,0.0874714643527113,0.6855060936369956,0.2270224420102931
1.0,0.0874714643527113,0.6855060936369956,0.2270224420102931
