fraction_of_volc,OH,H2O2,TMI
0.0,0.2779773164373783,0.06088160825504243,0.6611410753075793
0.02,0.2779773164373783,0.06088160825504243,0.6611410753075793
0.04,0.2779773164373783,0.06088160825504243,0.6611410753075793
0.06,0.2779773164373783,0.06088160825504243,0.6611410753075793
0.08,0.2779773164373783,0.06088160825504243,0.6611410753075793
0.1,0.273599027959966,0.0802631727019558,0.6461377993380781
0.12,0.2692207394825537,0.09964473714886919,0.6311345233685771
0.14,0.2648424510051414,0.11902630159578256,0.616131247399076
0.16,0.2604641625277291,0.13840786604269595,0.6011279714295749
0.18,0.2560858740503168,0.15778943048960933,0.5861246954600738
0.2,0.2517075855729045,0.17717099493652272,0.5711214194905727
0.22,0.24732929709549223,0.1965525593834361,0.5561181435210716
0.24,0.24295100861807994,0.2159341238303495,0.5411148675515706
0.26,0.23857272014066766,0.23531568827726287,0.5261115915820694
0.28,0.23419443166325538,0.25469725272417626,0.5111083156125684
0.3,0.22981614318584306,0.2740788171710896,0.4961050396430673
0.32,0.22543785470843078,0.293460381618003,0.48110176367356616
0.34,0.2210595662310185,0.3128419460649164,0.46609848770406515
0.36,0.21668127775360618,0.33222351051182974,0.451095211734564
0.38,0.2123029892761939,0.35160507495874316,0.43609193576506294
0.4,0.20792470079878161,0.3709866394056565,0.42108865979556187
0.42,0.20354641232136933,0.3903682038525699,0.40608538382606074
0.44,0.19916812384395705,0.4097497682994833,0.39108210785655967
0.46,0.19478983536654473,0.42913133274639664,0.3760788318870586
0.48,0.19041154688913245,0.44851289719331006,0.36107555591755747
0.5,0.18603325841172016,0.4678944616402234,0.3460722799480564
0.52,0.18165496993430785,0.4872760260871368,0.3310690039785553
0.54,0.17727668145689557,0.5066575905340502,0.31606572800905425
0.56,0.17289839297948328,0.5260391549809635,0.3010624520395531
0.58,0.168520104502071,0.545420719427877,0.28605917607005205
0.6,0.16414181602465872,0.5648022838747904,0.271055900100551
0.62,0.1597635275472464,0.5841838483217037,0.25605262413104984
0.64,0.15538523906983412,0.6035654127686171,0.24104934816154877
0.66,0.15100695059242183,0.6229469772155305,0.2260460721920477
0.68,0.14662866211500952,0.6423285416624439,0.21104279622254662
0.7000000000000001,0.14225037363759724,0.6617101061093572,0.1960395202530455
0.72,0.13787208516018495,0.6810916705562706,0.18103624428354442
0.74,0.13349379668277267,0.700473235003184,0.16603296831404335
0.76,0.12911550820536036,0.7198547994500973,0.15102969234454225
0.78,0.12911550820536036,0.7198547994500973,0.15102969234454225
0.8,0.12911550820536036,0.7198547994500973,0.15102969234454225
0.8200000000000001,0.12911550820536036,0.7198547994500973,0.15102969234454225
0.84,0.12911550820536036,0.7198547994500973,0.15102969234454225
0.86,0.12911550820536036,0.7198547994500973,0.15102969234454225
0.88,0.12911550820536036,0.7198547994500973,0.15102969234454225
0.9,0.12911550820536036,0.7198547994500973,0.15102969234454225
0.92,0.12911550820536036,0.7198547994500973,0.15102969234454225
0.9400000000000001,0.12911550820536036,0.7198547994500973,0.15102969234454225
0.96,0.12911550820536036,0.7198547994500973,0.15102969234454225
0.98,0.12911550820536036,0.7198547994500973,0.15102969234454225
1.0,0.12911550820536036,0.7198547994500973,0.15102969234454225
