fraction_of_volc,OH,H2O2,TMI
0.0,0.5721731504222101,0.03246162064531335,0.3953652289324766
0.02,0.5721731504222101,0.03246162064531335,0.3953652289324766
0.04,0.5721731504222101,0.03246162064531335,0.3953652289324766
0.06,0.5721731504222101,0.03246162064531335,0.3953652289324766
0.08,0.5721731504222101,0.03246162064531335,0.3953652289324766
0.1,0.5721731504222101,0.03246162064531335,0.3953652289324766
0.12,0.5721731504222101,0.03246162064531335,0.3953652289324766
0.14,0.5721731504222101,0.03246162064531335,0.3953652289324766
0.16,0.5721731504222101,0.03246162064531335,0.3953652289324766
0.18,0.5721731504222101,0.03246162064531335,0.3953652289324766
0.2,0.5721731504222101,0.03246162064531335,0.3953652289324766
0.22,0.5721731504222101,0.03246162064531335,0.3953652289324766
0.24,0.5721731504222101,0.03246162064531335,0.3953652289324766
0.26,0.5721731504222101,0.03246162064531335,0.3953652289324766
0.28,0.5721731504222101,0.03246162064531335,0.3953652289324766
0.3,0.5721731504222101,0.03246162064531335,0.3953652289324766
0.32,0.5721731504222101,0.03246162064531335,0.3953652289324766
0.34,0.5721731504222101,0.03246162064531335,0.3953652289324766
0.36,0.5721731504222101,0.03246162064531335,0.3953652289324766
0.38,0.5721731504222101,0.03246162064531335,0.3953652289324766
0.4,0.5721731504222101,0.03246162064531335,0.3953652289324766
0.42,0.5721731504222101,0.03246162064531335,0.3953652289324766
0.44,0.5721731504222101,0.03246162064531335,0.3953652289324766
0.46,0.5757664324667093,0.03718107053542543,0.3870524969978652
0.48,0.5793597145112087,0.04190052042553752,0.37873976506325385
0.5,0.582952996555708,0.0466199703156496,0.37042703312864245
0.52,0.5865462786002072,0.05133942020576168,0.36211430119403104
0.54,0.5901395606447066,0.056058870095873764,0.35380156925941963
0.56,0.5937328426892059,0.060778319985985846,0.3454888373248083
0.58,0.5973261247337052,0.06549776987609793,0.3371761053901969
0.6,0.6009194067782045,0.07021721976621001,0.3288633734555855
0.62,0.6045126888227038,0.07493666965632209,0.3205506415209741
0.64,0.6081059708672031,0.07965611954643417,0.3122379095863627
0.66,0.6116992529117025,0.08437556943654627,0.3039251776517513
0.68,0.6152925349562017,0.08909501932665835,0.29561244571713996
0.7000000000000001,0.618885817000701,0.09381446921677043,0.28729971378252855
0.72,0.6224790990452004,0.09853391910688253,0.27898698184791715
0.74,0.6260723810896996,0.1032533689969946,0.27067424991330574
0.76,0.6260723810896996,0.1032533689969946,0.27067424991330574
0.78,0.6260723810896996,0.1032533689969946,0.27067424991330574
0.8,0.6260723810896996,0.1032533689969946,0.27067424991330574
0.8200000000000001,0.6260723810896996,0.1032533689969946,0.27067424991330574
0.84,0.6260723810896996,0.1032533689969946,0.27067424991330574
0.86,0.6260723810896996,0.1032533689969946,0.27067424991330574
0.88,0.6260723810896996,0.1032533689969946,0.27067424991330574
0.9,0.6260723810896996,0.1032533689969946,0.27067424991330574
0.92,0.6260723810896996,0.1032533689969946,0.27067424991330574
0.9400000000000001,0.6260723810896996,0.1032533689969946,0.27067424991330574
0.96,0.6260723810896996,0.1032533689969946,0.27067424991330574
0.98,0.6260723810896996,0.1032533689969946,0.27067424991330574
1.0,0.6260723810896996,0.1032533689969946,0.27067424991330574
