fraction_of_volc,OH,H2O2,TMI
0.0,0.6189451676704939,0.12566039218191224,0.2553944401475938
0.02,0.6189451676704939,0.12566039218191224,0.2553944401475938
0.04,0.6189451676704939,0.12566039218191224,0.2553944401475938
0.06,0.6189451676704939,0.12566039218191224,0.2553944401475938
0.08,0.6189451676704939,0.12566039218191224,0.2553944401475938
0.1,0.6189451676704939,0.12566039218191224,0.2553944401475938
0.12,0.6189451676704939,0.12566039218191224,0.2553944401475938
0.14,0.6189451676704939,0.12566039218191224,0.2553944401475938
0.16,0.6189451676704939,0.12566039218191224,0.2553944401475938
0.18,0.6189451676704939,0.12566039218191224,0.2553944401475938
0.2,0.6189451676704939,0.12566039218191224,0.2553944401475938
0.22,0.6189451676704939,0.12566039218191224,0.2553944401475938
0.24,0.6189451676704939,0.12566039218191224,0.2553944401475938
0.26,0.6189451676704939,0.12566039218191224,0.2553944401475938
0.28,0.5907156453590401,0.16133582261930524,0.24794853202165462
0.3,0.5624861230475863,0.19701125305669825,0.24050262389571542
0.32,0.5342566007361325,0.23268668349409127,0.2330567157697762
0.34,0.5060270784246786,0.26836211393148424,0.225610807643837
0.36,0.4777975561132249,0.3040375443688773,0.2181648995178978
0.38,0.44956803380177107,0.3397129748062703,0.2107189913919586
0.4,0.4213385114903173,0.37538840524366324,0.2032730832660194
0.42,0.3931089891788635,0.4110638356810563,0.1958271751400802
0.44,0.3648794668674097,0.4467392661184493,0.18838126701414099
0.46,0.33664994455595587,0.48241469655584235,0.18093535888820178
0.48,0.30842042224450206,0.5180901269932353,0.17348945076226258
0.5,0.28019089993304824,0.5537655574306283,0.16604354263632337
0.52,0.25196137762159443,0.5894409878680213,0.15859763451038417
0.54,0.22373185531014067,0.6251164183054143,0.15115172638444496
0.56,0.19550233299868686,0.6607918487428074,0.14370581825850576
0.58,0.16727281068723304,0.6964672791802003,0.13625991013256655
0.6,0.13904328837577923,0.7321427096175933,0.12881400200662735
0.62,0.11081376606432547,0.7678181400549864,0.12136809388068814
0.64,0.08258424375287166,0.8034935704923793,0.11392218575474894
0.66,0.05435472144141787,0.8391690009297723,0.10647627762880973
0.68,0.05435472144141787,0.8391690009297723,0.10647627762880973
0.7000000000000001,0.05435472144141787,0.8391690009297723,0.10647627762880973
0.72,0.05435472144141787,0.8391690009297723,0.10647627762880973
0.74,0.05435472144141787,0.8391690009297723,0.10647627762880973
0.76,0.05435472144141787,0.8391690009297723,0.10647627762880973
0.78,0.05435472144141787,0.8391690009297723,0.10647627762880973
0.8,0.05435472144141787,0.8391690009297723,0.10647627762880973
0.8200000000000001,0.05435472144141787,0.8391690009297723,0.10647627762880973
0.84,0.05435472144141787,0.8391690009297723,0.10647627762880973
0.86,0.05435472144141787,0.8391690009297723,0.10647627762880973
0.88,0.05435472144141787,0.8391690009297723,0.10647627762880973
0.9,0.05435472144141787,0.8391690009297723,0.10647627762880973
0.92,0.05435472144141787,0.8391690009297723,0.10647627762880973
0.9400000000000001,0.05435472144141787,0.8391690009297723,0.10647627762880973
0.96,0.05435472144141787,0.8391690009297723,0.10647627762880973
0.98,0.05435472144141787,0.8391690009297723,0.10647627762880973
1.0,0.05435472144141787,0.8391690009297723,0.10647627762880973
