fraction_of_volc,OH,H2O2,TMI
0.0,0.29008118115085163,0.5471601624843642,0.16275865636478423
0.02,0.29008118115085163,0.5471601624843642,0.16275865636478423
0.04,0.29008118115085163,0.5471601624843642,0.16275865636478423
0.06,0.29008118115085163,0.5471601624843642,0.16275865636478423
0.08,0.29008118115085163,0.5471601624843642,0.16275865636478423
0.1,0.29008118115085163,0.5471601624843642,0.16275865636478423
0.12,0.29008118115085163,0.5471601624843642,0.16275865636478423
0.14,0.29008118115085163,0.5471601624843642,0.16275865636478423
0.16,0.29008118115085163,0.5471601624843642,0.16275865636478423
0.18,0.29008118115085163,0.5471601624843642,0.16275865636478423
0.2,0.29008118115085163,0.5471601624843642,0.16275865636478423
0.22,0.29008118115085163,0.5471601624843642,0.16275865636478423
0.24,0.29008118115085163,0.5471601624843642,0.16275865636478423
0.26,0.29008118115085163,0.5471601624843642,0.16275865636478423
0.28,0.29008118115085163,0.5471601624843642,0.16275865636478423
0.3,0.29008118115085163,0.5471601624843642,0.16275865636478423
0.32,0.29008118115085163,0.5471601624843642,0.16275865636478423
0.34,0.29008118115085163,0.5471601624843642,0.16275865636478423
0.36,0.29008118115085163,0.5471601624843642,0.16275865636478423
0.38,0.29008118115085163,0.5471601624843642,0.16275865636478423
0.4,0.29008118115085163,0.5471601624843642,0.16275865636478423
0.42,0.29008118115085163,0.5471601624843642,0.16275865636478423
0.44,0.29008118115085163,0.5471601624843642,0.16275865636478423
0.46,0.29008118115085163,0.5471601624843642,0.16275865636478423
0.48,0.29008118115085163,0.5471601624843642,0.16275865636478423
0.5,0.29008118115085163,0.5471601624843642,0.16275865636478423
0.52,0.29008118115085163,0.5471601624843642,0.16275865636478423
0.54,0.29008118115085163,0.5471601624843642,0.16275865636478423
0.56,0.29008118115085163,0.5471601624843642,0.16275865636478423
0.58,0.29008118115085163,0.5471601624843642,0.16275865636478423
0.6,0.29008118115085163,0.5471601624843642,0.16275865636478423
0.62,0.30511654355292017,0.5384710660633948,0.15641239038368507
0.64,0.3201519059549887,0.5297819696424254,0.15006612440258593
0.66,0.33518726835705726,0.521092873221456,0.14371985842148677
0.68,0.35022263075912574,0.5124037768004867,0.1373735924403876
0.7000000000000001,0.36525799316119434,0.5037146803795172,0.13102732645928844
0.72,0.3802933555632628,0.49502558395854784,0.12468106047818929
0.74,0.39532871796533137,0.48633648753757847,0.11833479449709014
0.76,0.4103640803673999,0.47764739111660903,0.11198852851599098
0.78,0.42539944276946845,0.46895829469563965,0.10564226253489181
0.8,0.440434805171537,0.4602691982746703,0.09929599655379266
0.8200000000000001,0.4554701675736055,0.4515801018537009,0.09294973057269351
0.84,0.4705055299756741,0.4428910054327315,0.08660346459159435
0.86,0.48554089237774256,0.43420190901176214,0.08025719861049518
0.88,0.5005762547798112,0.42551281259079277,0.07391093262939603
0.9,0.5156116171818796,0.41682371616982333,0.06756466664829688
0.92,0.5306469795839481,0.40813461974885396,0.06121840066719772
0.9400000000000001,0.5456823419860167,0.3994455233278846,0.05487213468609856
0.96,0.5456823419860167,0.3994455233278846,0.05487213468609856
0.98,0.5456823419860167,0.3994455233278846,0.05487213468609856
1.0,0.5456823419860167,0.3994455233278846,0.05487213468609856
