fraction_of_volc,OH,H2O2,TMI
0.0,0.09011073351687443,0.903622721456575,0.006266545026550569
0.02,0.09011073351687443,0.903622721456575,0.006266545026550569
0.04,0.09011073351687443,0.903622721456575,0.006266545026550569
0.06,0.13835684114680002,0.829980117699522,0.031663041153677934
0.08,0.18660294877672562,0.7563375139424691,0.05705953728080529
0.1,0.23484905640665119,0.6826949101854161,0.08245603340793266
0.12,0.28309516403657675,0.609052306428363,0.10785252953506001
0.14,0.3313412716665024,0.5354097026713102,0.13324902566218738
0.16,0.37958737929642794,0.46176709891425716,0.15864552178931476
0.18,0.42783348692635353,0.38812449515720426,0.18404201791644212
0.2,0.47607959455627913,0.31448189140015126,0.20943851404356947
0.22,0.5243257021862047,0.24083928764309825,0.23483501017069683
0.24,0.5725718098161303,0.16719668388604542,0.26023150629782416
0.26,0.5725718098161303,0.16719668388604542,0.26023150629782416
0.28,0.5725718098161303,0.16719668388604542,0.26023150629782416
0.3,0.5725718098161303,0.16719668388604542,0.26023150629782416
0.32,0.5725718098161303,0.16719668388604542,0.26023150629782416
0.34,0.5725718098161303,0.16719668388604542,0.26023150629782416
0.36,0.5725718098161303,0.16719668388604542,0.26023150629782416
0.38,0.5725718098161303,0.16719668388604542,0.26023150629782416
0.4,0.5725718098161303,0.16719668388604542,0.26023150629782416
0.42,0.5725718098161303,0.16719668388604542,0.26023150629782416
0.44,0.5725718098161303,0.16719668388604542,0.26023150629782416
0.46,0.5725718098161303,0.16719668388604542,0.26023150629782416
0.48,0.5725718098161303,0.16719668388604542,0.26023150629782416
0.5,0.5725718098161303,0.16719668388604542,0.26023150629782416
0.52,0.5725718098161303,0.16719668388604542,0.26023150629782416
0.54,0.5725718098161303,0.16719668388604542,0.26023150629782416
0.56,0.5725718098161303,0.16719668388604542,0.26023150629782416
0.58,0.5725718098161303,0.16719668388604542,0.26023150629782416
0.6,0.5725718098161303,0.16719668388604542,0.26023150629782416
0.62,0.5725718098161303,0.16719668388604542,0.26023150629782416
0.64,0.5725718098161303,0.16719668388604542,0.26023150629782416
0.66,0.5725718098161303,0.16719668388604542,0.26023150629782416
0.68,0.5725718098161303,0.16719668388604542,0.26023150629782416
0.7000000000000001,0.5725718098161303,0.16719668388604542,0.26023150629782416
0.72,0.5725718098161303,0.16719668388604542,0.26023150629782416
0.74,0.5725718098161303,0.16719668388604542,0.26023150629782416
0.76,0.5725718098161303,0.16719668388604542,0.26023150629782416
0.78,0.5725718098161303,0.16719668388604542,0.26023150629782416
0.8,0.5725718098161303,0.16719668388604542,0.26023150629782416
0.8200000000000001,0.5725718098161303,0.16719668388604542,0.26023150629782416
0.84,0.5725718098161303,0.16719668388604542,0.26023150629782416
0.86,0.5725718098161303,0.16719668388604542,0.26023150629782416
0.88,0.5725718098161303,0.16719668388604542,0.26023150629782416
0.9,0.5725718098161303,0.16719668388604542,0.26023150629782416
0.92,0.5725718098161303,0.16719668388604542,0.26023150629782416
0.9400000000000001,0.5725718098161303,0.16719668388604542,0.26023150629782416
0.96,0.5725718098161303,0.16719668388604542,0.26023150629782416
0.98,0.5725718098161303,0.16719668388604542,0.26023150629782416
1.0,0.5725718098161303,0.16719668388604542,0.26023150629782416
