fraction_of_volc,OH,H2O2,TMI
0.0,0.038252122888492626,0.011318551903111132,0.9504293252083963
0.02,0.038252122888492626,0.011318551903111132,0.9504293252083963
0.04,0.038252122888492626,0.011318551903111132,0.9504293252083963
0.06,0.038252122888492626,0.011318551903111132,0.9504293252083963
0.08,0.038252122888492626,0.011318551903111132,0.9504293252083963
0.1,0.038252122888492626,0.011318551903111132,0.9504293252083963
0.12,0.038252122888492626,0.011318551903111132,0.9504293252083963
0.14,0.038252122888492626,0.011318551903111132,0.9504293252083963
0.16,0.038252122888492626,0.011318551903111132,0.9504293252083963
0.18,0.038252122888492626,0.011318551903111132,0.9504293252083963
0.2,0.038252122888492626,0.011318551903111132,0.9504293252083963
0.22,0.038252122888492626,0.011318551903111132,0.9504293252083963
0.24,0.03818396087835911,0.03883948776734466,0.9229765513542962
0.26,0.038115798868225595,0.0663604236315782,0.8955237775001963
0.28,0.038047636858092086,0.09388135949581172,0.8680710036460962
0.3,0.03797947484795857,0.12140229536004525,0.8406182297919962
0.32,0.037911312837825055,0.14892323122427878,0.8131654559378962
0.34,0.037843150827691546,0.1764441670885123,0.7857126820837962
0.36,0.03777498881755803,0.2039651029527458,0.7582599082296961
0.38,0.037706826807424515,0.23148603881697935,0.7308071343755962
0.4,0.037638664797291,0.2590069746812129,0.7033543605214962
0.42,0.037570502787157484,0.28652791054544646,0.6759015866673962
0.44,0.037502340777023975,0.31404884640967995,0.6484488128132961
0.46,0.03743417876689046,0.3415697822739135,0.6209960389591962
0.48,0.037366016756756944,0.36909071813814703,0.5935432651050961
0.5,0.037297854746623435,0.3966116540023805,0.5660904912509961
0.52,0.03722969273648992,0.42413258986661406,0.5386377173968961
0.54,0.037161530726356404,0.4516535257308476,0.5111849435427961
0.56,0.03709336871622289,0.47917446159508115,0.4837321696886961
0.58,0.03702520670608937,0.5066953974593147,0.4562793958345961
0.6,0.036957044695955864,0.5342163333235482,0.42882662198049604
0.62,0.03688888268582235,0.5617372691877818,0.4013738481263961
0.64,0.03682072067568883,0.5892582050520152,0.37392107427229604
0.66,0.036752558665555324,0.6167791409162487,0.346468300418196
0.68,0.03668439665542181,0.6443000767804823,0.31901552656409604
0.7000000000000001,0.03661623464528829,0.6718210126447158,0.291562752709996
0.72,0.03661623464528829,0.6718210126447158,0.291562752709996
0.74,0.03661623464528829,0.6718210126447158,0.291562752709996
0.76,0.03661623464528829,0.6718210126447158,0.291562752709996
0.78,0.03661623464528829,0.6718210126447158,0.291562752709996
0.8,0.03661623464528829,0.6718210126447158,0.291562752709996
0.8200000000000001,0.03661623464528829,0.6718210126447158,0.291562752709996
0.84,0.03661623464528829,0.6718210126447158,0.291562752709996
0.86,0.03661623464528829,0.6718210126447158,0.291562752709996
0.88,0.03661623464528829,0.6718210126447158,0.291562752709996
0.9,0.03661623464528829,0.6718210126447158,0.291562752709996
0.92,0.03661623464528829,0.6718210126447158,0.291562752709996
0.9400000000000001,0.03661623464528829,0.6718210126447158,0.291562752709996
0.96,0.03661623464528829,0.6718210126447158,0.291562752709996
0.98,0.03661623464528829,0.6718210126447158,0.291562752709996
1.0,0.03661623464528829,0.6718210126447158,0.291562752709996
