fraction_of_volc,OH,H2O2,TMI
0.0,0.23482791842259412,0.6472109103530792,0.11796117122432674
0.02,0.23482791842259412,0.6472109103530792,0.11796117122432674
0.04,0.23482791842259412,0.6472109103530792,0.11796117122432674
0.06,0.23135889019465136,0.6453881613162418,0.12325294848910688
0.08,0.2278898619667086,0.6435654122794044,0.12854472575388703
0.1,0.22442083373876584,0.641742663242567,0.13383650301866717
0.12,0.22095180551082308,0.6399199142057297,0.13912828028344731
0.14,0.21748277728288035,0.6380971651688923,0.14442005754822745
0.16,0.21401374905493759,0.6362744161320548,0.1497118348130076
0.18,0.21054472082699482,0.6344516670952175,0.15500361207778776
0.2,0.20707569259905206,0.6326289180583801,0.1602953893425679
0.22,0.2036066643711093,0.6308061690215427,0.16558716660734804
0.24,0.20013763614316654,0.6289834199847053,0.1708789438721282
0.26,0.19666860791522378,0.6271606709478679,0.17617072113690835
0.28,0.19319957968728102,0.6253379219110305,0.1814624984016885
0.3,0.18973055145933826,0.6235151728741931,0.18675427566646863
0.32,0.1862615232313955,0.6216924238373558,0.19204605293124877
0.34,0.18279249500345274,0.6198696748005184,0.1973378301960289
0.36,0.17932346677550998,0.6180469257636809,0.20262960746080905
0.38,0.17585443854756722,0.6162241767268436,0.2079213847255892
0.4,0.17238541031962448,0.6144014276900062,0.21321316199036935
0.42,0.16891638209168172,0.6125786786531688,0.2185049392551495
0.44,0.16544735386373896,0.6107559296163314,0.22379671651992966
0.46,0.1619783256357962,0.608933180579494,0.2290884937847098
0.48,0.15850929740785344,0.6071104315426566,0.23438027104948994
0.5,0.15504026917991068,0.6052876825058192,0.23967204831427008
0.52,0.15157124095196792,0.6034649334689819,0.24496382557905022
0.54,0.14810221272402518,0.6016421844321445,0.25025560284383036
0.56,0.14463318449608242,0.599819435395307,0.2555473801086105
0.58,0.14116415626813966,0.5979966863584697,0.26083915737339064
0.6,0.1376951280401969,0.5961739373216323,0.2661309346381708
0.62,0.13422609981225414,0.5943511882847949,0.2714227119029509
0.64,0.13075707158431138,0.5925284392479575,0.2767144891677311
0.66,0.12728804335636862,0.5907056902111202,0.28200626643251125
0.68,0.12381901512842586,0.5888829411742827,0.2872980436972914
0.7000000000000001,0.1203499869004831,0.5870601921374453,0.29258982096207153
0.72,0.11688095867254034,0.585237443100608,0.2978815982268517
0.74,0.11341193044459759,0.5834146940637706,0.3031733754916318
0.76,0.10994290221665483,0.5815919450269331,0.30846515275641195
0.78,0.10647387398871205,0.5797691959900958,0.3137569300211921
0.8,0.10300484576076932,0.5779464469532584,0.31904870728597223
0.8200000000000001,0.09953581753282656,0.576123697916421,0.3243404845507524
0.84,0.0960667893048838,0.5743009488795836,0.32963226181553257
0.86,0.09259776107694104,0.5724781998427463,0.3349240390803127
0.88,0.08912873284899828,0.5706554508059088,0.34021581634509285
0.9,0.08912873284899828,0.5706554508059088,0.34021581634509285
0.92,0.08912873284899828,0.5706554508059088,0.34021581634509285
0.9400000000000001,0.08912873284899828,0.5706554508059088,0.34021581634509285
0.96,0.08912873284899828,0.5706554508059088,0.34021581634509285
0.98,0.08912873284899828,0.5706554508059088,0.34021581634509285
1.0,0.08912873284899828,0.5706554508059088,0.34021581634509285
