fraction_of_volc,OH,H2O2,TMI
0.0,0.711861854168457,0.06566625822544835,0.2224718876060946
0.02,0.711861854168457,0.06566625822544835,0.2224718876060946
0.04,0.711861854168457,0.06566625822544835,0.2224718876060946
0.06,0.711861854168457,0.06566625822544835,0.2224718876060946
0.08,0.711861854168457,0.06566625822544835,0.2224718876060946
0.1,0.711861854168457,0.06566625822544835,0.2224718876060946
0.12,0.711861854168457,0.06566625822544835,0.2224718876060946
0.14,0.711861854168457,0.06566625822544835,0.2224718876060946
0.16,0.711861854168457,0.06566625822544835,0.2224718876060946
0.18,0.711861854168457,0.06566625822544835,0.2224718876060946
0.2,0.711861854168457,0.06566625822544835,0.2224718876060946
0.22,0.711861854168457,0.06566625822544835,0.2224718876060946
0.24,0.711861854168457,0.06566625822544835,0.2224718876060946
0.26,0.711861854168457,0.06566625822544835,0.2224718876060946
0.28,0.711861854168457,0.06566625822544835,0.2224718876060946
0.3,0.711861854168457,0.06566625822544835,0.2224718876060946
0.32,0.711861854168457,0.06566625822544835,0.2224718876060946
0.34,0.711861854168457,0.06566625822544835,0.2224718876060946
0.36,0.711861854168457,0.06566625822544835,0.2224718876060946
0.38,0.711861854168457,0.06566625822544835,0.2224718876060946
0.4,0.711861854168457,0.06566625822544835,0.2224718876060946
0.42,0.711861854168457,0.06566625822544835,0.2224718876060946
0.44,0.711861854168457,0.06566625822544835,0.2224718876060946
0.46,0.711861854168457,0.06566625822544835,0.2224718876060946
0.48,0.711861854168457,0.06566625822544835,0.2224718876060946
0.5,0.711861854168457,0.06566625822544835,0.2224718876060946
0.52,0.711861854168457,0.06566625822544835,0.2224718876060946
0.54,0.711861854168457,0.06566625822544835,0.2224718876060946
0.56,0.711861854168457,0.06566625822544835,0.2224718876060946
0.58,0.711861854168457,0.06566625822544835,0.2224718876060946
0.6,0.711861854168457,0.06566625822544835,0.2224718876060946
0.62,0.711861854168457,0.06566625822544835,0.2224718876060946
0.64,0.711861854168457,0.06566625822544835,0.2224718876060946
0.66,0.711861854168457,0.06566625822544835,0.2224718876060946
0.68,0.711861854168457,0.06566625822544835,0.2224718876060946
0.7000000000000001,0.711861854168457,0.06566625822544835,0.2224718876060946
0.72,0.711861854168457,0.06566625822544835,0.2224718876060946
0.74,0.711861854168457,0.06566625822544835,0.2224718876060946
0.76,0.711861854168457,0.06566625822544835,0.2224718876060946
0.78,0.711861854168457,0.06566625822544835,0.2224718876060946
0.8,0.6393517981740086,0.07466069496683986,0.2859875068591516
0.8200000000000001,0.5668417421795601,0.08365513170823136,0.3495031261122086
0.84,0.49433168618511153,0.09264956844962287,0.41301874536526556
0.86,0.42182163019066304,0.10164400519101438,0.47653436461832255
0.88,0.34931157419621456,0.11063844193240588,0.5400499838713795
0.9,0.276801518201766,0.11963287867379739,0.6035656031244365
0.92,0.20429146220731753,0.1286273154151889,0.6670812223774936
0.9400000000000001,0.13178140621286902,0.1376217521565804,0.7305968416305505
0.96,0.13178140621286902,0.1376217521565804,0.7305968416305505
0.98,0.13178140621286902,0.1376217521565804,0.7305968416305505
1.0,0.13178140621286902,0.1376217521565804,0.7305968416305505
