fraction_of_volc,OH,H2O2,TMI
0.0,0.5051883343465715,0.35712703249282746,0.13768463316060103
0.02,0.5051883343465715,0.35712703249282746,0.13768463316060103
0.04,0.5051883343465715,0.35712703249282746,0.13768463316060103
0.06,0.5051883343465715,0.35712703249282746,0.13768463316060103
0.08,0.5051883343465715,0.35712703249282746,0.13768463316060103
0.1,0.5051883343465715,0.35712703249282746,0.13768463316060103
0.12,0.5051883343465715,0.35712703249282746,0.13768463316060103
0.14,0.5051883343465715,0.35712703249282746,0.13768463316060103
0.16,0.5051883343465715,0.35712703249282746,0.13768463316060103
0.18,0.5051883343465715,0.35712703249282746,0.13768463316060103
0.2,0.5051883343465715,0.35712703249282746,0.13768463316060103
0.22,0.5051883343465715,0.35712703249282746,0.13768463316060103
0.24,0.5051883343465715,0.35712703249282746,0.13768463316060103
0.26,0.5051883343465715,0.35712703249282746,0.13768463316060103
0.28,0.5051883343465715,0.35712703249282746,0.13768463316060103
0.3,0.5051883343465715,0.35712703249282746,0.13768463316060103
0.32,0.5051883343465715,0.35712703249282746,0.13768463316060103
0.34,0.5051883343465715,0.35712703249282746,0.13768463316060103
0.36,0.5051883343465715,0.35712703249282746,0.13768463316060103
0.38,0.5051883343465715,0.35712703249282746,0.13768463316060103
0.4,0.5051883343465715,0.35712703249282746,0.13768463316060103
0.42,0.5051883343465715,0.35712703249282746,0.13768463316060103
0.44,0.5051883343465715,0.35712703249282746,0.13768463316060103
0.46,0.5051883343465715,0.35712703249282746,0.13768463316060103
0.48,0.5051883343465715,0.35712703249282746,0.13768463316060103
0.5,0.5051883343465715,0.35712703249282746,0.13768463316060103
0.52,0.49704702821550484,0.3581969460558333,0.14475602572866178
0.54,0.4889057220844382,0.3592668596188392,0.15182741829672255
0.56,0.4807644159533716,0.3603367731818451,0.1588988108647833
0.58,0.47262310982230493,0.36140668674485094,0.16597020343284408
0.6,0.46448180369123826,0.3624766003078568,0.17304159600090482
0.62,0.45634049756017164,0.3635465138708627,0.18011298856896557
0.64,0.448199191429105,0.3646164274338686,0.18718438113702635
0.66,0.44005788529803835,0.3656863409968744,0.1942557737050871
0.68,0.44005788529803835,0.3656863409968744,0.1942557737050871
0.7000000000000001,0.44005788529803835,0.3656863409968744,0.1942557737050871
0.72,0.44005788529803835,0.3656863409968744,0.1942557737050871
0.74,0.44005788529803835,0.3656863409968744,0.1942557737050871
0.76,0.44005788529803835,0.3656863409968744,0.1942557737050871
0.78,0.44005788529803835,0.3656863409968744,0.1942557737050871
0.8,0.44005788529803835,0.3656863409968744,0.1942557737050871
0.8200000000000001,0.44005788529803835,0.3656863409968744,0.1942557737050871
0.84,0.44005788529803835,0.3656863409968744,0.1942557737050871
0.86,0.44005788529803835,0.3656863409968744,0.1942557737050871
0.88,0.44005788529803835,0.3656863409968744,0.1942557737050871
0.9,0.44005788529803835,0.3656863409968744,0.1942557737050871
0.92,0.44005788529803835,0.3656863409968744,0.1942557737050871
0.9400000000000001,0.44005788529803835,0.3656863409968744,0.1942557737050871
0.96,0.44005788529803835,0.3656863409968744,0.1942557737050871
0.98,0.44005788529803835,0.3656863409968744,0.1942557737050871
1.0,0.44005788529803835,0.3656863409968744,0.1942557737050871
