fraction_of_volc,OH,H2O2,TMI
0.0,0.34061946421712197,0.6582987320437405,0.001081803739137541
0.02,0.34061946421712197,0.6582987320437405,0.001081803739137541
0.04,0.34061946421712197,0.6582987320437405,0.001081803739137541
0.06,0.34061946421712197,0.6582987320437405,0.001081803739137541
0.08,0.34061946421712197,0.6582987320437405,0.001081803739137541
0.1,0.34061946421712197,0.6582987320437405,0.001081803739137541
0.12,0.34061946421712197,0.6582987320437405,0.001081803739137541
0.14,0.34061946421712197,0.6582987320437405,0.001081803739137541
0.16,0.34061946421712197,0.6582987320437405,0.001081803739137541
0.18,0.34061946421712197,0.6582987320437405,0.001081803739137541
0.2,0.34061946421712197,0.6582987320437405,0.001081803739137541
0.22,0.34061946421712197,0.6582987320437405,0.001081803739137541
0.24,0.34061946421712197,0.6582987320437405,0.001081803739137541
0.26,0.34061946421712197,0.6582987320437405,0.001081803739137541
0.28,0.34061946421712197,0.6582987320437405,0.001081803739137541
0.3,0.34061946421712197,0.6582987320437405,0.001081803739137541
0.32,0.34061946421712197,0.6582987320437405,0.001081803739137541
0.34,0.34061946421712197,0.6582987320437405,0.001081803739137541
0.36,0.34061946421712197,0.6582987320437405,0.001081803739137541
0.38,0.34061946421712197,0.6582987320437405,0.001081803739137541
0.4,0.34061946421712197,0.6582987320437405,0.001081803739137541
0.42,0.34061946421712197,0.6582987320437405,0.001081803739137541
0.44,0.34061946421712197,0.6582987320437405,0.001081803739137541
0.46,0.34061946421712197,0.6582987320437405,0.001081803739137541
0.48,0.34061946421712197,0.6582987320437405,0.001081803739137541
0.5,0.34061946421712197,0.6582987320437405,0.001081803739137541
0.52,0.3720684926583443,0.6157029035245486,0.012228603817107048
0.54,0.4035175210995667,0.5731070750053567,0.023375403895076557
0.56,0.434966549540789,0.5305112464861649,0.03452220397304607
0.58,0.4664155779820114,0.487915417966973,0.04566900405101557
0.6,0.4978646064232337,0.44531958944778116,0.05681580412898508
0.62,0.529313634864456,0.40272376092858936,0.06796260420695459
0.64,0.5607626633056784,0.3601279324093975,0.07910940428492409
0.66,0.5922116917469007,0.31753210389020564,0.0902562043628936
0.68,0.623660720188123,0.2749362753710138,0.1014030044408631
0.7000000000000001,0.6551097486293455,0.23234044685182192,0.1125498045188326
0.72,0.6865587770705678,0.18974461833263007,0.12369660459680212
0.74,0.7180078055117901,0.14714878981343826,0.13484340467477166
0.76,0.7494568339530125,0.1045529612942464,0.14599020475274116
0.78,0.7809058623942349,0.06195713277505454,0.15713700483071066
0.8,0.7809058623942349,0.06195713277505454,0.15713700483071066
0.8200000000000001,0.7809058623942349,0.06195713277505454,0.15713700483071066
0.84,0.7809058623942349,0.06195713277505454,0.15713700483071066
0.86,0.7809058623942349,0.06195713277505454,0.15713700483071066
0.88,0.7809058623942349,0.06195713277505454,0.15713700483071066
0.9,0.7809058623942349,0.06195713277505454,0.15713700483071066
0.92,0.7809058623942349,0.06195713277505454,0.15713700483071066
0.9400000000000001,0.7809058623942349,0.06195713277505454,0.15713700483071066
0.96,0.7809058623942349,0.06195713277505454,0.15713700483071066
0.98,0.7809058623942349,0.06195713277505454,0.15713700483071066
1.0,0.7809058623942349,0.06195713277505454,0.15713700483071066
