fraction_of_volc,OH,H2O2,TMI
0.0,0.15575524370928182,0.6582627244953797,0.18598203179533845
0.02,0.15575524370928182,0.6582627244953797,0.18598203179533845
0.04,0.15575524370928182,0.6582627244953797,0.18598203179533845
0.06,0.15575524370928182,0.6582627244953797,0.18598203179533845
0.08,0.15575524370928182,0.6582627244953797,0.18598203179533845
0.1,0.15575524370928182,0.6582627244953797,0.18598203179533845
0.12,0.15575524370928182,0.6582627244953797,0.18598203179533845
0.14,0.15575524370928182,0.6582627244953797,0.18598203179533845
0.16,0.15575524370928182,0.6582627244953797,0.18598203179533845
0.18,0.15575524370928182,0.6582627244953797,0.18598203179533845
0.2,0.15575524370928182,0.6582627244953797,0.18598203179533845
0.22,0.15575524370928182,0.6582627244953797,0.18598203179533845
0.24,0.15575524370928182,0.6582627244953797,0.18598203179533845
0.26,0.15575524370928182,0.6582627244953797,0.18598203179533845
0.28,0.15575524370928182,0.6582627244953797,0.18598203179533845
0.3,0.15575524370928182,0.6582627244953797,0.18598203179533845
0.32,0.15575524370928182,0.6582627244953797,0.18598203179533845
0.34,0.15575524370928182,0.6582627244953797,0.18598203179533845
0.36,0.15575524370928182,0.6582627244953797,0.18598203179533845
0.38,0.15575524370928182,0.6582627244953797,0.18598203179533845
0.4,0.15575524370928182,0.6582627244953797,0.18598203179533845
0.42,0.15575524370928182,0.6582627244953797,0.18598203179533845
0.44,0.15575524370928182,0.6582627244953797,0.18598203179533845
0.46,0.15575524370928182,0.6582627244953797,0.18598203179533845
0.48,0.15575524370928182,0.6582627244953797,0.18598203179533845
0.5,0.15575524370928182,0.6582627244953797,0.18598203179533845
0.52,0.15575524370928182,0.6582627244953797,0.18598203179533845
0.54,0.15575524370928182,0.6582627244953797,0.18598203179533845
0.56,0.15575524370928182,0.6582627244953797,0.18598203179533845
0.58,0.15575524370928182,0.6582627244953797,0.18598203179533845
0.6,0.15575524370928182,0.6582627244953797,0.18598203179533845
0.62,0.15575524370928182,0.6582627244953797,0.18598203179533845
0.64,0.1750962881070197,0.6438220545775383,0.18108165731544204
0.66,0.1944373325047576,0.6293813846596967,0.17618128283554566
0.68,0.21377837690249546,0.6149407147418553,0.17128090835564924
0.7000000000000001,0.23311942130023333,0.6005000448240139,0.16638053387575286
0.72,0.2524604656979712,0.5860593749061724,0.16148015939585644
0.74,0.2718015100957091,0.5716187049883309,0.15657978491596003
0.76,0.29114255449344695,0.5571780350704895,0.15167941043606364
0.78,0.3104835988911848,0.5427373651526479,0.14677903595616723
0.8,0.3298246432889227,0.5282966952348065,0.14187866147627082
0.8200000000000001,0.34916568768666056,0.5138560253169651,0.13697828699637443
0.84,0.3685067320843985,0.4994153553991236,0.13207791251647802
0.86,0.38784777648213636,0.4849746854812821,0.1271775380365816
0.88,0.4071888208798743,0.47053401556344066,0.12227716355668522
0.9,0.42652986527761216,0.45609334564559917,0.1173767890767888
0.92,0.44587090967535004,0.4416526757277577,0.11247641459689241
0.9400000000000001,0.4652119540730879,0.42721200580991625,0.10757604011699601
0.96,0.4652119540730879,0.42721200580991625,0.10757604011699601
0.98,0.4652119540730879,0.42721200580991625,0.10757604011699601
1.0,0.4652119540730879,0.42721200580991625,0.10757604011699601
