fraction_of_volc,OH,H2O2,TMI
0.0,0.3408438486611501,0.358309463926231,0.300846687412619
0.02,0.3408438486611501,0.358309463926231,0.300846687412619
0.04,0.3408438486611501,0.358309463926231,0.300846687412619
0.06,0.3408438486611501,0.358309463926231,0.300846687412619
0.08,0.3408438486611501,0.358309463926231,0.300846687412619
0.1,0.3408438486611501,0.358309463926231,0.300846687412619
0.12,0.3355176094883051,0.3728593330274432,0.2916230574842517
0.14,0.3301913703154602,0.3874092021286554,0.2823994275558845
0.16,0.3248651311426152,0.4019590712298676,0.2731757976275172
0.18,0.31953889196977026,0.4165089403310799,0.2639521676991499
0.2,0.3142126527969253,0.4310588094322921,0.2547285377707827
0.22,0.30888641362408037,0.4456086785335043,0.2455049078424154
0.24,0.3035601744512354,0.46015854763471653,0.23628127791404815
0.26,0.2982339352783904,0.47470841673592873,0.2270576479856809
0.28,0.29290769610554546,0.4892582858371409,0.21783401805731362
0.3,0.28758145693270054,0.5038081549383532,0.20861038812894636
0.32,0.28225521775985557,0.5183580240395653,0.1993867582005791
0.34,0.2769289785870106,0.5329078931407776,0.19016312827221182
0.36,0.2716027394141657,0.5474577622419898,0.18093949834384457
0.38,0.2662765002413207,0.5620076313432021,0.1717158684154773
0.4,0.26095026106847574,0.5765575004444142,0.16249223848711003
0.42,0.2556240218956308,0.5911073695456265,0.15326860855874277
0.44,0.25029778272278586,0.6056572386468387,0.14404497863037552
0.46,0.24497154354994088,0.6202071077480509,0.13482134870200824
0.48,0.2396453043770959,0.6347569768492631,0.12559771877364098
0.5,0.23431906520425097,0.6493068459504754,0.11637408884527373
0.52,0.22899282603140603,0.6638567150516876,0.10715045891690644
0.54,0.22366658685856106,0.6784065841528998,0.09792682898853919
0.56,0.2183403476857161,0.692956453254112,0.08870319906017193
0.58,0.21301410851287117,0.7075063223553242,0.07947956913180465
0.6,0.2076878693400262,0.7220561914565364,0.0702559392034374
0.62,0.20236163016718126,0.7366060605577487,0.06103230927507014
0.64,0.19703539099433628,0.7511559296589609,0.051808679346702885
0.66,0.19170915182149134,0.7657057987601731,0.04258504941833563
0.68,0.18638291264864637,0.7802556678613853,0.03336141948996835
0.7000000000000001,0.18105667347580143,0.7948055369625975,0.024137789561601064
0.72,0.17573043430295646,0.8093554060638097,0.014914159633233837
0.74,0.1704041951301115,0.823905275165022,0.005690529704866548
0.76,0.1704041951301115,0.823905275165022,0.005690529704866548
0.78,0.1704041951301115,0.823905275165022,0.005690529704866548
0.8,0.1704041951301115,0.823905275165022,0.005690529704866548
0.8200000000000001,0.1704041951301115,0.823905275165022,0.005690529704866548
0.84,0.1704041951301115,0.823905275165022,0.005690529704866548
0.86,0.1704041951301115,0.823905275165022,0.005690529704866548
0.88,0.1704041951301115,0.823905275165022,0.005690529704866548
0.9,0.1704041951301115,0.823905275165022,0.005690529704866548
0.92,0.1704041951301115,0.823905275165022,0.005690529704866548
0.9400000000000001,0.1704041951301115,0.823905275165022,0.005690529704866548
0.96,0.1704041951301115,0.823905275165022,0.005690529704866548
0.98,0.1704041951301115,0.823905275165022,0.005690529704866548
1.0,0.1704041951301115,0.823905275165022,0.005690529704866548
