fraction_of_volc,OH,H2O2,TMI
0.0,0.5288547394702923,0.25022450440668403,0.22092075612302375
0.02,0.5288547394702923,0.25022450440668403,0.22092075612302375
0.04,0.5288547394702923,0.25022450440668403,0.22092075612302375
0.06,0.5288547394702923,0.25022450440668403,0.22092075612302375
0.08,0.5288547394702923,0.25022450440668403,0.22092075612302375
0.1,0.5288547394702923,0.25022450440668403,0.22092075612302375
0.12,0.5288547394702923,0.25022450440668403,0.22092075612302375
0.14,0.5288547394702923,0.25022450440668403,0.22092075612302375
0.16,0.5288547394702923,0.25022450440668403,0.22092075612302375
0.18,0.5288547394702923,0.25022450440668403,0.22092075612302375
0.2,0.5288547394702923,0.25022450440668403,0.22092075612302375
0.22,0.5288547394702923,0.25022450440668403,0.22092075612302375
0.24,0.5288547394702923,0.25022450440668403,0.22092075612302375
0.26,0.5288547394702923,0.25022450440668403,0.22092075612302375
0.28,0.5288547394702923,0.25022450440668403,0.22092075612302375
0.3,0.5288547394702923,0.25022450440668403,0.22092075612302375
0.32,0.5288547394702923,0.25022450440668403,0.22092075612302375
0.34,0.5288547394702923,0.25022450440668403,0.22092075612302375
0.36,0.5288547394702923,0.25022450440668403,0.22092075612302375
0.38,0.5288547394702923,0.25022450440668403,0.22092075612302375
0.4,0.5288547394702923,0.25022450440668403,0.22092075612302375
0.42,0.5288547394702923,0.25022450440668403,0.22092075612302375
0.44,0.5288547394702923,0.25022450440668403,0.22092075612302375
0.46,0.5288547394702923,0.25022450440668403,0.22092075612302375
0.48,0.5288547394702923,0.25022450440668403,0.22092075612302375
0.5,0.5288547394702923,0.25022450440668403,0.22092075612302375
0.52,0.5288547394702923,0.25022450440668403,0.22092075612302375
0.54,0.5288547394702923,0.25022450440668403,0.22092075612302375
0.56,0.5288547394702923,0.25022450440668403,0.22092075612302375
0.58,0.5288547394702923,0.25022450440668403,0.22092075612302375
0.6,0.5288547394702923,0.25022450440668403,0.22092075612302375
0.62,0.5288547394702923,0.25022450440668403,0.22092075612302375
0.64,0.5288547394702923,0.25022450440668403,0.22092075612302375
0.66,0.5487065313778802,0.23641279088530542,0.21488067773681446
0.68,0.5685583232854681,0.22260107736392684,0.20884059935060514
0.7000000000000001,0.588410115193056,0.20878936384254823,0.20280052096439585
0.72,0.6082619071006439,0.19497765032116965,0.19676044257818656
0.74,0.6281136990082318,0.18116593679979104,0.19072036419197724
0.76,0.6479654909158197,0.16735422327841243,0.18468028580576795
0.78,0.6678172828234075,0.15354250975703385,0.17864020741955866
0.8,0.6876690747309955,0.13973079623565526,0.17260012903334934
0.8200000000000001,0.7075208666385833,0.12591908271427665,0.16656005064714005
0.84,0.7273726585461713,0.11210736919289804,0.16051997226093073
0.86,0.7472244504537591,0.09829565567151946,0.15447989387472144
0.88,0.767076242361347,0.08448394215014085,0.14843981548851215
0.9,0.7869280342689349,0.07067222862876227,0.14239973710230286
0.92,0.8067798261765228,0.056860515107383644,0.13635965871609354
0.9400000000000001,0.8067798261765228,0.056860515107383644,0.13635965871609354
0.96,0.8067798261765228,0.056860515107383644,0.13635965871609354
0.98,0.8067798261765228,0.056860515107383644,0.13635965871609354
1.0,0.8067798261765228,0.056860515107383644,0.13635965871609354
