fraction_of_volc,OH,H2O2,TMI
0.0,0.23951228008237838,0.7017348307126275,0.05875288920499407
0.02,0.23951228008237838,0.7017348307126275,0.05875288920499407
0.04,0.23951228008237838,0.7017348307126275,0.05875288920499407
0.06,0.23951228008237838,0.7017348307126275,0.05875288920499407
0.08,0.23951228008237838,0.7017348307126275,0.05875288920499407
0.1,0.23951228008237838,0.7017348307126275,0.05875288920499407
0.12,0.23951228008237838,0.7017348307126275,0.05875288920499407
0.14,0.23951228008237838,0.7017348307126275,0.05875288920499407
0.16,0.23951228008237838,0.7017348307126275,0.05875288920499407
0.18,0.23951228008237838,0.7017348307126275,0.05875288920499407
0.2,0.23951228008237838,0.7017348307126275,0.05875288920499407
0.22,0.23951228008237838,0.7017348307126275,0.05875288920499407
0.24,0.23951228008237838,0.7017348307126275,0.05875288920499407
0.26,0.23951228008237838,0.7017348307126275,0.05875288920499407
0.28,0.23951228008237838,0.7017348307126275,0.05875288920499407
0.3,0.23951228008237838,0.7017348307126275,0.05875288920499407
0.32,0.23951228008237838,0.7017348307126275,0.05875288920499407
0.34,0.23951228008237838,0.7017348307126275,0.05875288920499407
0.36,0.23951228008237838,0.7017348307126275,0.05875288920499407
0.38,0.23951228008237838,0.7017348307126275,0.05875288920499407
0.4,0.23951228008237838,0.7017348307126275,0.05875288920499407
0.42,0.23951228008237838,0.7017348307126275,0.05875288920499407
0.44,0.23951228008237838,0.7017348307126275,0.05875288920499407
0.46,0.23951228008237838,0.7017348307126275,0.05875288920499407
0.48,0.23951228008237838,0.7017348307126275,0.05875288920499407
0.5,0.23951228008237838,0.7017348307126275,0.05875288920499407
0.52,0.23951228008237838,0.7017348307126275,0.05875288920499407
0.54,0.23951228008237838,0.7017348307126275,0.05875288920499407
0.56,0.23951228008237838,0.7017348307126275,0.05875288920499407
0.58,0.23951228008237838,0.7017348307126275,0.05875288920499407
0.6,0.23951228008237838,0.7017348307126275,0.05875288920499407
0.62,0.32110642699450737,0.6045155334543151,0.07437803955117758
0.64,0.4027005739066364,0.5072962361960025,0.09000318989736109
0.66,0.48429472081876535,0.41007693893769004,0.10562834024354459
0.68,0.5658888677308944,0.3128576416793775,0.12125349058972809
0.7000000000000001,0.6474830146430234,0.215638344421065,0.1368786409359116
0.72,0.7290771615551523,0.11841904716275253,0.15250379128209512
0.74,0.8106713084672814,0.021199749904439902,0.16812894162827863
0.76,0.8106713084672814,0.021199749904439902,0.16812894162827863
0.78,0.8106713084672814,0.021199749904439902,0.16812894162827863
0.8,0.8106713084672814,0.021199749904439902,0.16812894162827863
0.8200000000000001,0.8106713084672814,0.021199749904439902,0.16812894162827863
0.84,0.8106713084672814,0.021199749904439902,0.16812894162827863
0.86,0.8106713084672814,0.021199749904439902,0.16812894162827863
0.88,0.8106713084672814,0.021199749904439902,0.16812894162827863
0.9,0.8106713084672814,0.021199749904439902,0.16812894162827863
0.92,0.8106713084672814,0.021199749904439902,0.16812894162827863
0.9400000000000001,0.8106713084672814,0.021199749904439902,0.16812894162827863
0.96,0.8106713084672814,0.021199749904439902,0.16812894162827863
0.98,0.8106713084672814,0.021199749904439902,0.16812894162827863
1.0,0.8106713084672814,0.021199749904439902,0.16812894162827863
