fraction_of_volc,OH,H2O2,TMI
0.0,0.139028615516935,0.11212389984745376,0.7488474846356113
0.02,0.139028615516935,0.11212389984745376,0.7488474846356113
0.04,0.139028615516935,0.11212389984745376,0.7488474846356113
0.06,0.14124478824741007,0.13458047589305464,0.7241747358595354
0.08,0.14346096097788516,0.1570370519386555,0.6995019870834595
0.1,0.14567713370836025,0.1794936279842564,0.6748292383073835
0.12,0.14789330643883536,0.20195020402985725,0.6501564895313074
0.14,0.15010947916931044,0.2244067800754581,0.6254837407552315
0.16,0.15232565189978553,0.24686335612105897,0.6008109919791556
0.18,0.15454182463026062,0.2693199321666599,0.5761382432030796
0.2,0.1567579973607357,0.29177650821226075,0.5514654944270037
0.22,0.1589741700912108,0.3142330842578616,0.5267927456509276
0.24,0.16119034282168587,0.3366896603034625,0.5021199968748516
0.26,0.16340651555216099,0.35914623634906334,0.4774472480987757
0.28,0.16562268828263607,0.3816028123946642,0.45277449932269975
0.3,0.16783886101311116,0.40405938844026507,0.42810175054662375
0.32,0.17005503374358624,0.426515964485866,0.4034290017705478
0.34,0.17227120647406133,0.44897254053146685,0.3787562529944718
0.36,0.17448737920453644,0.4714291165770677,0.35408350421839585
0.38,0.17670355193501153,0.49388569262266857,0.3294107554423199
0.4,0.1789197246654866,0.5163422686682695,0.3047380066662439
0.42,0.1811358973959617,0.5387988447138704,0.28006525789016795
0.44,0.18335207012643678,0.5612554207594712,0.255392509114092
0.46,0.18335207012643678,0.5612554207594712,0.255392509114092
0.48,0.18335207012643678,0.5612554207594712,0.255392509114092
0.5,0.18335207012643678,0.5612554207594712,0.255392509114092
0.52,0.18335207012643678,0.5612554207594712,0.255392509114092
0.54,0.18335207012643678,0.5612554207594712,0.255392509114092
0.56,0.18335207012643678,0.5612554207594712,0.255392509114092
0.58,0.18335207012643678,0.5612554207594712,0.255392509114092
0.6,0.18335207012643678,0.5612554207594712,0.255392509114092
0.62,0.18335207012643678,0.5612554207594712,0.255392509114092
0.64,0.18335207012643678,0.5612554207594712,0.255392509114092
0.66,0.18335207012643678,0.5612554207594712,0.255392509114092
0.68,0.18335207012643678,0.5612554207594712,0.255392509114092
0.7000000000000001,0.18335207012643678,0.5612554207594712,0.255392509114092
0.72,0.18335207012643678,0.5612554207594712,0.255392509114092
0.74,0.18335207012643678,0.5612554207594712,0.255392509114092
0.76,0.18335207012643678,0.5612554207594712,0.255392509114092
0.78,0.18335207012643678,0.5612554207594712,0.255392509114092
0.8,0.18335207012643678,0.5612554207594712,0.255392509114092
0.8200000000000001,0.18335207012643678,0.5612554207594712,0.255392509114092
0.84,0.18335207012643678,0.5612554207594712,0.255392509114092
0.86,0.18335207012643678,0.5612554207594712,0.255392509114092
0.88,0.18335207012643678,0.5612554207594712,0.255392509114092
0.9,0.18335207012643678,0.5612554207594712,0.255392509114092
0.92,0.18335207012643678,0.5612554207594712,0.255392509114092
0.9400000000000001,0.18335207012643678,0.5612554207594712,0.255392509114092
0.96,0.18335207012643678,0.5612554207594712,0.255392509114092
0.98,0.18335207012643678,0.5612554207594712,0.255392509114092
1.0,0.18335207012643678,0.5612554207594712,0.255392509114092
