fraction_of_volc,OH,H2O2,TMI
0.0,0.5220956629858666,0.036202883584557866,0.4417014534295755
0.02,0.5220956629858666,0.036202883584557866,0.4417014534295755
0.04,0.5220956629858666,0.036202883584557866,0.4417014534295755
0.06,0.5220956629858666,0.036202883584557866,0.4417014534295755
0.08,0.5220956629858666,0.036202883584557866,0.4417014534295755
0.1,0.5220956629858666,0.036202883584557866,0.4417014534295755
0.12,0.5220956629858666,0.036202883584557866,0.4417014534295755
0.14,0.5220956629858666,0.036202883584557866,0.4417014534295755
0.16,0.5220956629858666,0.036202883584557866,0.4417014534295755
0.18,0.5220956629858666,0.036202883584557866,0.4417014534295755
0.2,0.5220956629858666,0.036202883584557866,0.4417014534295755
0.22,0.5220956629858666,0.036202883584557866,0.4417014534295755
0.24,0.5220956629858666,0.036202883584557866,0.4417014534295755
0.26,0.5220956629858666,0.036202883584557866,0.4417014534295755
0.28,0.5093743648725049,0.05143041419406076,0.4391952209334344
0.3,0.49665306675914306,0.06665794480356366,0.4366889884372933
0.32,0.4839317686457813,0.08188547541306654,0.4341827559411522
0.34,0.4712104705324195,0.09711300602256943,0.43167652344501106
0.36,0.45848917241905773,0.11234053663207233,0.42917029094886994
0.38,0.4457678743056959,0.1275680672415752,0.42666405845272887
0.4,0.43304657619233416,0.1427955978510781,0.42415782595658774
0.42,0.42032527807897235,0.158023128460581,0.4216515934604466
0.44,0.4076039799656106,0.17325065907008388,0.4191453609643055
0.46,0.39488268185224884,0.1884781896795868,0.4166391284681644
0.48,0.38216138373888703,0.20370572028908968,0.4141328959720233
0.5,0.3694400856255252,0.21893325089859256,0.41162666347588217
0.52,0.35671878751216346,0.23416078150809547,0.40912043097974105
0.54,0.3439974893988017,0.24938831211759835,0.4066141984836
0.56,0.3312761912854399,0.26461584272710126,0.40410796598745885
0.58,0.3185548931720781,0.27984337333660414,0.4016017334913177
0.6,0.3058335950587163,0.295070903946107,0.3990955009951766
0.62,0.29311229694535457,0.3102984345556099,0.39658926849903553
0.64,0.28039099883199275,0.32552596516511284,0.3940830360028944
0.66,0.267669700718631,0.3407534957746157,0.3915768035067533
0.68,0.2549484026052692,0.3559810263841186,0.38907057101061215
0.7000000000000001,0.24222710449190743,0.3712085569936215,0.3865643385144711
0.72,0.22950580637854562,0.38643608760312437,0.38405810601832996
0.74,0.21678450826518386,0.40166361821262725,0.38155187352218883
0.76,0.20406321015182205,0.4168911488221302,0.37904564102604776
0.78,0.1913419120384603,0.43211867943163307,0.37653940852990664
0.8,0.17862061392509848,0.44734621004113595,0.3740331760337655
0.8200000000000001,0.17862061392509848,0.44734621004113595,0.3740331760337655
0.84,0.17862061392509848,0.44734621004113595,0.3740331760337655
0.86,0.17862061392509848,0.44734621004113595,0.3740331760337655
0.88,0.17862061392509848,0.44734621004113595,0.3740331760337655
0.9,0.17862061392509848,0.44734621004113595,0.3740331760337655
0.92,0.17862061392509848,0.44734621004113595,0.3740331760337655
0.9400000000000001,0.17862061392509848,0.44734621004113595,0.3740331760337655
0.96,0.17862061392509848,0.44734621004113595,0.3740331760337655
0.98,0.17862061392509848,0.44734621004113595,0.3740331760337655
1.0,0.17862061392509848,0.44734621004113595,0.3740331760337655
