fraction_of_volc,OH,H2O2,TMI
0.0,0.2184717158295735,0.1585492398938597,0.6229790442765668
0.02,0.2184717158295735,0.1585492398938597,0.6229790442765668
0.04,0.2184717158295735,0.1585492398938597,0.6229790442765668
0.06,0.2184717158295735,0.1585492398938597,0.6229790442765668
0.08,0.2184717158295735,0.1585492398938597,0.6229790442765668
0.1,0.2184717158295735,0.1585492398938597,0.6229790442765668
0.12,0.22665079582806177,0.16442287227989946,0.6089263318920387
0.14,0.23482987582655004,0.17029650466593924,0.5948736195075107
0.16,0.24300895582503831,0.176170137051979,0.5808209071229826
0.18,0.2511880358235266,0.18204376943801878,0.5667681947384546
0.2,0.2593671158220149,0.18791740182405853,0.5527154823539265
0.22,0.26754619582050315,0.1937910342100983,0.5386627699693985
0.24,0.2757252758189914,0.19966466659613807,0.5246100575848704
0.26,0.2839043558174797,0.20553829898217785,0.5105573452003425
0.28,0.29208343581596796,0.21141193136821762,0.49650463281581436
0.3,0.30026251581445623,0.2172855637542574,0.4824519204312864
0.32,0.3084415958129445,0.22315919614029717,0.4683992080467583
0.34,0.3166206758114328,0.22903282852633694,0.4543464956622303
0.36,0.32479975580992104,0.2349064609123767,0.4402937832777022
0.38,0.33297883580840937,0.2407800932984165,0.4262410708931742
0.4,0.3411579158068976,0.24665372568445626,0.4121883585086461
0.42,0.3493369958053859,0.25252735807049603,0.3981356461241181
0.44,0.3575160758038741,0.2584009904565358,0.38408293373959
0.46,0.36569515580236245,0.2642746228425756,0.370030221355062
0.48,0.37387423580085066,0.2701482552286153,0.35597750897053393
0.5,0.382053315799339,0.27602188761465507,0.3419247965860059
0.52,0.39023239579782726,0.28189552000069484,0.32787208420147784
0.54,0.39841147579631553,0.2877691523867346,0.3138193718169498
0.56,0.4065905557948038,0.2936427847727744,0.29976665943242176
0.58,0.41476963579329207,0.29951641715881416,0.2857139470478937
0.6,0.42294871579178034,0.30539004954485394,0.27166123466336567
0.62,0.4311277957902686,0.3112636819308937,0.2576085222788376
0.64,0.4393068757887569,0.3171373143169335,0.24355580989430958
0.66,0.44748595578724515,0.32301094670297326,0.22950309750978154
0.68,0.44748595578724515,0.32301094670297326,0.22950309750978154
0.7000000000000001,0.44748595578724515,0.32301094670297326,0.22950309750978154
0.72,0.44748595578724515,0.32301094670297326,0.22950309750978154
0.74,0.44748595578724515,0.32301094670297326,0.22950309750978154
0.76,0.44748595578724515,0.32301094670297326,0.22950309750978154
0.78,0.44748595578724515,0.32301094670297326,0.22950309750978154
0.8,0.44748595578724515,0.32301094670297326,0.22950309750978154
0.8200000000000001,0.44748595578724515,0.32301094670297326,0.22950309750978154
0.84,0.44748595578724515,0.32301094670297326,0.22950309750978154
0.86,0.44748595578724515,0.32301094670297326,0.22950309750978154
0.88,0.44748595578724515,0.32301094670297326,0.22950309750978154
0.9,0.44748595578724515,0.32301094670297326,0.22950309750978154
0.92,0.44748595578724515,0.32301094670297326,0.22950309750978154
0.9400000000000001,0.44748595578724515,0.32301094670297326,0.22950309750978154
0.96,0.44748595578724515,0.32301094670297326,0.22950309750978154
0.98,0.44748595578724515,0.32301094670297326,0.22950309750978154
1.0,0.44748595578724515,0.32301094670297326,0.22950309750978154
