fraction_of_volc,OH,H2O2,TMI
0.0,0.2674127422375858,0.05972959064220968,0.6728576671202046
0.02,0.2674127422375858,0.05972959064220968,0.6728576671202046
0.04,0.2674127422375858,0.05972959064220968,0.6728576671202046
0.06,0.2674127422375858,0.05972959064220968,0.6728576671202046
0.08,0.2674127422375858,0.05972959064220968,0.6728576671202046
0.1,0.2674127422375858,0.05972959064220968,0.6728576671202046
0.12,0.2674127422375858,0.05972959064220968,0.6728576671202046
0.14,0.2674127422375858,0.05972959064220968,0.6728576671202046
0.16,0.2674127422375858,0.05972959064220968,0.6728576671202046
0.18,0.2674127422375858,0.05972959064220968,0.6728576671202046
0.2,0.2674127422375858,0.05972959064220968,0.6728576671202046
0.22,0.2674127422375858,0.05972959064220968,0.6728576671202046
0.24,0.2674127422375858,0.05972959064220968,0.6728576671202046
0.26,0.2674127422375858,0.05972959064220968,0.6728576671202046
0.28,0.2674127422375858,0.05972959064220968,0.6728576671202046
0.3,0.2674127422375858,0.05972959064220968,0.6728576671202046
0.32,0.2674127422375858,0.05972959064220968,0.6728576671202046
0.34,0.2674127422375858,0.05972959064220968,0.6728576671202046
0.36,0.2674127422375858,0.05972959064220968,0.6728576671202046
0.38,0.2674127422375858,0.05972959064220968,0.6728576671202046
0.4,0.2674127422375858,0.05972959064220968,0.6728576671202046
0.42,0.2674127422375858,0.05972959064220968,0.6728576671202046
0.44,0.2674127422375858,0.05972959064220968,0.6728576671202046
0.46,0.2674127422375858,0.05972959064220968,0.6728576671202046
0.48,0.2674127422375858,0.05972959064220968,0.6728576671202046
0.5,0.2674127422375858,0.05972959064220968,0.6728576671202046
0.52,0.2674127422375858,0.05972959064220968,0.6728576671202046
0.54,0.2674127422375858,0.05972959064220968,0.6728576671202046
0.56,0.2674127422375858,0.05972959064220968,0.6728576671202046
0.58,0.2674127422375858,0.05972959064220968,0.6728576671202046
0.6,0.2674127422375858,0.05972959064220968,0.6728576671202046
0.62,0.2674127422375858,0.05972959064220968,0.6728576671202046
0.64,0.26609388393972405,0.09891889050473829,0.6349872255555378
0.66,0.2647750256418622,0.13810819036726688,0.597116783990871
0.68,0.26345616734400046,0.1772974902297955,0.5592463424262042
0.7000000000000001,0.2621373090461387,0.21648679009232408,0.5213759008615373
0.72,0.26081845074827686,0.2556760899548527,0.48350545929687055
0.74,0.2594995924504151,0.2948653898173813,0.4456350177322037
0.76,0.2581807341525533,0.33405468967990987,0.4077645761675369
0.78,0.2568618758546915,0.3732439895424385,0.36989413460287013
0.8,0.25554301755682973,0.4124332894049671,0.33202369303820334
0.8200000000000001,0.25422415925896796,0.4516225892674957,0.29415325147353655
0.84,0.25290530096110614,0.49081188913002427,0.2562828099088697
0.86,0.25158644266324437,0.5300011889925529,0.2184123683442029
0.88,0.2502675843653826,0.5691904888550815,0.18054192677953612
0.9,0.2489487260675208,0.6083797887176101,0.14267148521486928
0.92,0.247629867769659,0.6475690885801387,0.10480104365020244
0.9400000000000001,0.247629867769659,0.6475690885801387,0.10480104365020244
0.96,0.247629867769659,0.6475690885801387,0.10480104365020244
0.98,0.247629867769659,0.6475690885801387,0.10480104365020244
1.0,0.247629867769659,0.6475690885801387,0.10480104365020244
