fraction_of_volc,OH,H2O2,TMI
0.0,0.38756194721728376,0.3566770574413607,0.2557609953413556
0.02,0.38756194721728376,0.3566770574413607,0.2557609953413556
0.04,0.38756194721728376,0.3566770574413607,0.2557609953413556
0.06,0.38756194721728376,0.3566770574413607,0.2557609953413556
0.08,0.38756194721728376,0.3566770574413607,0.2557609953413556
0.1,0.38756194721728376,0.3566770574413607,0.2557609953413556
0.12,0.38756194721728376,0.3566770574413607,0.2557609953413556
0.14,0.38756194721728376,0.3566770574413607,0.2557609953413556
0.16,0.38756194721728376,0.3566770574413607,0.2557609953413556
0.18,0.38756194721728376,0.3566770574413607,0.2557609953413556
0.2,0.38756194721728376,0.3566770574413607,0.2557609953413556
0.22,0.3842570650463371,0.3578512117821077,0.2578917231715552
0.24,0.3809521828753905,0.35902536612285474,0.2600224510017548
0.26,0.37764730070444386,0.3601995204636018,0.2621531788319544
0.28,0.3743424185334972,0.36137367480434884,0.26428390666215396
0.3,0.3710375363625506,0.36254782914509587,0.2664146344923536
0.32,0.36773265419160395,0.3637219834858429,0.26854536232255316
0.34,0.36442777202065735,0.3648961378265899,0.27067609015275274
0.36,0.3611228898497107,0.36607029216733694,0.27280681798295237
0.38,0.35781800767876404,0.367244446508084,0.27493754581315194
0.4,0.35451312550781744,0.36841860084883105,0.2770682736433515
0.42,0.3512082433368708,0.36959275518957807,0.27919900147355114
0.44,0.34790336116592413,0.3707669095303251,0.2813297293037507
0.46,0.34459847899497753,0.3719410638710721,0.2834604571339503
0.48,0.3412935968240309,0.3731152182118192,0.2855911849641499
0.5,0.3379887146530842,0.3742893725525662,0.2877219127943495
0.52,0.3346838324821376,0.37546352689331325,0.2898526406245491
0.54,0.33137895031119097,0.3766376812340603,0.2919833684547487
0.56,0.32807406814024437,0.3778118355748073,0.2941140962849483
0.58,0.3247691859692977,0.3789859899155543,0.29624482411514785
0.6,0.32146430379835106,0.3801601442563014,0.2983755519453475
0.62,0.31815942162740446,0.3813342985970484,0.30050627977554706
0.64,0.3148545394564578,0.38250845293779545,0.30263700760574663
0.66,0.3115496572855112,0.3836826072785425,0.30476773543594626
0.68,0.30824477511456455,0.3848567616192895,0.30689846326614584
0.7000000000000001,0.3049398929436179,0.3860309159600366,0.30902919109634547
0.72,0.3016350107726713,0.3872050703007836,0.31115991892654504
0.74,0.29833012860172464,0.38837922464153063,0.3132906467567446
0.76,0.295025246430778,0.38955337898227765,0.31542137458694425
0.78,0.2917203642598314,0.3907275333230247,0.3175521024171438
0.8,0.28841548208888473,0.39190168766377176,0.3196828302473434
0.8200000000000001,0.2851105999179381,0.3930758420045188,0.321813558077543
0.84,0.2818057177469915,0.3942499963452658,0.3239442859077426
0.86,0.2785008355760448,0.39542415068601283,0.3260750137379422
0.88,0.27519595340509817,0.39659830502675986,0.3282057415681418
0.9,0.27189107123415157,0.3977724593675069,0.3303364693983414
0.92,0.2685861890632049,0.39894661370825396,0.332467197228541
0.9400000000000001,0.26528130689225826,0.400120768049001,0.3345979250587406
0.96,0.26197642472131166,0.401294922389748,0.33672865288894016
0.98,0.26197642472131166,0.401294922389748,0.33672865288894016
1.0,0.26197642472131166,0.401294922389748,0.33672865288894016
