fraction_of_volc,OH,H2O2,TMI
0.0,0.02382532544145477,0.060881045099843,0.9152936294587021
0.02,0.02382532544145477,0.060881045099843,0.9152936294587021
0.04,0.02382532544145477,0.060881045099843,0.9152936294587021
0.06,0.02382532544145477,0.060881045099843,0.9152936294587021
0.08,0.02382532544145477,0.060881045099843,0.9152936294587021
0.1,0.02382532544145477,0.060881045099843,0.9152936294587021
0.12,0.02382532544145477,0.060881045099843,0.9152936294587021
0.14,0.02382532544145477,0.060881045099843,0.9152936294587021
0.16,0.02382532544145477,0.060881045099843,0.9152936294587021
0.18,0.02382532544145477,0.060881045099843,0.9152936294587021
0.2,0.02382532544145477,0.060881045099843,0.9152936294587021
0.22,0.02382532544145477,0.060881045099843,0.9152936294587021
0.24,0.02382532544145477,0.060881045099843,0.9152936294587021
0.26,0.02382532544145477,0.060881045099843,0.9152936294587021
0.28,0.02382532544145477,0.060881045099843,0.9152936294587021
0.3,0.02382532544145477,0.060881045099843,0.9152936294587021
0.32,0.02382532544145477,0.060881045099843,0.9152936294587021
0.34,0.02382532544145477,0.060881045099843,0.9152936294587021
0.36,0.02382532544145477,0.060881045099843,0.9152936294587021
0.38,0.02382532544145477,0.060881045099843,0.9152936294587021
0.4,0.02382532544145477,0.060881045099843,0.9152936294587021
0.42,0.02382532544145477,0.060881045099843,0.9152936294587021
0.44,0.02382532544145477,0.060881045099843,0.9152936294587021
0.46,0.02382532544145477,0.060881045099843,0.9152936294587021
0.48,0.02382532544145477,0.060881045099843,0.9152936294587021
0.5,0.02382532544145477,0.060881045099843,0.9152936294587021
0.52,0.02382532544145477,0.060881045099843,0.9152936294587021
0.54,0.02382532544145477,0.060881045099843,0.9152936294587021
0.56,0.02382532544145477,0.060881045099843,0.9152936294587021
0.58,0.02382532544145477,0.060881045099843,0.9152936294587021
0.6,0.0776385747737394,0.11655214367786723,0.8058092815483933
0.62,0.13145182410602402,0.17222324225589147,0.6963249336380843
0.64,0.18526507343830864,0.2278943408339157,0.5868405857277755
0.66,0.23907832277059327,0.28356543941193996,0.47735623781746667
0.68,0.29289157210287786,0.33923653798996417,0.3678718899071578
0.7000000000000001,0.3467048214351625,0.3949076365679884,0.258387541996849
0.72,0.40051807076744717,0.45057873514601265,0.14890319408654007
0.74,0.45433132009973176,0.5062498337240369,0.039418846176231266
0.76,0.45433132009973176,0.5062498337240369,0.039418846176231266
0.78,0.45433132009973176,0.5062498337240369,0.039418846176231266
0.8,0.45433132009973176,0.5062498337240369,0.039418846176231266
0.8200000000000001,0.45433132009973176,0.5062498337240369,0.039418846176231266
0.84,0.45433132009973176,0.5062498337240369,0.039418846176231266
0.86,0.45433132009973176,0.5062498337240369,0.039418846176231266
0.88,0.45433132009973176,0.5062498337240369,0.039418846176231266
0.9,0.45433132009973176,0.5062498337240369,0.039418846176231266
0.92,0.45433132009973176,0.5062498337240369,0.039418846176231266
0.9400000000000001,0.45433132009973176,0.5062498337240369,0.039418846176231266
0.96,0.45433132009973176,0.5062498337240369,0.039418846176231266
0.98,0.45433132009973176,0.5062498337240369,0.039418846176231266
1.0,0.45433132009973176,0.5062498337240369,0.039418846176231266
