fraction_of_volc,OH,H2O2,TMI
0.0,0.7117690449973957,0.08432095012139618,0.20391000488120828
0.02,0.7117690449973957,0.08432095012139618,0.20391000488120828
0.04,0.7117690449973957,0.08432095012139618,0.20391000488120828
0.06,0.7117690449973957,0.08432095012139618,0.20391000488120828
0.08,0.7117690449973957,0.08432095012139618,0.20391000488120828
0.1,0.6882081183272707,0.09690404957495782,0.21488783209777168
0.12,0.6646471916571456,0.10948714902851947,0.22586565931433505
0.14,0.6410862649870206,0.12207024848208112,0.23684348653089846
0.16,0.6175253383168955,0.13465334793564276,0.24782131374746186
0.18,0.5939644116467705,0.14723644738920438,0.25879914096402523
0.2,0.5704034849766454,0.15981954684276606,0.2697769681805886
0.22,0.5468425583065204,0.17240264629632768,0.28075479539715203
0.24,0.5232816316363953,0.18498574574988935,0.2917326226137154
0.26,0.4997207049662703,0.19756884520345097,0.30271044983027884
0.28,0.4761597782961452,0.21015194465701262,0.3136882770468422
0.3,0.4525988516260202,0.22273504411057427,0.3246661042634056
0.32,0.42903792495589516,0.2353181435641359,0.33564393147996896
0.34,0.4054769982857701,0.24790124301769756,0.3466217586965324
0.36,0.38191607161564506,0.2604843424712592,0.3575995859130958
0.38,0.35835514494552,0.27306744192482085,0.3685774131296592
0.4,0.33479421827539496,0.2856505413783825,0.37955524034622257
0.42,0.3112332916052699,0.29823364083194415,0.39053306756278594
0.44,0.28767236493514486,0.31081674028550577,0.4015108947793493
0.46,0.2641114382650198,0.32339983973906744,0.41248872199591274
0.48,0.24055051159489477,0.33598293919262906,0.4234665492124762
0.5,0.21698958492476972,0.34856603864619073,0.43444437642903955
0.52,0.19342865825464473,0.36114913809975235,0.4454222036456029
0.54,0.16986773158451968,0.37373223755331403,0.4564000308621663
0.56,0.16986773158451968,0.37373223755331403,0.4564000308621663
0.58,0.16986773158451968,0.37373223755331403,0.4564000308621663
0.6,0.16986773158451968,0.37373223755331403,0.4564000308621663
0.62,0.16986773158451968,0.37373223755331403,0.4564000308621663
0.64,0.16986773158451968,0.37373223755331403,0.4564000308621663
0.66,0.16986773158451968,0.37373223755331403,0.4564000308621663
0.68,0.16986773158451968,0.37373223755331403,0.4564000308621663
0.7000000000000001,0.16986773158451968,0.37373223755331403,0.4564000308621663
0.72,0.16986773158451968,0.37373223755331403,0.4564000308621663
0.74,0.16986773158451968,0.37373223755331403,0.4564000308621663
0.76,0.16986773158451968,0.37373223755331403,0.4564000308621663
0.78,0.16986773158451968,0.37373223755331403,0.4564000308621663
0.8,0.16986773158451968,0.37373223755331403,0.4564000308621663
0.8200000000000001,0.16986773158451968,0.37373223755331403,0.4564000308621663
0.84,0.16986773158451968,0.37373223755331403,0.4564000308621663
0.86,0.16986773158451968,0.37373223755331403,0.4564000308621663
0.88,0.16986773158451968,0.37373223755331403,0.4564000308621663
0.9,0.16986773158451968,0.37373223755331403,0.4564000308621663
0.92,0.16986773158451968,0.37373223755331403,0.4564000308621663
0.9400000000000001,0.16986773158451968,0.37373223755331403,0.4564000308621663
0.96,0.16986773158451968,0.37373223755331403,0.4564000308621663
0.98,0.16986773158451968,0.37373223755331403,0.4564000308621663
1.0,0.16986773158451968,0.37373223755331403,0.4564000308621663
