fraction_of_volc,OH,H2O2,TMI
0.0,0.7390736829770154,0.07065476762039336,0.1902715494025912
0.02,0.7390736829770154,0.07065476762039336,0.1902715494025912
0.04,0.7390736829770154,0.07065476762039336,0.1902715494025912
0.06,0.7390736829770154,0.07065476762039336,0.1902715494025912
0.08,0.7390736829770154,0.07065476762039336,0.1902715494025912
0.1,0.7390736829770154,0.07065476762039336,0.1902715494025912
0.12,0.7390736829770154,0.07065476762039336,0.1902715494025912
0.14,0.7390736829770154,0.07065476762039336,0.1902715494025912
0.16,0.7390736829770154,0.07065476762039336,0.1902715494025912
0.18,0.7390736829770154,0.07065476762039336,0.1902715494025912
0.2,0.7390736829770154,0.07065476762039336,0.1902715494025912
0.22,0.7390736829770154,0.07065476762039336,0.1902715494025912
0.24,0.7390736829770154,0.07065476762039336,0.1902715494025912
0.26,0.6995869884386638,0.09410525891545267,0.2063077526458834
0.28,0.6601002939003123,0.11755575021051198,0.22234395588917566
0.3,0.6206135993619608,0.14100624150557128,0.23838015913246788
0.32,0.5811269048236092,0.1644567328006306,0.2544163623757601
0.34,0.5416402102852578,0.1879072240956899,0.27045256561905234
0.36,0.5021535157469061,0.2113577153907492,0.28648876886234453
0.38,0.4626668212085546,0.23480820668580854,0.3025249721056368
0.4,0.4231801266702031,0.25825869798086787,0.318561175348929
0.42,0.3836934321318516,0.28170918927592714,0.3345973785922213
0.44,0.34420673759350007,0.30515968057098647,0.3506335818355135
0.46,0.3047200430551485,0.3286101718660458,0.3666697850788057
0.48,0.265233348516797,0.35206066316110507,0.3827059883220979
0.5,0.2257466539784454,0.3755111544561644,0.39874219156539015
0.52,0.18625995944009388,0.3989616457512237,0.4147783948086824
0.54,0.14677326490174236,0.422412137046283,0.43081459805197464
0.56,0.10728657036339084,0.4458626283413423,0.4468508012952669
0.58,0.06779987582503932,0.46931311963640165,0.46288700453855913
0.6,0.028313181286687784,0.4927636109314609,0.4789232077818513
0.62,0.028313181286687784,0.4927636109314609,0.4789232077818513
0.64,0.028313181286687784,0.4927636109314609,0.4789232077818513
0.66,0.028313181286687784,0.4927636109314609,0.4789232077818513
0.68,0.028313181286687784,0.4927636109314609,0.4789232077818513
0.7000000000000001,0.028313181286687784,0.4927636109314609,0.4789232077818513
0.72,0.028313181286687784,0.4927636109314609,0.4789232077818513
0.74,0.028313181286687784,0.4927636109314609,0.4789232077818513
0.76,0.028313181286687784,0.4927636109314609,0.4789232077818513
0.78,0.028313181286687784,0.4927636109314609,0.4789232077818513
0.8,0.028313181286687784,0.4927636109314609,0.4789232077818513
0.8200000000000001,0.028313181286687784,0.4927636109314609,0.4789232077818513
0.84,0.028313181286687784,0.4927636109314609,0.4789232077818513
0.86,0.028313181286687784,0.4927636109314609,0.4789232077818513
0.88,0.028313181286687784,0.4927636109314609,0.4789232077818513
0.9,0.028313181286687784,0.4927636109314609,0.4789232077818513
0.92,0.028313181286687784,0.4927636109314609,0.4789232077818513
0.9400000000000001,0.028313181286687784,0.4927636109314609,0.4789232077818513
0.96,0.028313181286687784,0.4927636109314609,0.4789232077818513
0.98,0.028313181286687784,0.4927636109314609,0.4789232077818513
1.0,0.028313181286687784,0.4927636109314609,0.4789232077818513
