fraction_of_volc,OH,H2O2,TMI
0.0,0.5424627897396969,0.4174505416194865,0.04008666864081659
0.02,0.5424627897396969,0.4174505416194865,0.04008666864081659
0.04,0.5424627897396969,0.4174505416194865,0.04008666864081659
0.06,0.5424627897396969,0.4174505416194865,0.04008666864081659
0.08,0.5424627897396969,0.4174505416194865,0.04008666864081659
0.1,0.5424627897396969,0.4174505416194865,0.04008666864081659
0.12,0.5424627897396969,0.4174505416194865,0.04008666864081659
0.14,0.5424627897396969,0.4174505416194865,0.04008666864081659
0.16,0.5424627897396969,0.4174505416194865,0.04008666864081659
0.18,0.5424627897396969,0.4174505416194865,0.04008666864081659
0.2,0.5424627897396969,0.4174505416194865,0.04008666864081659
0.22,0.5424627897396969,0.4174505416194865,0.04008666864081659
0.24,0.5424627897396969,0.4174505416194865,0.04008666864081659
0.26,0.5424627897396969,0.4174505416194865,0.04008666864081659
0.28,0.5424627897396969,0.4174505416194865,0.04008666864081659
0.3,0.5424627897396969,0.4174505416194865,0.04008666864081659
0.32,0.5424627897396969,0.4174505416194865,0.04008666864081659
0.34,0.5424627897396969,0.4174505416194865,0.04008666864081659
0.36,0.5049399522776415,0.45782343343815396,0.03723661428420446
0.38,0.46741711481558634,0.49819632525682134,0.03438655992759233
0.4,0.42989427735353103,0.5385692170754888,0.0315365055709802
0.42,0.3923714398914758,0.5789421088941562,0.028686451214368067
0.44,0.3548486024294205,0.6193150007128236,0.025836396857755933
0.46,0.31732576496736525,0.6596878925314911,0.022986342501143803
0.48,0.27980292750531,0.7000607843501584,0.020136288144531674
0.5,0.24228009004325474,0.7404336761688258,0.01728623378791954
0.52,0.20475725258119948,0.7808065679874933,0.014436179431307407
0.54,0.16723441511914422,0.8211794598061606,0.011586125074695277
0.56,0.12971157765708896,0.861552351624828,0.008736070718083147
0.58,0.09218874019503363,0.9019252434434955,0.005886016361471014
0.6,0.09218874019503363,0.9019252434434955,0.005886016361471014
0.62,0.09218874019503363,0.9019252434434955,0.005886016361471014
0.64,0.09218874019503363,0.9019252434434955,0.005886016361471014
0.66,0.09218874019503363,0.9019252434434955,0.005886016361471014
0.68,0.09218874019503363,0.9019252434434955,0.005886016361471014
0.7000000000000001,0.09218874019503363,0.9019252434434955,0.005886016361471014
0.72,0.09218874019503363,0.9019252434434955,0.005886016361471014
0.74,0.09218874019503363,0.9019252434434955,0.005886016361471014
0.76,0.09218874019503363,0.9019252434434955,0.005886016361471014
0.78,0.09218874019503363,0.9019252434434955,0.005886016361471014
0.8,0.09218874019503363,0.9019252434434955,0.005886016361471014
0.8200000000000001,0.09218874019503363,0.9019252434434955,0.005886016361471014
0.84,0.09218874019503363,0.9019252434434955,0.005886016361471014
0.86,0.09218874019503363,0.9019252434434955,0.005886016361471014
0.88,0.09218874019503363,0.9019252434434955,0.005886016361471014
0.9,0.09218874019503363,0.9019252434434955,0.005886016361471014
0.92,0.09218874019503363,0.9019252434434955,0.005886016361471014
0.9400000000000001,0.09218874019503363,0.9019252434434955,0.005886016361471014
0.96,0.09218874019503363,0.9019252434434955,0.005886016361471014
0.98,0.09218874019503363,0.9019252434434955,0.005886016361471014
1.0,0.09218874019503363,0.9019252434434955,0.005886016361471014
