fraction_of_volc,OH,H2O2,TMI
0.0,0.04716526505428764,0.18576761063393085,0.7670671243117814
0.02,0.04716526505428764,0.18576761063393085,0.7670671243117814
0.04,0.04716526505428764,0.18576761063393085,0.7670671243117814
0.06,0.04716526505428764,0.18576761063393085,0.7670671243117814
0.08,0.04716526505428764,0.18576761063393085,0.7670671243117814
0.1,0.04716526505428764,0.18576761063393085,0.7670671243117814
0.12,0.04716526505428764,0.18576761063393085,0.7670671243117814
0.14,0.04716526505428764,0.18576761063393085,0.7670671243117814
0.16,0.04716526505428764,0.18576761063393085,0.7670671243117814
0.18,0.04716526505428764,0.18576761063393085,0.7670671243117814
0.2,0.04716526505428764,0.18576761063393085,0.7670671243117814
0.22,0.04716526505428764,0.18576761063393085,0.7670671243117814
0.24,0.04716526505428764,0.18576761063393085,0.7670671243117814
0.26,0.04716526505428764,0.18576761063393085,0.7670671243117814
0.28,0.04716526505428764,0.18576761063393085,0.7670671243117814
0.3,0.04716526505428764,0.18576761063393085,0.7670671243117814
0.32,0.04716526505428764,0.18576761063393085,0.7670671243117814
0.34,0.04353295761869451,0.19206622314704722,0.7644008192342582
0.36,0.039900650183101384,0.1983648356601636,0.7617345141567349
0.38,0.03626834274750825,0.20466344817327997,0.7590682090792117
0.4,0.032636035311915126,0.21096206068639634,0.7564019040016885
0.42,0.029003727876321994,0.2172606731995127,0.7537355989241652
0.44,0.025371420440728865,0.22355928571262906,0.751069293846642
0.46,0.021739113005135736,0.22985789822574546,0.7484029887691188
0.48,0.018106805569542608,0.23615651073886182,0.7457366836915955
0.5,0.014474498133949479,0.24245512325197818,0.7430703786140723
0.52,0.010842190698356347,0.24875373576509457,0.7404040735365491
0.54,0.007209883262763221,0.25505234827821094,0.7377377684590258
0.56,0.003577575827170089,0.2613509607913273,0.7350714633815026
0.58,0.003577575827170089,0.2613509607913273,0.7350714633815026
0.6,0.003577575827170089,0.2613509607913273,0.7350714633815026
0.62,0.003577575827170089,0.2613509607913273,0.7350714633815026
0.64,0.003577575827170089,0.2613509607913273,0.7350714633815026
0.66,0.003577575827170089,0.2613509607913273,0.7350714633815026
0.68,0.003577575827170089,0.2613509607913273,0.7350714633815026
0.7000000000000001,0.003577575827170089,0.2613509607913273,0.7350714633815026
0.72,0.003577575827170089,0.2613509607913273,0.7350714633815026
0.74,0.003577575827170089,0.2613509607913273,0.7350714633815026
0.76,0.003577575827170089,0.2613509607913273,0.7350714633815026
0.78,0.003577575827170089,0.2613509607913273,0.7350714633815026
0.8,0.003577575827170089,0.2613509607913273,0.7350714633815026
0.8200000000000001,0.003577575827170089,0.2613509607913273,0.7350714633815026
0.84,0.003577575827170089,0.2613509607913273,0.7350714633815026
0.86,0.003577575827170089,0.2613509607913273,0.7350714633815026
0.88,0.003577575827170089,0.2613509607913273,0.7350714633815026
0.9,0.003577575827170089,0.2613509607913273,0.7350714633815026
0.92,0.003577575827170089,0.2613509607913273,0.7350714633815026
0.9400000000000001,0.003577575827170089,0.2613509607913273,0.7350714633815026
0.96,0.003577575827170089,0.2613509607913273,0.7350714633815026
0.98,0.003577575827170089,0.2613509607913273,0.7350714633815026
1.0,0.003577575827170089,0.2613509607913273,0.7350714633815026
