fraction_of_volc,OH,H2O2,TMI
0.0,0.50260546771895,0.4023439204360556,0.09505061184499454
0.02,0.50260546771895,0.4023439204360556,0.09505061184499454
0.04,0.50260546771895,0.4023439204360556,0.09505061184499454
0.06,0.50260546771895,0.4023439204360556,0.09505061184499454
0.08,0.50260546771895,0.4023439204360556,0.09505061184499454
0.1,0.50260546771895,0.4023439204360556,0.09505061184499454
0.12,0.50260546771895,0.4023439204360556,0.09505061184499454
0.14,0.50260546771895,0.4023439204360556,0.09505061184499454
0.16,0.50260546771895,0.4023439204360556,0.09505061184499454
0.18,0.50260546771895,0.4023439204360556,0.09505061184499454
0.2,0.50260546771895,0.4023439204360556,0.09505061184499454
0.22,0.50260546771895,0.4023439204360556,0.09505061184499454
0.24,0.50260546771895,0.4023439204360556,0.09505061184499454
0.26,0.50260546771895,0.4023439204360556,0.09505061184499454
0.28,0.50260546771895,0.4023439204360556,0.09505061184499454
0.3,0.50260546771895,0.4023439204360556,0.09505061184499454
0.32,0.50260546771895,0.4023439204360556,0.09505061184499454
0.34,0.50260546771895,0.4023439204360556,0.09505061184499454
0.36,0.50260546771895,0.4023439204360556,0.09505061184499454
0.38,0.50260546771895,0.4023439204360556,0.09505061184499454
0.4,0.50260546771895,0.4023439204360556,0.09505061184499454
0.42,0.50260546771895,0.4023439204360556,0.09505061184499454
0.44,0.50260546771895,0.4023439204360556,0.09505061184499454
0.46,0.50260546771895,0.4023439204360556,0.09505061184499454
0.48,0.50260546771895,0.4023439204360556,0.09505061184499454
0.5,0.50260546771895,0.4023439204360556,0.09505061184499454
0.52,0.50260546771895,0.4023439204360556,0.09505061184499454
0.54,0.50260546771895,0.4023439204360556,0.09505061184499454
0.56,0.50260546771895,0.4023439204360556,0.09505061184499454
0.58,0.46838153306999764,0.3685848393629372,0.1630336275670653
0.6,0.4341575984210453,0.33482575828981875,0.23101664328913607
0.62,0.39993366377209294,0.30106667721670033,0.2989996590112068
0.64,0.3657097291231406,0.2673075961435819,0.36698267473327756
0.66,0.33148579447418824,0.23354851507046348,0.43496569045534833
0.68,0.2972618598252359,0.19978943399734506,0.502948706177419
0.7000000000000001,0.26303792517628355,0.16603035292422663,0.5709317218994898
0.72,0.2288139905273312,0.1322712718511082,0.6389147376215606
0.74,0.19459005587837885,0.09851219077798978,0.7068977533436314
0.76,0.1603661212294265,0.06475310970487136,0.7748807690657021
0.78,0.12614218658047413,0.03099402863175295,0.8428637847877729
0.8,0.12614218658047413,0.03099402863175295,0.8428637847877729
0.8200000000000001,0.12614218658047413,0.03099402863175295,0.8428637847877729
0.84,0.12614218658047413,0.03099402863175295,0.8428637847877729
0.86,0.12614218658047413,0.03099402863175295,0.8428637847877729
0.88,0.12614218658047413,0.03099402863175295,0.8428637847877729
0.9,0.12614218658047413,0.03099402863175295,0.8428637847877729
0.92,0.12614218658047413,0.03099402863175295,0.8428637847877729
0.9400000000000001,0.12614218658047413,0.03099402863175295,0.8428637847877729
0.96,0.12614218658047413,0.03099402863175295,0.8428637847877729
0.98,0.12614218658047413,0.03099402863175295,0.8428637847877729
1.0,0.12614218658047413,0.03099402863175295,0.8428637847877729
