fraction_of_volc,OH,H2O2,TMI
0.0,0.2057014105978715,0.6109468314318712,0.18335175797025743
0.02,0.2057014105978715,0.6109468314318712,0.18335175797025743
0.04,0.2057014105978715,0.6109468314318712,0.18335175797025743
0.06,0.2057014105978715,0.6109468314318712,0.18335175797025743
0.08,0.2057014105978715,0.6109468314318712,0.18335175797025743
0.1,0.2057014105978715,0.6109468314318712,0.18335175797025743
0.12,0.2057014105978715,0.6109468314318712,0.18335175797025743
0.14,0.2057014105978715,0.6109468314318712,0.18335175797025743
0.16,0.2057014105978715,0.6109468314318712,0.18335175797025743
0.18,0.2057014105978715,0.6109468314318712,0.18335175797025743
0.2,0.2057014105978715,0.6109468314318712,0.18335175797025743
0.22,0.2057014105978715,0.6109468314318712,0.18335175797025743
0.24,0.2057014105978715,0.6109468314318712,0.18335175797025743
0.26,0.2057014105978715,0.6109468314318712,0.18335175797025743
0.28,0.2057014105978715,0.6109468314318712,0.18335175797025743
0.3,0.2057014105978715,0.6109468314318712,0.18335175797025743
0.32,0.2396833814016682,0.5826259543296761,0.17769066426865576
0.34,0.2736653522054649,0.5543050772274811,0.17202957056705412
0.36,0.3076473230092616,0.5259842001252861,0.16636847686545245
0.38,0.3416292938130583,0.497663323023091,0.1607073831638508
0.4,0.375611264616855,0.46934244592089597,0.15504628946224913
0.42,0.40959323542065174,0.4410215688187009,0.14938519576064746
0.44,0.44357520622444846,0.41270069171650586,0.14372410205904582
0.46,0.47755717702824513,0.3843798146143108,0.13806300835744414
0.48,0.5115391478320419,0.35605893751211576,0.1324019146558425
0.5,0.5455211186358385,0.3277380604099207,0.12674082095424083
0.52,0.5455211186358385,0.3277380604099207,0.12674082095424083
0.54,0.5455211186358385,0.3277380604099207,0.12674082095424083
0.56,0.5455211186358385,0.3277380604099207,0.12674082095424083
0.58,0.5455211186358385,0.3277380604099207,0.12674082095424083
0.6,0.5455211186358385,0.3277380604099207,0.12674082095424083
0.62,0.5455211186358385,0.3277380604099207,0.12674082095424083
0.64,0.5455211186358385,0.3277380604099207,0.12674082095424083
0.66,0.5455211186358385,0.3277380604099207,0.12674082095424083
0.68,0.5455211186358385,0.3277380604099207,0.12674082095424083
0.7000000000000001,0.5455211186358385,0.3277380604099207,0.12674082095424083
0.72,0.5455211186358385,0.3277380604099207,0.12674082095424083
0.74,0.5455211186358385,0.3277380604099207,0.12674082095424083
0.76,0.5455211186358385,0.3277380604099207,0.12674082095424083
0.78,0.5455211186358385,0.3277380604099207,0.12674082095424083
0.8,0.5455211186358385,0.3277380604099207,0.12674082095424083
0.8200000000000001,0.5455211186358385,0.3277380604099207,0.12674082095424083
0.84,0.5455211186358385,0.3277380604099207,0.12674082095424083
0.86,0.5455211186358385,0.3277380604099207,0.12674082095424083
0.88,0.5455211186358385,0.3277380604099207,0.12674082095424083
0.9,0.5455211186358385,0.3277380604099207,0.12674082095424083
0.92,0.5455211186358385,0.3277380604099207,0.12674082095424083
0.9400000000000001,0.5455211186358385,0.3277380604099207,0.12674082095424083
0.96,0.5455211186358385,0.3277380604099207,0.12674082095424083
0.98,0.5455211186358385,0.3277380604099207,0.12674082095424083
1.0,0.5455211186358385,0.3277380604099207,0.12674082095424083
