fraction_of_volc,OH,H2O2,TMI
0.0,0.9044939794823034,0.0508239661062388,0.04468205441145781
0.02,0.9044939794823034,0.0508239661062388,0.04468205441145781
0.04,0.9044939794823034,0.0508239661062388,0.04468205441145781
0.06,0.9044939794823034,0.0508239661062388,0.04468205441145781
0.08,0.9044939794823034,0.0508239661062388,0.04468205441145781
0.1,0.9044939794823034,0.0508239661062388,0.04468205441145781
0.12,0.9044939794823034,0.0508239661062388,0.04468205441145781
0.14,0.9044939794823034,0.0508239661062388,0.04468205441145781
0.16,0.9044939794823034,0.0508239661062388,0.04468205441145781
0.18,0.9044939794823034,0.0508239661062388,0.04468205441145781
0.2,0.9044939794823034,0.0508239661062388,0.04468205441145781
0.22,0.9044939794823034,0.0508239661062388,0.04468205441145781
0.24,0.9044939794823034,0.0508239661062388,0.04468205441145781
0.26,0.9044939794823034,0.0508239661062388,0.04468205441145781
0.28,0.9044939794823034,0.0508239661062388,0.04468205441145781
0.3,0.9044939794823034,0.0508239661062388,0.04468205441145781
0.32,0.9044939794823034,0.0508239661062388,0.04468205441145781
0.34,0.9044939794823034,0.0508239661062388,0.04468205441145781
0.36,0.9044939794823034,0.0508239661062388,0.04468205441145781
0.38,0.9044939794823034,0.0508239661062388,0.04468205441145781
0.4,0.9044939794823034,0.0508239661062388,0.04468205441145781
0.42,0.8550765257662771,0.05778342539075394,0.0871400488429689
0.44,0.805659072050251,0.06474288467526908,0.12959804327448
0.46,0.7562416183342248,0.07170234395978423,0.17205603770599107
0.48,0.7068241646181985,0.07866180324429936,0.21451403213750217
0.5,0.6574067109021723,0.0856212625288145,0.2569720265690133
0.52,0.607989257186146,0.09258072181332963,0.2994300210005243
0.54,0.5585718034701199,0.09954018109784477,0.3418880154320354
0.56,0.5091543497540937,0.10649964038235991,0.3843460098635465
0.58,0.45973689603806744,0.11345909966687506,0.4268040042950576
0.6,0.41031944232204126,0.1204185589513902,0.4692619987265687
0.62,0.3609019886060151,0.12737801823590533,0.5117199931580798
0.64,0.31148453488998884,0.13433747752042047,0.5541779875895908
0.66,0.2620670811739626,0.1412969368049356,0.5966359820211019
0.68,0.2620670811739626,0.1412969368049356,0.5966359820211019
0.7000000000000001,0.2620670811739626,0.1412969368049356,0.5966359820211019
0.72,0.2620670811739626,0.1412969368049356,0.5966359820211019
0.74,0.2620670811739626,0.1412969368049356,0.5966359820211019
0.76,0.2620670811739626,0.1412969368049356,0.5966359820211019
0.78,0.2620670811739626,0.1412969368049356,0.5966359820211019
0.8,0.2620670811739626,0.1412969368049356,0.5966359820211019
0.8200000000000001,0.2620670811739626,0.1412969368049356,0.5966359820211019
0.84,0.2620670811739626,0.1412969368049356,0.5966359820211019
0.86,0.2620670811739626,0.1412969368049356,0.5966359820211019
0.88,0.2620670811739626,0.1412969368049356,0.5966359820211019
0.9,0.2620670811739626,0.1412969368049356,0.5966359820211019
0.92,0.2620670811739626,0.1412969368049356,0.5966359820211019
0.9400000000000001,0.2620670811739626,0.1412969368049356,0.5966359820211019
0.96,0.2620670811739626,0.1412969368049356,0.5966359820211019
0.98,0.2620670811739626,0.1412969368049356,0.5966359820211019
1.0,0.2620670811739626,0.1412969368049356,0.5966359820211019
