fraction_of_volc,OH,H2O2,TMI
0.0,0.8937755059573094,0.015733356761222027,0.09049113728146853
0.02,0.8937755059573094,0.015733356761222027,0.09049113728146853
0.04,0.8937755059573094,0.015733356761222027,0.09049113728146853
0.06,0.8937755059573094,0.015733356761222027,0.09049113728146853
0.08,0.8937755059573094,0.015733356761222027,0.09049113728146853
0.1,0.8937755059573094,0.015733356761222027,0.09049113728146853
0.12,0.8937755059573094,0.015733356761222027,0.09049113728146853
0.14,0.8937755059573094,0.015733356761222027,0.09049113728146853
0.16,0.8937755059573094,0.015733356761222027,0.09049113728146853
0.18,0.8937755059573094,0.015733356761222027,0.09049113728146853
0.2,0.8937755059573094,0.015733356761222027,0.09049113728146853
0.22,0.8937755059573094,0.015733356761222027,0.09049113728146853
0.24,0.8937755059573094,0.015733356761222027,0.09049113728146853
0.26,0.8937755059573094,0.015733356761222027,0.09049113728146853
0.28,0.8937755059573094,0.015733356761222027,0.09049113728146853
0.3,0.8937755059573094,0.015733356761222027,0.09049113728146853
0.32,0.8937755059573094,0.015733356761222027,0.09049113728146853
0.34,0.8937755059573094,0.015733356761222027,0.09049113728146853
0.36,0.8937755059573094,0.015733356761222027,0.09049113728146853
0.38,0.8937755059573094,0.015733356761222027,0.09049113728146853
0.4,0.8937755059573094,0.015733356761222027,0.09049113728146853
0.42,0.8937755059573094,0.015733356761222027,0.09049113728146853
0.44,0.8647771834294171,0.026684658953007943,0.10853815761757492
0.46,0.8357788609015248,0.03763596114479387,0.1265851779536813
0.48,0.8067805383736325,0.04858726333657978,0.14463219828978768
0.5,0.7777822158457401,0.0595385655283657,0.16267921862589407
0.52,0.7487838933178479,0.07048986772015162,0.18072623896200046
0.54,0.7197855707899555,0.08144116991193753,0.19877325929810685
0.56,0.6907872482620633,0.09239247210372345,0.21682027963421324
0.58,0.6617889257341709,0.10334377429550937,0.23486729997031963
0.6,0.6327906032062787,0.11429507648729528,0.252914320306426
0.62,0.6037922806783864,0.1252463786790812,0.2709613406425324
0.64,0.574793958150494,0.13619768087086712,0.2890083609786388
0.66,0.5457956356226017,0.14714898306265306,0.30705538131474513
0.68,0.5167973130947094,0.15810028525443898,0.3251024016508515
0.7000000000000001,0.48779899056681714,0.1690515874462249,0.3431494219869579
0.72,0.45880066803892483,0.1800028896380108,0.3611964423230643
0.74,0.4298023455110325,0.19095419182979673,0.3792434626591707
0.76,0.4008040229831402,0.20190549402158264,0.3972904829952771
0.78,0.37180570045524797,0.21285679621336856,0.4153375033313835
0.8,0.3428073779273556,0.22380809840515448,0.43338452366748986
0.8200000000000001,0.31380905539946335,0.2347594005969404,0.45143154400359625
0.84,0.284810732871571,0.2457107027887263,0.46947856433970264
0.86,0.25581241034367874,0.2566620049805122,0.48752558467580903
0.88,0.22681408781578638,0.26761330717229814,0.5055726050119155
0.9,0.19781576528789413,0.27856460936408406,0.5236196253480218
0.92,0.16881744276000182,0.28951591155587,0.5416666456841281
0.9400000000000001,0.16881744276000182,0.28951591155587,0.5416666456841281
0.96,0.16881744276000182,0.28951591155587,0.5416666456841281
0.98,0.16881744276000182,0.28951591155587,0.5416666456841281
1.0,0.16881744276000182,0.28951591155587,0.5416666456841281
