fraction_of_volc,OH,H2O2,TMI
0.0,0.5182736466893954,0.27997303109460714,0.20175332221599754
0.02,0.5182736466893954,0.27997303109460714,0.20175332221599754
0.04,0.5182736466893954,0.27997303109460714,0.20175332221599754
0.06,0.5182736466893954,0.27997303109460714,0.20175332221599754
0.08,0.5182736466893954,0.27997303109460714,0.20175332221599754
0.1,0.5182736466893954,0.27997303109460714,0.20175332221599754
0.12,0.5182736466893954,0.27997303109460714,0.20175332221599754
0.14,0.5182736466893954,0.27997303109460714,0.20175332221599754
0.16,0.5182736466893954,0.27997303109460714,0.20175332221599754
0.18,0.5182736466893954,0.27997303109460714,0.20175332221599754
0.2,0.5182736466893954,0.27997303109460714,0.20175332221599754
0.22,0.5182736466893954,0.27997303109460714,0.20175332221599754
0.24,0.5182736466893954,0.27997303109460714,0.20175332221599754
0.26,0.5182736466893954,0.27997303109460714,0.20175332221599754
0.28,0.5182736466893954,0.27997303109460714,0.20175332221599754
0.3,0.5182736466893954,0.27997303109460714,0.20175332221599754
0.32,0.5182736466893954,0.27997303109460714,0.20175332221599754
0.34,0.5182736466893954,0.27997303109460714,0.20175332221599754
0.36,0.5182736466893954,0.27997303109460714,0.20175332221599754
0.38,0.5182736466893954,0.27997303109460714,0.20175332221599754
0.4,0.5182736466893954,0.27997303109460714,0.20175332221599754
0.42,0.4706193078884311,0.2681209648682275,0.2612597272433414
0.44,0.4229649690874669,0.2562688986418478,0.3207661322706853
0.46,0.3753106302865027,0.2444168324154682,0.3802725372980291
0.48,0.32765629148553843,0.23256476618908856,0.439778942325373
0.5,0.2800019526845742,0.2207126999627089,0.4992853473527169
0.52,0.23234761388360997,0.20886063373632924,0.5587917523800607
0.54,0.18469327508264577,0.1970085675099496,0.6182981574074046
0.56,0.1370389362816815,0.18515650128356995,0.6778045624347485
0.58,0.08938459748071725,0.1733044350571903,0.7373109674620923
0.6,0.04173025867975305,0.16145236883081066,0.7968173724894362
0.62,0.04173025867975305,0.16145236883081066,0.7968173724894362
0.64,0.04173025867975305,0.16145236883081066,0.7968173724894362
0.66,0.04173025867975305,0.16145236883081066,0.7968173724894362
0.68,0.04173025867975305,0.16145236883081066,0.7968173724894362
0.7000000000000001,0.04173025867975305,0.16145236883081066,0.7968173724894362
0.72,0.04173025867975305,0.16145236883081066,0.7968173724894362
0.74,0.04173025867975305,0.16145236883081066,0.7968173724894362
0.76,0.04173025867975305,0.16145236883081066,0.7968173724894362
0.78,0.04173025867975305,0.16145236883081066,0.7968173724894362
0.8,0.04173025867975305,0.16145236883081066,0.7968173724894362
0.8200000000000001,0.04173025867975305,0.16145236883081066,0.7968173724894362
0.84,0.04173025867975305,0.16145236883081066,0.7968173724894362
0.86,0.04173025867975305,0.16145236883081066,0.7968173724894362
0.88,0.04173025867975305,0.16145236883081066,0.7968173724894362
0.9,0.04173025867975305,0.16145236883081066,0.7968173724894362
0.92,0.04173025867975305,0.16145236883081066,0.7968173724894362
0.9400000000000001,0.04173025867975305,0.16145236883081066,0.7968173724894362
0.96,0.04173025867975305,0.16145236883081066,0.7968173724894362
0.98,0.04173025867975305,0.16145236883081066,0.7968173724894362
1.0,0.04173025867975305,0.16145236883081066,0.7968173724894362
