fraction_of_volc,OH,H2O2,TMI
0.0,0.0930727409741399,0.20331214476807566,0.7036151142577846
0.02,0.0930727409741399,0.20331214476807566,0.7036151142577846
0.04,0.0930727409741399,0.20331214476807566,0.7036151142577846
0.06,0.10274008270236648,0.20924751877026307,0.6880123985273705
0.08,0.11240742443059308,0.2151828927724505,0.6724096827969566
0.1,0.12207476615881967,0.22111826677463792,0.6568069670665425
0.12,0.13174210788704627,0.22705364077682536,0.6412042513361285
0.14,0.14140944961527285,0.23298901477901277,0.6256015356057145
0.16,0.15107679134349944,0.2389243887812002,0.6099988198753005
0.18,0.16074413307172603,0.2448597627833876,0.5943961041448864
0.2,0.1704114747999526,0.250795136785575,0.5787933884144725
0.22,0.1800788165281792,0.2567305107877625,0.5631906726840584
0.24,0.1897461582564058,0.2626658847899499,0.5475879569536444
0.26,0.1994134999846324,0.2686012587921373,0.5319852412232304
0.28,0.20908084171285898,0.2745366327943247,0.5163825254928164
0.3,0.21874818344108557,0.2804720067965122,0.5007798097624023
0.32,0.22841552516931218,0.2864073807986996,0.4851770940319884
0.34,0.23808286689753877,0.292342754800887,0.46957437830157434
0.36,0.24775020862576536,0.2982781288030744,0.45397166257116034
0.38,0.25741755035399194,0.3042135028052618,0.43836894684074634
0.4,0.26708489208221853,0.3101488768074493,0.4227662311103323
0.42,0.2767522338104451,0.3160842508096367,0.4071635153799183
0.44,0.2864195755386717,0.3220196248118241,0.3915607996495043
0.46,0.2960869172668983,0.3279549988140116,0.37595808391909025
0.48,0.3057542589951249,0.33389037281619893,0.36035536818867625
0.5,0.31542160072335146,0.3398257468183864,0.34475265245826225
0.52,0.32508894245157804,0.3457611208205738,0.3291499367278482
0.54,0.3347562841798047,0.3516964948227612,0.3135472209974342
0.56,0.3444236259080312,0.3576318688249487,0.2979445052670202
0.58,0.3540909676362579,0.3635672428271361,0.2823417895366062
0.6,0.3637583093644845,0.3695026168293235,0.26673907380619216
0.62,0.3734256510927111,0.37543799083151097,0.25113635807577817
0.64,0.3830929928209377,0.3813733648336983,0.23553364234536417
0.66,0.39276033454916426,0.3873087388358858,0.21993092661495012
0.68,0.40242767627739084,0.3932441128380732,0.20432821088453612
0.7000000000000001,0.41209501800561743,0.3991794868402606,0.18872549515412207
0.72,0.421762359733844,0.4051148608424481,0.17312277942370813
0.74,0.4314297014620706,0.41105023484463543,0.15752006369329408
0.76,0.4410970431902972,0.4169856088468229,0.14191734796288002
0.78,0.4507643849185238,0.4229209828490103,0.12631463223246608
0.8,0.46043172664675036,0.4288563568511977,0.11071191650205203
0.8200000000000001,0.47009906837497695,0.4347917308533852,0.09510920077163798
0.84,0.47976641010320353,0.4407271048555726,0.07950648504122404
0.86,0.4894337518314301,0.44666247885776,0.06390376931080999
0.88,0.4991010935596567,0.45259785285994747,0.048301053580395936
0.9,0.5087684352878833,0.4585332268621348,0.032698337849981995
0.92,0.5184357770161099,0.46446860086432223,0.017095622119567964
0.9400000000000001,0.5184357770161099,0.46446860086432223,0.017095622119567964
0.96,0.5184357770161099,0.46446860086432223,0.017095622119567964
0.98,0.5184357770161099,0.46446860086432223,0.017095622119567964
1.0,0.5184357770161099,0.46446860086432223,0.017095622119567964
