fraction_of_volc,OH,H2O2,TMI
0.0,0.5516645117709366,0.3589081558769412,0.08942733235212222
0.02,0.5516645117709366,0.3589081558769412,0.08942733235212222
0.04,0.5516645117709366,0.3589081558769412,0.08942733235212222
0.06,0.5399240755364205,0.34613179707808756,0.11394412738549187
0.08,0.5281836393019046,0.3333554382792339,0.1384609224188615
0.1,0.5164432030673886,0.3205790794803803,0.16297771745223114
0.12,0.5047027668328725,0.30780272068152664,0.18749451248560078
0.14,0.4929623305983566,0.29502636188267295,0.21201130751897043
0.16,0.48122189436384055,0.2822500030838193,0.23652810255234005
0.18,0.46948145812932457,0.2694736442849657,0.2610448975857097
0.2,0.4577410218948086,0.25669728548611204,0.2855616926190794
0.22,0.44600058566029255,0.2439209266872584,0.310078487652449
0.24,0.43426014942577656,0.23114456788840476,0.3345952826858186
0.26,0.4225197131912606,0.21836820908955112,0.3591120777191883
0.28,0.41077927695674454,0.2055918502906975,0.38362887275255786
0.3,0.39903884072222856,0.19281549149184385,0.40814566778592754
0.32,0.3872984044877126,0.18003913269299018,0.4326624628192972
0.34,0.37555796825319654,0.16726277389413655,0.4571792578526669
0.36,0.36381753201868056,0.1544864150952829,0.48169605288603645
0.38,0.3520770957841646,0.14171005629642927,0.5062128479194061
0.4,0.34033665954964853,0.12893369749757563,0.5307296429527758
0.42,0.32859622331513255,0.11615733869872197,0.5552464379861454
0.44,0.31685578708061657,0.10338097989986833,0.579763233019515
0.46,0.30511535084610053,0.09060462110101469,0.6042800280528846
0.48,0.29337491461158455,0.07782826230216106,0.6287968230862543
0.5,0.28163447837706856,0.06505190350330742,0.653313618119624
0.52,0.28163447837706856,0.06505190350330742,0.653313618119624
0.54,0.28163447837706856,0.06505190350330742,0.653313618119624
0.56,0.28163447837706856,0.06505190350330742,0.653313618119624
0.58,0.28163447837706856,0.06505190350330742,0.653313618119624
0.6,0.28163447837706856,0.06505190350330742,0.653313618119624
0.62,0.28163447837706856,0.06505190350330742,0.653313618119624
0.64,0.28163447837706856,0.06505190350330742,0.653313618119624
0.66,0.28163447837706856,0.06505190350330742,0.653313618119624
0.68,0.28163447837706856,0.06505190350330742,0.653313618119624
0.7000000000000001,0.28163447837706856,0.06505190350330742,0.653313618119624
0.72,0.28163447837706856,0.06505190350330742,0.653313618119624
0.74,0.28163447837706856,0.06505190350330742,0.653313618119624
0.76,0.28163447837706856,0.06505190350330742,0.653313618119624
0.78,0.28163447837706856,0.06505190350330742,0.653313618119624
0.8,0.28163447837706856,0.06505190350330742,0.653313618119624
0.8200000000000001,0.28163447837706856,0.06505190350330742,0.653313618119624
0.84,0.28163447837706856,0.06505190350330742,0.653313618119624
0.86,0.28163447837706856,0.06505190350330742,0.653313618119624
0.88,0.28163447837706856,0.06505190350330742,0.653313618119624
0.9,0.28163447837706856,0.06505190350330742,0.653313618119624
0.92,0.28163447837706856,0.06505190350330742,0.653313618119624
0.9400000000000001,0.28163447837706856,0.06505190350330742,0.653313618119624
0.96,0.28163447837706856,0.06505190350330742,0.653313618119624
0.98,0.28163447837706856,0.06505190350330742,0.653313618119624
1.0,0.28163447837706856,0.06505190350330742,0.653313618119624
