fraction_of_volc,OH,H2O2,TMI
0.0,0.6884939517904322,0.041414823896026465,0.2700912243135413
0.02,0.6884939517904322,0.041414823896026465,0.2700912243135413
0.04,0.6884939517904322,0.041414823896026465,0.2700912243135413
0.06,0.6884939517904322,0.041414823896026465,0.2700912243135413
0.08,0.6884939517904322,0.041414823896026465,0.2700912243135413
0.1,0.6884939517904322,0.041414823896026465,0.2700912243135413
0.12,0.6884939517904322,0.041414823896026465,0.2700912243135413
0.14,0.6884939517904322,0.041414823896026465,0.2700912243135413
0.16,0.6884939517904322,0.041414823896026465,0.2700912243135413
0.18,0.6884939517904322,0.041414823896026465,0.2700912243135413
0.2,0.6884939517904322,0.041414823896026465,0.2700912243135413
0.22,0.6884939517904322,0.041414823896026465,0.2700912243135413
0.24,0.6884939517904322,0.041414823896026465,0.2700912243135413
0.26,0.6884939517904322,0.041414823896026465,0.2700912243135413
0.28,0.6884939517904322,0.041414823896026465,0.2700912243135413
0.3,0.6884939517904322,0.041414823896026465,0.2700912243135413
0.32,0.6777040865433103,0.07088453390370351,0.2514113795529861
0.34,0.6669142212961885,0.10035424391138056,0.23273153479243092
0.36,0.6561243560490666,0.12982395391905763,0.21405169003187569
0.38,0.6453344908019448,0.15929366392673466,0.1953718452713205
0.4,0.6345446255548229,0.18876337393441173,0.17669200051076528
0.42,0.6237547603077012,0.2182330839420888,0.15801215575021008
0.44,0.6129648950605793,0.24770279394976583,0.13933231098965487
0.46,0.6021750298134575,0.27717250395744286,0.12065246622909967
0.48,0.5913851645663356,0.3066422139651199,0.10197262146854447
0.5,0.5805952993192138,0.336111923972797,0.08329277670798926
0.52,0.5698054340720919,0.36558163398047405,0.06461293194743405
0.54,0.5698054340720919,0.36558163398047405,0.06461293194743405
0.56,0.5698054340720919,0.36558163398047405,0.06461293194743405
0.58,0.5698054340720919,0.36558163398047405,0.06461293194743405
0.6,0.5698054340720919,0.36558163398047405,0.06461293194743405
0.62,0.5698054340720919,0.36558163398047405,0.06461293194743405
0.64,0.5698054340720919,0.36558163398047405,0.06461293194743405
0.66,0.5698054340720919,0.36558163398047405,0.06461293194743405
0.68,0.5698054340720919,0.36558163398047405,0.06461293194743405
0.7000000000000001,0.5698054340720919,0.36558163398047405,0.06461293194743405
0.72,0.5698054340720919,0.36558163398047405,0.06461293194743405
0.74,0.5698054340720919,0.36558163398047405,0.06461293194743405
0.76,0.5698054340720919,0.36558163398047405,0.06461293194743405
0.78,0.5698054340720919,0.36558163398047405,0.06461293194743405
0.8,0.5698054340720919,0.36558163398047405,0.06461293194743405
0.8200000000000001,0.5698054340720919,0.36558163398047405,0.06461293194743405
0.84,0.5698054340720919,0.36558163398047405,0.06461293194743405
0.86,0.5698054340720919,0.36558163398047405,0.06461293194743405
0.88,0.5698054340720919,0.36558163398047405,0.06461293194743405
0.9,0.5698054340720919,0.36558163398047405,0.06461293194743405
0.92,0.5698054340720919,0.36558163398047405,0.06461293194743405
0.9400000000000001,0.5698054340720919,0.36558163398047405,0.06461293194743405
0.96,0.5698054340720919,0.36558163398047405,0.06461293194743405
0.98,0.5698054340720919,0.36558163398047405,0.06461293194743405
1.0,0.5698054340720919,0.36558163398047405,0.06461293194743405
