fraction_of_volc,OH,H2O2,TMI
0.0,0.2885990248183783,0.15794852933134984,0.5534524458502719
0.02,0.2885990248183783,0.15794852933134984,0.5534524458502719
0.04,0.2885990248183783,0.15794852933134984,0.5534524458502719
0.06,0.2885990248183783,0.15794852933134984,0.5534524458502719
0.08,0.2885990248183783,0.15794852933134984,0.5534524458502719
0.1,0.2885990248183783,0.15794852933134984,0.5534524458502719
0.12,0.2885990248183783,0.15794852933134984,0.5534524458502719
0.14,0.2885990248183783,0.15794852933134984,0.5534524458502719
0.16,0.2885990248183783,0.15794852933134984,0.5534524458502719
0.18,0.2885990248183783,0.15794852933134984,0.5534524458502719
0.2,0.2885990248183783,0.15794852933134984,0.5534524458502719
0.22,0.2885990248183783,0.15794852933134984,0.5534524458502719
0.24,0.2885990248183783,0.15794852933134984,0.5534524458502719
0.26,0.2885990248183783,0.15794852933134984,0.5534524458502719
0.28,0.2885990248183783,0.15794852933134984,0.5534524458502719
0.3,0.2885990248183783,0.15794852933134984,0.5534524458502719
0.32,0.2885990248183783,0.15794852933134984,0.5534524458502719
0.34,0.2885990248183783,0.15794852933134984,0.5534524458502719
0.36,0.2885990248183783,0.15794852933134984,0.5534524458502719
0.38,0.2885990248183783,0.15794852933134984,0.5534524458502719
0.4,0.2885990248183783,0.15794852933134984,0.5534524458502719
0.42,0.2885990248183783,0.15794852933134984,0.5534524458502719
0.44,0.2885990248183783,0.15794852933134984,0.5534524458502719
0.46,0.2885990248183783,0.15794852933134984,0.5534524458502719
0.48,0.2885990248183783,0.15794852933134984,0.5534524458502719
0.5,0.2885990248183783,0.15794852933134984,0.5534524458502719
0.52,0.2885990248183783,0.15794852933134984,0.5534524458502719
0.54,0.2885990248183783,0.15794852933134984,0.5534524458502719
0.56,0.2885990248183783,0.15794852933134984,0.5534524458502719
0.58,0.2885990248183783,0.15794852933134984,0.5534524458502719
0.6,0.2885990248183783,0.15794852933134984,0.5534524458502719
0.62,0.2885990248183783,0.15794852933134984,0.5534524458502719
0.64,0.2885990248183783,0.15794852933134984,0.5534524458502719
0.66,0.2885990248183783,0.15794852933134984,0.5534524458502719
0.68,0.2885990248183783,0.15794852933134984,0.5534524458502719
0.7000000000000001,0.2885990248183783,0.15794852933134984,0.5534524458502719
0.72,0.2885990248183783,0.15794852933134984,0.5534524458502719
0.74,0.2885990248183783,0.15794852933134984,0.5534524458502719
0.76,0.2872667165960305,0.1879056227806719,0.5248276606232976
0.78,0.28593440837368267,0.217862716229994,0.49620287539632335
0.8,0.28460210015133486,0.2478198096793161,0.46757809016934904
0.8200000000000001,0.28326979192898705,0.2777769031286382,0.4389533049423748
0.84,0.2819374837066393,0.30773399657796024,0.4103285197154005
0.86,0.2806051754842915,0.33769109002728237,0.3817037344884262
0.88,0.27927286726194367,0.36764818347660444,0.35307894926145195
0.9,0.27794055903959586,0.3976052769259265,0.3244541640344777
0.92,0.27660825081724805,0.4275623703752486,0.29582937880750343
0.9400000000000001,0.27660825081724805,0.4275623703752486,0.29582937880750343
0.96,0.27660825081724805,0.4275623703752486,0.29582937880750343
0.98,0.27660825081724805,0.4275623703752486,0.29582937880750343
1.0,0.27660825081724805,0.4275623703752486,0.29582937880750343
