fraction_of_volc,OH,H2O2,TMI
0.0,0.4974461564012745,0.26368841610734356,0.2388654274913819
0.02,0.4974461564012745,0.26368841610734356,0.2388654274913819
0.04,0.4974461564012745,0.26368841610734356,0.2388654274913819
0.06,0.4974461564012745,0.26368841610734356,0.2388654274913819
0.08,0.4974461564012745,0.26368841610734356,0.2388654274913819
0.1,0.4974461564012745,0.26368841610734356,0.2388654274913819
0.12,0.4974461564012745,0.26368841610734356,0.2388654274913819
0.14,0.4974461564012745,0.26368841610734356,0.2388654274913819
0.16,0.4974461564012745,0.26368841610734356,0.2388654274913819
0.18,0.4974461564012745,0.26368841610734356,0.2388654274913819
0.2,0.4939928376348231,0.2801761738860192,0.2258309884791577
0.22,0.4905395188683717,0.29666393166469474,0.21279654946693347
0.24,0.48708620010192033,0.31315168944337035,0.19976211045470926
0.26,0.48363288133546894,0.32963944722204597,0.18672767144248503
0.28,0.48017956256901756,0.3461272050007216,0.17369323243026083
0.3,0.4767262438025662,0.3626149627793972,0.16065879341803663
0.32,0.4732729250361148,0.37910272055807276,0.1476243544058124
0.34,0.4698196062696634,0.3955904783367484,0.13458991539358817
0.36,0.466366287503212,0.412078236115424,0.12155547638136396
0.38,0.46291296873676063,0.42856599389409955,0.10852103736913976
0.4,0.45945964997030925,0.44505375167277517,0.09548659835691553
0.42,0.45600633120385786,0.4615415094514508,0.08245215934469133
0.44,0.4525530124374065,0.4780292672301264,0.0694177203324671
0.46,0.4490996936709551,0.494517025008802,0.056383281320242895
0.48,0.4456463749045037,0.5110047827874775,0.043348842308018665
0.5,0.4421930561380523,0.5274925405661532,0.030314403295794462
0.52,0.43873973737160094,0.5439802983448287,0.01727996428357026
0.54,0.43528641860514955,0.5604680561235044,0.00424552527134602
0.56,0.43528641860514955,0.5604680561235044,0.00424552527134602
0.58,0.43528641860514955,0.5604680561235044,0.00424552527134602
0.6,0.43528641860514955,0.5604680561235044,0.00424552527134602
0.62,0.43528641860514955,0.5604680561235044,0.00424552527134602
0.64,0.43528641860514955,0.5604680561235044,0.00424552527134602
0.66,0.43528641860514955,0.5604680561235044,0.00424552527134602
0.68,0.43528641860514955,0.5604680561235044,0.00424552527134602
0.7000000000000001,0.43528641860514955,0.5604680561235044,0.00424552527134602
0.72,0.43528641860514955,0.5604680561235044,0.00424552527134602
0.74,0.43528641860514955,0.5604680561235044,0.00424552527134602
0.76,0.43528641860514955,0.5604680561235044,0.00424552527134602
0.78,0.43528641860514955,0.5604680561235044,0.00424552527134602
0.8,0.43528641860514955,0.5604680561235044,0.00424552527134602
0.8200000000000001,0.43528641860514955,0.5604680561235044,0.00424552527134602
0.84,0.43528641860514955,0.5604680561235044,0.00424552527134602
0.86,0.43528641860514955,0.5604680561235044,0.00424552527134602
0.88,0.43528641860514955,0.5604680561235044,0.00424552527134602
0.9,0.43528641860514955,0.5604680561235044,0.00424552527134602
0.92,0.43528641860514955,0.5604680561235044,0.00424552527134602
0.9400000000000001,0.43528641860514955,0.5604680561235044,0.00424552527134602
0.96,0.43528641860514955,0.5604680561235044,0.00424552527134602
0.98,0.43528641860514955,0.5604680561235044,0.00424552527134602
1.0,0.43528641860514955,0.5604680561235044,0.00424552527134602
