fraction_of_volc,OH,H2O2,TMI
0.0,0.5353924413411191,0.4181556211829987,0.046451937475882235
0.02,0.5353924413411191,0.4181556211829987,0.046451937475882235
0.04,0.5353924413411191,0.4181556211829987,0.046451937475882235
0.06,0.5353924413411191,0.4181556211829987,0.046451937475882235
0.08,0.5353924413411191,0.4181556211829987,0.046451937475882235
0.1,0.5353924413411191,0.4181556211829987,0.046451937475882235
0.12,0.5353924413411191,0.4181556211829987,0.046451937475882235
0.14,0.5353924413411191,0.4181556211829987,0.046451937475882235
0.16,0.5353924413411191,0.4181556211829987,0.046451937475882235
0.18,0.5353924413411191,0.4181556211829987,0.046451937475882235
0.2,0.5353924413411191,0.4181556211829987,0.046451937475882235
0.22,0.5353924413411191,0.4181556211829987,0.046451937475882235
0.24,0.5353924413411191,0.4181556211829987,0.046451937475882235
0.26,0.5353924413411191,0.4181556211829987,0.046451937475882235
0.28,0.5353924413411191,0.4181556211829987,0.046451937475882235
0.3,0.5353924413411191,0.4181556211829987,0.046451937475882235
0.32,0.5353924413411191,0.4181556211829987,0.046451937475882235
0.34,0.5353924413411191,0.4181556211829987,0.046451937475882235
0.36,0.5353924413411191,0.4181556211829987,0.046451937475882235
0.38,0.5353924413411191,0.4181556211829987,0.046451937475882235
0.4,0.5353924413411191,0.4181556211829987,0.046451937475882235
0.42,0.5353924413411191,0.4181556211829987,0.046451937475882235
0.44,0.5353924413411191,0.4181556211829987,0.046451937475882235
0.46,0.5353924413411191,0.4181556211829987,0.046451937475882235
0.48,0.5353924413411191,0.4181556211829987,0.046451937475882235
0.5,0.5353924413411191,0.4181556211829987,0.046451937475882235
0.52,0.5353924413411191,0.4181556211829987,0.046451937475882235
0.54,0.5353924413411191,0.4181556211829987,0.046451937475882235
0.56,0.5353924413411191,0.4181556211829987,0.046451937475882235
0.58,0.5353924413411191,0.4181556211829987,0.046451937475882235
0.6,0.5353924413411191,0.4181556211829987,0.046451937475882235
0.62,0.5353924413411191,0.4181556211829987,0.046451937475882235
0.64,0.5353924413411191,0.4181556211829987,0.046451937475882235
0.66,0.5353924413411191,0.4181556211829987,0.046451937475882235
0.68,0.5353924413411191,0.4181556211829987,0.046451937475882235
0.7000000000000001,0.49944041971666503,0.4374608282320678,0.06309875205126719
0.72,0.463488398092211,0.45676603528113685,0.07974556662665215
0.74,0.42753637646775694,0.4760712423302059,0.09639238120203711
0.76,0.3915843548433029,0.49537644937927505,0.11303919577742207
0.78,0.35563233321884885,0.5146816564283441,0.12968601035280702
0.8,0.3196803115943948,0.5339868634774132,0.146332824928192
0.8200000000000001,0.28372828996994076,0.5532920705264823,0.16297963950357694
0.84,0.24777626834548672,0.5725972775755513,0.17962645407896188
0.86,0.21182424672103267,0.5919024846246205,0.19627326865434686
0.88,0.17587222509657863,0.6112076916736895,0.21292008322973183
0.9,0.13992020347212458,0.6305128987227586,0.22956689780511677
0.92,0.13992020347212458,0.6305128987227586,0.22956689780511677
0.9400000000000001,0.13992020347212458,0.6305128987227586,0.22956689780511677
0.96,0.13992020347212458,0.6305128987227586,0.22956689780511677
0.98,0.13992020347212458,0.6305128987227586,0.22956689780511677
1.0,0.13992020347212458,0.6305128987227586,0.22956689780511677
