fraction_of_volc,OH,H2O2,TMI
0.0,0.9419777589220342,0.030395725566936534,0.027626515511029234
0.02,0.9419777589220342,0.030395725566936534,0.027626515511029234
0.04,0.9419777589220342,0.030395725566936534,0.027626515511029234
0.06,0.9419777589220342,0.030395725566936534,0.027626515511029234
0.08,0.9419777589220342,0.030395725566936534,0.027626515511029234
0.1,0.9419777589220342,0.030395725566936534,0.027626515511029234
0.12,0.9419777589220342,0.030395725566936534,0.027626515511029234
0.14,0.9419777589220342,0.030395725566936534,0.027626515511029234
0.16,0.9419777589220342,0.030395725566936534,0.027626515511029234
0.18,0.9419777589220342,0.030395725566936534,0.027626515511029234
0.2,0.9419777589220342,0.030395725566936534,0.027626515511029234
0.22,0.9419777589220342,0.030395725566936534,0.027626515511029234
0.24,0.9419777589220342,0.030395725566936534,0.027626515511029234
0.26,0.9419777589220342,0.030395725566936534,0.027626515511029234
0.28,0.9419777589220342,0.030395725566936534,0.027626515511029234
0.3,0.9419777589220342,0.030395725566936534,0.027626515511029234
0.32,0.9419777589220342,0.030395725566936534,0.027626515511029234
0.34,0.9419777589220342,0.030395725566936534,0.027626515511029234
0.36,0.9419777589220342,0.030395725566936534,0.027626515511029234
0.38,0.9419777589220342,0.030395725566936534,0.027626515511029234
0.4,0.9419777589220342,0.030395725566936534,0.027626515511029234
0.42,0.9419777589220342,0.030395725566936534,0.027626515511029234
0.44,0.9419777589220342,0.030395725566936534,0.027626515511029234
0.46,0.9419777589220342,0.030395725566936534,0.027626515511029234
0.48,0.9419777589220342,0.030395725566936534,0.027626515511029234
0.5,0.9419777589220342,0.030395725566936534,0.027626515511029234
0.52,0.9419777589220342,0.030395725566936534,0.027626515511029234
0.54,0.9419777589220342,0.030395725566936534,0.027626515511029234
0.56,0.8974727813879891,0.03660726569074266,0.06591995292126819
0.58,0.852967803853944,0.042818805814548784,0.10421339033150714
0.6,0.808462826319899,0.04903034593835491,0.14250682774174608
0.62,0.7639578487858538,0.05524188606216103,0.18080026515198505
0.64,0.7194528712518088,0.061453426185967164,0.219093702562224
0.66,0.6749478937177638,0.06766496630977328,0.25738713997246293
0.68,0.6304429161837186,0.0738765064335794,0.2956805773827019
0.7000000000000001,0.5859379386496736,0.08008804655738554,0.33397401479294087
0.72,0.5414329611156286,0.08629958668119166,0.3722674522031798
0.74,0.4969279835815834,0.09251112680499779,0.41056088961341874
0.76,0.4524230060475384,0.09872266692880391,0.44885432702365774
0.78,0.40791802851349335,0.10493420705261003,0.4871477644338967
0.8,0.3634130509794482,0.11114574717641616,0.5254412018441356
0.8200000000000001,0.3189080734454032,0.11735728730022228,0.5637346392543746
0.84,0.27440309591135803,0.12356882742402842,0.6020280766646136
0.86,0.229898118377313,0.12978036754783454,0.6403215140748525
0.88,0.18539314084326797,0.13599190767164065,0.6786149514850914
0.9,0.14088816330922282,0.14220344779544677,0.7169083888953304
0.92,0.0963831857751778,0.1484149879192529,0.7552018263055693
0.9400000000000001,0.05187820824113276,0.15462652804305904,0.7934952637158083
0.96,0.05187820824113276,0.15462652804305904,0.7934952637158083
0.98,0.05187820824113276,0.15462652804305904,0.7934952637158083
1.0,0.05187820824113276,0.15462652804305904,0.7934952637158083
