fraction_of_volc,OH,H2O2,TMI
0.0,0.7235107808458451,0.22621306255919157,0.05027615659496347
0.02,0.7235107808458451,0.22621306255919157,0.05027615659496347
0.04,0.7235107808458451,0.22621306255919157,0.05027615659496347
0.06,0.7235107808458451,0.22621306255919157,0.05027615659496347
0.08,0.7235107808458451,0.22621306255919157,0.05027615659496347
0.1,0.7235107808458451,0.22621306255919157,0.05027615659496347
0.12,0.7235107808458451,0.22621306255919157,0.05027615659496347
0.14,0.7235107808458451,0.22621306255919157,0.05027615659496347
0.16,0.7235107808458451,0.22621306255919157,0.05027615659496347
0.18,0.7235107808458451,0.22621306255919157,0.05027615659496347
0.2,0.7235107808458451,0.22621306255919157,0.05027615659496347
0.22,0.7235107808458451,0.22621306255919157,0.05027615659496347
0.24,0.7235107808458451,0.22621306255919157,0.05027615659496347
0.26,0.6896340911014043,0.24250944713937983,0.06785646175921603
0.28,0.6557574013569635,0.25880583171956806,0.08543676692346858
0.3,0.6218807116125227,0.2751022162997563,0.10301707208772114
0.32,0.5880040218680819,0.2913986008799445,0.1205973772519737
0.34,0.5541273321236411,0.3076949854601328,0.13817768241622624
0.36,0.5202506423792002,0.323991370040321,0.15575798758047882
0.38,0.4863739526347594,0.34028775462050925,0.17333829274473136
0.4,0.4524972628903186,0.35658413920069754,0.1909185979089839
0.42,0.4186205731458778,0.37288052378088576,0.20849890307323649
0.44,0.384743883401437,0.389176908361074,0.22607920823748906
0.46,0.3508671936569962,0.4054732929412622,0.24365951340174158
0.48,0.31699050391255534,0.42176967752145045,0.26123981856599415
0.5,0.28311381416811454,0.4380660621016387,0.2788201237302467
0.52,0.24923712442367374,0.45436244668182696,0.29640042889449925
0.54,0.21536043467923294,0.47065883126201524,0.3139807340587518
0.56,0.18148374493479213,0.48695521584220347,0.3315610392230044
0.58,0.14760705519035133,0.5032516004223917,0.34914134438725697
0.6,0.14760705519035133,0.5032516004223917,0.34914134438725697
0.62,0.14760705519035133,0.5032516004223917,0.34914134438725697
0.64,0.14760705519035133,0.5032516004223917,0.34914134438725697
0.66,0.14760705519035133,0.5032516004223917,0.34914134438725697
0.68,0.14760705519035133,0.5032516004223917,0.34914134438725697
0.7000000000000001,0.14760705519035133,0.5032516004223917,0.34914134438725697
0.72,0.14760705519035133,0.5032516004223917,0.34914134438725697
0.74,0.14760705519035133,0.5032516004223917,0.34914134438725697
0.76,0.14760705519035133,0.5032516004223917,0.34914134438725697
0.78,0.14760705519035133,0.5032516004223917,0.34914134438725697
0.8,0.14760705519035133,0.5032516004223917,0.34914134438725697
0.8200000000000001,0.14760705519035133,0.5032516004223917,0.34914134438725697
0.84,0.14760705519035133,0.5032516004223917,0.34914134438725697
0.86,0.14760705519035133,0.5032516004223917,0.34914134438725697
0.88,0.14760705519035133,0.5032516004223917,0.34914134438725697
0.9,0.14760705519035133,0.5032516004223917,0.34914134438725697
0.92,0.14760705519035133,0.5032516004223917,0.34914134438725697
0.9400000000000001,0.14760705519035133,0.5032516004223917,0.34914134438725697
0.96,0.14760705519035133,0.5032516004223917,0.34914134438725697
0.98,0.14760705519035133,0.5032516004223917,0.34914134438725697
1.0,0.14760705519035133,0.5032516004223917,0.34914134438725697
