fraction_of_volc,OH,H2O2,TMI
0.0,0.049312928231115556,0.8690243658742007,0.08166270589468387
0.02,0.049312928231115556,0.8690243658742007,0.08166270589468387
0.04,0.049312928231115556,0.8690243658742007,0.08166270589468387
0.06,0.049312928231115556,0.8690243658742007,0.08166270589468387
0.08,0.049312928231115556,0.8690243658742007,0.08166270589468387
0.1,0.06569360627118137,0.8438110305868282,0.09049536314199062
0.12,0.08207428431124718,0.8185976952994556,0.09932802038929739
0.14,0.09845496235131299,0.793384360012083,0.10816067763660414
0.16,0.11483564039137881,0.7681710247247104,0.1169933348839109
0.18,0.1312163184314446,0.7429576894373379,0.12582599213121765
0.2,0.14759699647151042,0.7177443541499653,0.1346586493785244
0.22,0.16397767451157624,0.6925310188625927,0.14349130662583118
0.24,0.18035835255164204,0.6673176835752201,0.15232396387313793
0.26,0.19673903059170786,0.6421043482878476,0.16115662112044468
0.28,0.21311970863177365,0.616891013000475,0.16998927836775146
0.3,0.22950038667183947,0.5916776777131024,0.17882193561505821
0.32,0.2458810647119053,0.5664643424257298,0.18765459286236497
0.34,0.2622617427519711,0.5412510071383573,0.19648725010967172
0.36,0.2786424207920369,0.5160376718509847,0.20531990735697847
0.38,0.2786424207920369,0.5160376718509847,0.20531990735697847
0.4,0.2786424207920369,0.5160376718509847,0.20531990735697847
0.42,0.2786424207920369,0.5160376718509847,0.20531990735697847
0.44,0.2786424207920369,0.5160376718509847,0.20531990735697847
0.46,0.2786424207920369,0.5160376718509847,0.20531990735697847
0.48,0.2786424207920369,0.5160376718509847,0.20531990735697847
0.5,0.2786424207920369,0.5160376718509847,0.20531990735697847
0.52,0.2786424207920369,0.5160376718509847,0.20531990735697847
0.54,0.2786424207920369,0.5160376718509847,0.20531990735697847
0.56,0.2786424207920369,0.5160376718509847,0.20531990735697847
0.58,0.2786424207920369,0.5160376718509847,0.20531990735697847
0.6,0.2786424207920369,0.5160376718509847,0.20531990735697847
0.62,0.2786424207920369,0.5160376718509847,0.20531990735697847
0.64,0.2786424207920369,0.5160376718509847,0.20531990735697847
0.66,0.2786424207920369,0.5160376718509847,0.20531990735697847
0.68,0.2786424207920369,0.5160376718509847,0.20531990735697847
0.7000000000000001,0.2786424207920369,0.5160376718509847,0.20531990735697847
0.72,0.2786424207920369,0.5160376718509847,0.20531990735697847
0.74,0.2786424207920369,0.5160376718509847,0.20531990735697847
0.76,0.2786424207920369,0.5160376718509847,0.20531990735697847
0.78,0.2786424207920369,0.5160376718509847,0.20531990735697847
0.8,0.2786424207920369,0.5160376718509847,0.20531990735697847
0.8200000000000001,0.2786424207920369,0.5160376718509847,0.20531990735697847
0.84,0.2786424207920369,0.5160376718509847,0.20531990735697847
0.86,0.2786424207920369,0.5160376718509847,0.20531990735697847
0.88,0.2786424207920369,0.5160376718509847,0.20531990735697847
0.9,0.2786424207920369,0.5160376718509847,0.20531990735697847
0.92,0.2786424207920369,0.5160376718509847,0.20531990735697847
0.9400000000000001,0.2786424207920369,0.5160376718509847,0.20531990735697847
0.96,0.2786424207920369,0.5160376718509847,0.20531990735697847
0.98,0.2786424207920369,0.5160376718509847,0.20531990735697847
1.0,0.2786424207920369,0.5160376718509847,0.20531990735697847
