fraction_of_volc,OH,H2O2,TMI
0.0,0.28068399643753544,0.2535101177623145,0.46580588580015003
0.02,0.28068399643753544,0.2535101177623145,0.46580588580015003
0.04,0.28068399643753544,0.2535101177623145,0.46580588580015003
0.06,0.28068399643753544,0.2535101177623145,0.46580588580015003
0.08,0.28068399643753544,0.2535101177623145,0.46580588580015003
0.1,0.28068399643753544,0.2535101177623145,0.46580588580015003
0.12,0.28068399643753544,0.2535101177623145,0.46580588580015003
0.14,0.28068399643753544,0.2535101177623145,0.46580588580015003
0.16,0.28068399643753544,0.2535101177623145,0.46580588580015003
0.18,0.28068399643753544,0.2535101177623145,0.46580588580015003
0.2,0.28068399643753544,0.2535101177623145,0.46580588580015003
0.22,0.28068399643753544,0.2535101177623145,0.46580588580015003
0.24,0.28068399643753544,0.2535101177623145,0.46580588580015003
0.26,0.28068399643753544,0.2535101177623145,0.46580588580015003
0.28,0.28068399643753544,0.2535101177623145,0.46580588580015003
0.3,0.28068399643753544,0.2535101177623145,0.46580588580015003
0.32,0.28068399643753544,0.2535101177623145,0.46580588580015003
0.34,0.28068399643753544,0.2535101177623145,0.46580588580015003
0.36,0.28068399643753544,0.2535101177623145,0.46580588580015003
0.38,0.294245082368693,0.25773709113239374,0.4480178264989132
0.4,0.30780616829985064,0.261964064502473,0.43022976719767636
0.42,0.3213672542310082,0.2661910378725522,0.4124417078964396
0.44,0.3349283401621658,0.2704180112426315,0.39465364859520274
0.46,0.3484894260933234,0.2746449846127107,0.3768655892939659
0.48,0.362050512024481,0.2788719579827899,0.3590775299927291
0.5,0.3756115979556386,0.2830989313528692,0.3412894706914923
0.52,0.38917268388679616,0.2873259047229484,0.32350141139025546
0.54,0.4027337698179538,0.29155287809302766,0.3057133520890186
0.56,0.41629485574911135,0.29577985146310687,0.2879252927877818
0.58,0.42985594168026897,0.3000068248331861,0.270137233486545
0.6,0.44341702761142654,0.30423379820326535,0.25234917418530817
0.62,0.4569781135425841,0.30846077157334456,0.23456111488407133
0.64,0.4705391994737417,0.31268774494342383,0.21677305558283452
0.66,0.4841002854048993,0.31691471831350304,0.19898499628159771
0.68,0.4976613713360569,0.3211416916835823,0.18119693698036088
0.7000000000000001,0.5112224572672145,0.3253686650536615,0.16340887767912407
0.72,0.5112224572672145,0.3253686650536615,0.16340887767912407
0.74,0.5112224572672145,0.3253686650536615,0.16340887767912407
0.76,0.5112224572672145,0.3253686650536615,0.16340887767912407
0.78,0.5112224572672145,0.3253686650536615,0.16340887767912407
0.8,0.5112224572672145,0.3253686650536615,0.16340887767912407
0.8200000000000001,0.5112224572672145,0.3253686650536615,0.16340887767912407
0.84,0.5112224572672145,0.3253686650536615,0.16340887767912407
0.86,0.5112224572672145,0.3253686650536615,0.16340887767912407
0.88,0.5112224572672145,0.3253686650536615,0.16340887767912407
0.9,0.5112224572672145,0.3253686650536615,0.16340887767912407
0.92,0.5112224572672145,0.3253686650536615,0.16340887767912407
0.9400000000000001,0.5112224572672145,0.3253686650536615,0.16340887767912407
0.96,0.5112224572672145,0.3253686650536615,0.16340887767912407
0.98,0.5112224572672145,0.3253686650536615,0.16340887767912407
1.0,0.5112224572672145,0.3253686650536615,0.16340887767912407
