fraction_of_volc,OH,H2O2,TMI
0.0,0.07750217087157732,0.14592071479453056,0.7765771143338921
0.02,0.07750217087157732,0.14592071479453056,0.7765771143338921
0.04,0.07750217087157732,0.14592071479453056,0.7765771143338921
0.06,0.07750217087157732,0.14592071479453056,0.7765771143338921
0.08,0.07750217087157732,0.14592071479453056,0.7765771143338921
0.1,0.07750217087157732,0.14592071479453056,0.7765771143338921
0.12,0.09456967564319255,0.14596676814660894,0.7594635562101985
0.14,0.11163718041480776,0.14601282149868736,0.7423499980865049
0.16,0.12870468518642297,0.14605887485076574,0.7252364399628113
0.18,0.1457721899580382,0.14610492820284413,0.7081228818391176
0.2,0.16283969472965343,0.1461509815549225,0.691009323715424
0.22,0.17990719950126866,0.14619703490700092,0.6738957655917305
0.24,0.19697470427288385,0.1462430882590793,0.6567822074680368
0.26,0.21404220904449908,0.1462891416111577,0.6396686493443432
0.28,0.2311097138161143,0.1463351949632361,0.6225550912206497
0.3,0.24817721858772954,0.1463812483153145,0.605441533096956
0.32,0.26524472335934474,0.14642730166739287,0.5883279749732624
0.34,0.28231222813095996,0.14647335501947126,0.5712144168495688
0.36,0.2993797329025752,0.14651940837154967,0.5541008587258752
0.38,0.31644723767419036,0.14656546172362805,0.5369873006021816
0.4,0.3335147424458056,0.14661151507570644,0.5198737424784879
0.42,0.3505822472174208,0.14665756842778482,0.5027601843547944
0.44,0.36764975198903604,0.14670362177986324,0.4856466262311008
0.46,0.38471725676065127,0.14674967513194162,0.46853306810740714
0.48,0.4017847615322665,0.14679572848402,0.45141950998371355
0.5,0.4188522663038817,0.14684178183609842,0.4343059518600199
0.52,0.43591977107549695,0.1468878351881768,0.41719239373632633
0.54,0.4529872758471122,0.1469338885402552,0.4000788356126327
0.56,0.4700547806187274,0.14697994189233357,0.3829652774889391
0.58,0.48712228539034264,0.14702599524441198,0.3658517193652455
0.6,0.5041897901619579,0.14707204859649037,0.3487381612415519
0.62,0.5212572949335731,0.14711810194856875,0.3316246031178583
0.64,0.5383247997051883,0.14716415530064714,0.31451104499416466
0.66,0.5553923044768034,0.14721020865272555,0.2973974868704711
0.68,0.5724598092484187,0.14725626200480393,0.28028392874677743
0.7000000000000001,0.5895273140200339,0.14730231535688232,0.2631703706230838
0.72,0.6065948187916491,0.14734836870896073,0.24605681249939027
0.74,0.6236623235632643,0.14739442206103912,0.22894325437569663
0.76,0.6407298283348796,0.1474404754131175,0.21182969625200299
0.78,0.6577973331064948,0.14748652876519588,0.19471613812830946
0.8,0.67486483787811,0.1475325821172743,0.17760258000461582
0.8200000000000001,0.6919323426497253,0.14757863546935268,0.16048902188092212
0.84,0.6919323426497253,0.14757863546935268,0.16048902188092212
0.86,0.6919323426497253,0.14757863546935268,0.16048902188092212
0.88,0.6919323426497253,0.14757863546935268,0.16048902188092212
0.9,0.6919323426497253,0.14757863546935268,0.16048902188092212
0.92,0.6919323426497253,0.14757863546935268,0.16048902188092212
0.9400000000000001,0.6919323426497253,0.14757863546935268,0.16048902188092212
0.96,0.6919323426497253,0.14757863546935268,0.16048902188092212
0.98,0.6919323426497253,0.14757863546935268,0.16048902188092212
1.0,0.6919323426497253,0.14757863546935268,0.16048902188092212
