fraction_of_volc,OH,H2O2,TMI
0.0,0.5318268636356506,0.259287993284565,0.20888514307978434
0.02,0.5318268636356506,0.259287993284565,0.20888514307978434
0.04,0.5318268636356506,0.259287993284565,0.20888514307978434
0.06,0.5318268636356506,0.259287993284565,0.20888514307978434
0.08,0.5318268636356506,0.259287993284565,0.20888514307978434
0.1,0.5318268636356506,0.259287993284565,0.20888514307978434
0.12,0.5318268636356506,0.259287993284565,0.20888514307978434
0.14,0.5318268636356506,0.259287993284565,0.20888514307978434
0.16,0.5318268636356506,0.259287993284565,0.20888514307978434
0.18,0.5318268636356506,0.259287993284565,0.20888514307978434
0.2,0.5318268636356506,0.259287993284565,0.20888514307978434
0.22,0.5318268636356506,0.259287993284565,0.20888514307978434
0.24,0.5318268636356506,0.259287993284565,0.20888514307978434
0.26,0.5318268636356506,0.259287993284565,0.20888514307978434
0.28,0.5318268636356506,0.259287993284565,0.20888514307978434
0.3,0.5318268636356506,0.259287993284565,0.20888514307978434
0.32,0.5318268636356506,0.259287993284565,0.20888514307978434
0.34,0.5318268636356506,0.259287993284565,0.20888514307978434
0.36,0.5318268636356506,0.259287993284565,0.20888514307978434
0.38,0.5318268636356506,0.259287993284565,0.20888514307978434
0.4,0.5318268636356506,0.259287993284565,0.20888514307978434
0.42,0.5318268636356506,0.259287993284565,0.20888514307978434
0.44,0.5318268636356506,0.259287993284565,0.20888514307978434
0.46,0.5318268636356506,0.259287993284565,0.20888514307978434
0.48,0.5318268636356506,0.259287993284565,0.20888514307978434
0.5,0.5318268636356506,0.259287993284565,0.20888514307978434
0.52,0.5318268636356506,0.259287993284565,0.20888514307978434
0.54,0.5318268636356506,0.259287993284565,0.20888514307978434
0.56,0.5318268636356506,0.259287993284565,0.20888514307978434
0.58,0.5318268636356506,0.259287993284565,0.20888514307978434
0.6,0.5318268636356506,0.259287993284565,0.20888514307978434
0.62,0.5318268636356506,0.259287993284565,0.20888514307978434
0.64,0.5318268636356506,0.259287993284565,0.20888514307978434
0.66,0.5318268636356506,0.259287993284565,0.20888514307978434
0.68,0.5318268636356506,0.259287993284565,0.20888514307978434
0.7000000000000001,0.5318268636356506,0.259287993284565,0.20888514307978434
0.72,0.5318268636356506,0.259287993284565,0.20888514307978434
0.74,0.5318268636356506,0.259287993284565,0.20888514307978434
0.76,0.5318268636356506,0.259287993284565,0.20888514307978434
0.78,0.5318268636356506,0.259287993284565,0.20888514307978434
0.8,0.5318268636356506,0.259287993284565,0.20888514307978434
0.8200000000000001,0.5318268636356506,0.259287993284565,0.20888514307978434
0.84,0.5318268636356506,0.259287993284565,0.20888514307978434
0.86,0.5656015900283278,0.23879005018927887,0.19560835978239327
0.88,0.599376316421005,0.21829210709399277,0.1823315764850022
0.9,0.6331510428136822,0.1977941639987067,0.16905479318761113
0.92,0.6669257692063594,0.17729622090342056,0.15577800989022006
0.9400000000000001,0.7007004955990366,0.1567982778081345,0.142501226592829
0.96,0.7344752219917138,0.1363003347128484,0.12922444329543792
0.98,0.768249948384391,0.11580239161756227,0.11594765999804685
1.0,0.768249948384391,0.11580239161756227,0.11594765999804685
