fraction_of_volc,OH,H2O2,TMI
0.0,0.8832083204859041,0.10347813357662222,0.013313545937473595
0.02,0.8832083204859041,0.10347813357662222,0.013313545937473595
0.04,0.8832083204859041,0.10347813357662222,0.013313545937473595
0.06,0.8832083204859041,0.10347813357662222,0.013313545937473595
0.08,0.8832083204859041,0.10347813357662222,0.013313545937473595
0.1,0.8832083204859041,0.10347813357662222,0.013313545937473595
0.12,0.8832083204859041,0.10347813357662222,0.013313545937473595
0.14,0.8832083204859041,0.10347813357662222,0.013313545937473595
0.16,0.8832083204859041,0.10347813357662222,0.013313545937473595
0.18,0.8832083204859041,0.10347813357662222,0.013313545937473595
0.2,0.8832083204859041,0.10347813357662222,0.013313545937473595
0.22,0.8832083204859041,0.10347813357662222,0.013313545937473595
0.24,0.8832083204859041,0.10347813357662222,0.013313545937473595
0.26,0.8832083204859041,0.10347813357662222,0.013313545937473595
0.28,0.8832083204859041,0.10347813357662222,0.013313545937473595
0.3,0.8832083204859041,0.10347813357662222,0.013313545937473595
0.32,0.8832083204859041,0.10347813357662222,0.013313545937473595
0.34,0.8832083204859041,0.10347813357662222,0.013313545937473595
0.36,0.8832083204859041,0.10347813357662222,0.013313545937473595
0.38,0.8832083204859041,0.10347813357662222,0.013313545937473595
0.4,0.8832083204859041,0.10347813357662222,0.013313545937473595
0.42,0.8832083204859041,0.10347813357662222,0.013313545937473595
0.44,0.8832083204859041,0.10347813357662222,0.013313545937473595
0.46,0.8832083204859041,0.10347813357662222,0.013313545937473595
0.48,0.8832083204859041,0.10347813357662222,0.013313545937473595
0.5,0.8832083204859041,0.10347813357662222,0.013313545937473595
0.52,0.8832083204859041,0.10347813357662222,0.013313545937473595
0.54,0.8832083204859041,0.10347813357662222,0.013313545937473595
0.56,0.8832083204859041,0.10347813357662222,0.013313545937473595
0.58,0.8832083204859041,0.10347813357662222,0.013313545937473595
0.6,0.8832083204859041,0.10347813357662222,0.013313545937473595
0.62,0.8832083204859041,0.10347813357662222,0.013313545937473595
0.64,0.8832083204859041,0.10347813357662222,0.013313545937473595
0.66,0.8832083204859041,0.10347813357662222,0.013313545937473595
0.68,0.8832083204859041,0.10347813357662222,0.013313545937473595
0.7000000000000001,0.8832083204859041,0.10347813357662222,0.013313545937473595
0.72,0.7872313040724878,0.1336552660613097,0.0791134298662025
0.74,0.6912542876590714,0.1638323985459972,0.1449133137949314
0.76,0.5952772712456549,0.1940095310306847,0.21071319772366032
0.78,0.49930025483223855,0.2241866635153722,0.2765130816523892
0.8,0.40332323841882217,0.25436379600005965,0.3423129655811181
0.8200000000000001,0.30734622200540573,0.28454092848474716,0.408112849509847
0.84,0.21136920559198932,0.31471806096943467,0.47391273343857593
0.86,0.21136920559198932,0.31471806096943467,0.47391273343857593
0.88,0.21136920559198932,0.31471806096943467,0.47391273343857593
0.9,0.21136920559198932,0.31471806096943467,0.47391273343857593
0.92,0.21136920559198932,0.31471806096943467,0.47391273343857593
0.9400000000000001,0.21136920559198932,0.31471806096943467,0.47391273343857593
0.96,0.21136920559198932,0.31471806096943467,0.47391273343857593
0.98,0.21136920559198932,0.31471806096943467,0.47391273343857593
1.0,0.21136920559198932,0.31471806096943467,0.47391273343857593
