fraction_of_volc,OH,H2O2,TMI
0.0,0.8058330128941028,0.04001469100346842,0.15415229610242878
0.02,0.8058330128941028,0.04001469100346842,0.15415229610242878
0.04,0.8058330128941028,0.04001469100346842,0.15415229610242878
0.06,0.8058330128941028,0.04001469100346842,0.15415229610242878
0.08,0.8058330128941028,0.04001469100346842,0.15415229610242878
0.1,0.8058330128941028,0.04001469100346842,0.15415229610242878
0.12,0.7971348331721971,0.045479253118256624,0.15738591370954627
0.14,0.7884366534502913,0.05094381523304483,0.16061953131666376
0.16,0.7797384737283857,0.056408377347833036,0.16385314892378125
0.18,0.77104029400648,0.06187293946262125,0.16708676653089874
0.2,0.7623421142845743,0.06733750157740945,0.17032038413801623
0.22,0.7536439345626686,0.07280206369219766,0.17355400174513372
0.24,0.7449457548407629,0.07826662580698587,0.1767876193522512
0.26,0.7362475751188572,0.08373118792177407,0.1800212369593687
0.28,0.7275493953969515,0.08919575003656227,0.18325485456648619
0.3,0.7188512156750457,0.09466031215135048,0.18648847217360368
0.32,0.71015303595314,0.1001248742661387,0.18972208978072116
0.34,0.7014548562312344,0.10558943638092691,0.19295570738783863
0.36,0.6927566765093287,0.1110539984957151,0.19618932499495612
0.38,0.684058496787423,0.11651856061050331,0.1994229426020736
0.4,0.6753603170655172,0.12198312272529152,0.2026565602091911
0.42,0.6666621373436116,0.12744768484007973,0.20589017781630858
0.44,0.6579639576217059,0.13291224695486795,0.20912379542342607
0.46,0.6492657778998001,0.13837680906965613,0.21235741303054356
0.48,0.6405675981778944,0.14384137118444434,0.21559103063766105
0.5,0.6318694184559888,0.14930593329923256,0.21882464824477854
0.52,0.6231712387340831,0.15477049541402077,0.22205826585189603
0.54,0.6144730590121774,0.16023505752880896,0.22529188345901352
0.56,0.6057748792902716,0.16569961964359717,0.228525501066131
0.58,0.597076699568366,0.17116418175838538,0.2317591186732485
0.6,0.5883785198464603,0.1766287438731736,0.234992736280366
0.62,0.5796803401245545,0.18209330598796178,0.23822635388748348
0.64,0.5709821604026488,0.18755786810275,0.24145997149460097
0.66,0.5622839806807431,0.1930224302175382,0.24469358910171846
0.68,0.5622839806807431,0.1930224302175382,0.24469358910171846
0.7000000000000001,0.5622839806807431,0.1930224302175382,0.24469358910171846
0.72,0.5622839806807431,0.1930224302175382,0.24469358910171846
0.74,0.5622839806807431,0.1930224302175382,0.24469358910171846
0.76,0.5622839806807431,0.1930224302175382,0.24469358910171846
0.78,0.5622839806807431,0.1930224302175382,0.24469358910171846
0.8,0.5622839806807431,0.1930224302175382,0.24469358910171846
0.8200000000000001,0.5622839806807431,0.1930224302175382,0.24469358910171846
0.84,0.5622839806807431,0.1930224302175382,0.24469358910171846
0.86,0.5622839806807431,0.1930224302175382,0.24469358910171846
0.88,0.5622839806807431,0.1930224302175382,0.24469358910171846
0.9,0.5622839806807431,0.1930224302175382,0.24469358910171846
0.92,0.5622839806807431,0.1930224302175382,0.24469358910171846
0.9400000000000001,0.5622839806807431,0.1930224302175382,0.24469358910171846
0.96,0.5622839806807431,0.1930224302175382,0.24469358910171846
0.98,0.5622839806807431,0.1930224302175382,0.24469358910171846
1.0,0.5622839806807431,0.1930224302175382,0.24469358910171846
