,t,temp,depth,so2_emitted,so2_pool,so2_oxidised,so4_pool,so4_removed,d34S_so2_pool,d34S_so4_pool,d33S_so4_pool,D33S_so4_pool,f_volc,d34S_so4_tot,d33S_so4_tot,D33S_so4_tot,so4_norm
0,0.0,5.979707235992631,60.16999999999999,4.440892098500626e-16,2.220446049250313e-16,2.0816681711721685e-17,6.938893903907228e-18,8.673617379884035e-19,0.049656045283307575,0.9684997745926883,0.48314741671376527,0.029924497976153656,1.734723475976807e-18,0.0056463629174116296,0.0028167540447008644,0.00017446010843500187,8.0426496337911625e-19
1,0.0,5.979707235992631,60.16883295194507,4.440892098500626e-16,8.881784197001252e-16,1.3877787807814457e-17,0.0,6.938893903907228e-18,0.07386818415059514,0.9443837493301844,0.47072307770370775,0.02992565960627708,0.0,0.015601834802483519,0.007776651918522297,0.0004943913931848604,6.43411970703293e-18
2,0.0,5.979707235992631,60.167665903890146,4.440892098500626e-16,0.0,0.0,0.0,6.938893903907228e-18,0.09766992013338213,0.9206764968313909,0.4585107232354102,0.02992680148436901,6.938893903907228e-18,0.028753022248291984,0.01431943692669555,0.0009346236075991229,6.43411970703293e-18
3,0.0,5.979707235992631,60.16649885583523,4.440892098500626e-16,8.881784197001252e-16,5.551115123125783e-17,1.1102230246251565e-16,2.0816681711721685e-17,0.12106165191212116,0.8973776200332724,0.44651014345334,0.02992792363233199,0.0,0.04417744606980296,0.021981468382617497,0.0014733365338434731,1.930235912109879e-17
4,0.0,5.979707235992631,60.165331807780305,4.440892098500626e-16,0.0,0.0,1.1102230246251565e-16,0.0,0.1440439844180929,0.8744865164404134,0.434721024179706,0.02992902608196665,1.3877787807814457e-17,0.06111516624005704,0.03038131196000082,0.0020916473496330103,0.0
5,0.0,5.979707235992631,60.16416475972539,4.440892098500626e-16,1.7763568394002505e-15,5.551115123125783e-17,2.220446049250313e-16,2.7755575615628914e-17,0.1666177276445172,0.8520023793091558,0.4231429476034118,0.029930108874803536,1.3877787807814457e-17,0.07894436286251363,0.039207344028080626,0.0027732473909790143,2.573647882813172e-17
6,0.0,5.979707235992631,60.16299771167047,4.440892098500626e-16,0.0,1.1102230246251565e-16,1.1102230246251565e-16,5.551115123125783e-17,0.18878389509642762,0.8299241991915587,0.4117753931564415,0.029931172062187768,1.3877787807814457e-17,0.09716033929481144,0.048207097649769444,0.0035040824642616603,5.147295765626344e-17
7,0.0,5.979707235992631,60.16183066361555,4.440892098500626e-16,0.0,5.551115123125783e-17,0.0,0.0,0.21054370188463956,0.8082507658338433,0.40061773857550304,0.02993221570489842,2.7755575615628914e-17,0.11535748425033672,0.05717811404787411,0.004272071549716705,0.0
8,0.0,5.979707235992631,60.16066361556063,4.440892098500626e-16,1.7763568394002505e-15,2.7755575615628914e-16,2.220446049250313e-16,2.7755575615628914e-17,0.2318985624708907,0.7869806704222578,0.3896692611449255,0.02993323987344963,5.551115123125783e-17,0.13321379116530538,0.06596009473758334,0.005066859346447723,2.573647882813172e-17
9,0.0,5.979707235992631,60.159496567505705,4.440892098500626e-16,1.7763568394002505e-15,5.551115123125783e-17,6.661338147750939e-16,2.7755575615628914e-17,0.25285008807154186,0.7661123081691095,0.3789291391179492,0.029934244647608153,5.551115123125783e-17,0.15047758652946944,0.07442817679881478,0.0058795986451642655,2.573647882813172e-17
10,0.0,5.979707235992631,60.15832951945079,4.440892098500626e-16,1.7763568394002505e-15,5.551115123125783e-17,2.220446049250313e-16,5.551115123125783e-17,0.2734000837291598,0.7456438812293735,0.3683964533112612,0.02993523011646861,2.7755575615628914e-17,0.16695616528216625,0.0824871774539224,0.006702758988439121,5.147295765626344e-17
11,0.0,5.979707235992631,60.157162471395864,4.440892098500626e-16,0.0,1.1102230246251565e-16,4.440892098500626e-16,0.0,0.2935505450620828,0.7255734019384518,0.35807018886845654,0.029936196378127042,5.551115123125783e-17,0.18250607168289026,0.09006667469141325,0.007529958495588554,0.0
12,0.0,5.979707235992631,60.15599542334095,4.440892098500626e-16,0.0,1.1102230246251565e-16,8.881784197001252e-16,5.551115123125783e-17,0.31330365470272226,0.7058986963594984,0.34794923718669085,0.029937143539723758,0.0,0.19702479906903816,0.0971168085399318,0.00835581609802425,5.147295765626344e-17
13,0.0,5.979707235992631,60.15482837528603,4.440892098500626e-16,0.0,1.1102230246251565e-16,4.440892098500626e-16,1.1102230246251565e-16,0.33266177843704775,0.686617408128666,0.33803239800067847,0.029938071716976353,0.0,0.21044371230421655,0.10360470310276321,0.009175821755701478,1.0294591531252688e-16
14,0.0,5.979707235992631,60.153661327231106,4.440892098500626e-16,3.552713678800501e-15,0.0,4.440892098500626e-16,1.1102230246251565e-16,0.3516274610579181,0.6677270025853148,0.3283183816182838,0.029938981034264043,0.0,0.2227220230993619,0.10951142291926344,0.0099862225125945,1.0294591531252688e-16
15,0.0,5.979707235992631,60.15249427917619,4.440892098500626e-16,5.329070518200751e-15,0.0,1.3322676295501878e-15,1.1102230246251565e-16,0.3702034219463529,0.6492247711732188,0.3188058113000757,0.029939871624217452,1.1102230246251565e-16,0.2338416712797732,0.11482938889314666,0.010783922501689159,1.0294591531252688e-16
16,0.0,5.979707235992631,60.151327231121265,4.440892098500626e-16,3.552713678800501e-15,0.0,1.3322676295501878e-15,1.6653345369377348e-16,0.3883925503948296,0.6311078360985449,0.3094932257769268,0.029940743627563274,1.6653345369377348e-16,0.24380298493015443,0.11956018915330803,0.011566395233743566,1.5441887296879031e-16
17,0.0,5.979707235992631,60.15016018306635,4.440892098500626e-16,7.105427357601002e-15,1.1102230246251565e-16,1.3322676295501878e-15,2.220446049250313e-16,0.4061979006883864,0.613373155229398,0.30037908189745627,0.029941597192875397,1.1102230246251565e-16,0.25262100957333367,0.12371272899164788,0.012331606700774886,2.0589183062505376e-16
18,0.0,5.979707235992631,60.14899313501143,4.440892098500626e-16,1.7763568394002505e-15,2.220446049250313e-16,1.3322676295501878e-15,0.0,0.4236226869587396,0.5960175272210639,0.2914617573981356,0.029942432476453045,1.6653345369377348e-16,0.2603224114721102,0.12730167163295522,0.01307794799920376,0.0
19,0.0,5.979707235992631,60.147826086956506,4.440892098500626e-16,0.0,0.0,4.440892098500626e-16,0.0,0.44067027782836315,0.5790375968508593,0.2827395537883264,0.029943249641758832,5.551115123125783e-17,0.2669428730883417,0.13034612818658037,0.013804176330593818,0.0
20,0.0,5.979707235992631,60.14665903890159,4.440892098500626e-16,1.7763568394002505e-15,1.1102230246251565e-16,1.7763568394002505e-15,1.1102230246251565e-16,0.45734419086075645,0.562429860545648,0.2742106993417452,0.02994404885945144,2.220446049250313e-16,0.27252490994998974,0.13286856084229481,0.014509363373849126,1.0294591531252688e-16
21,0.0,5.979707235992631,60.145491990846665,4.440892098500626e-16,3.552713678800501e-15,0.0,8.881784197001252e-16,1.1102230246251565e-16,0.47364808683447024,0.5461906720852,0.26587335218692876,0.029944830307009764,2.220446049250313e-16,0.27711604789346644,0.13489386832065206,0.01519285014121334,1.0294591531252688e-16
22,0.0,5.979707235992631,60.14432494279175,4.440892098500626e-16,1.7763568394002505e-15,1.1102230246251565e-16,0.0,1.1102230246251565e-16,0.48958576385791597,0.5303162484639392,0.25772560348784734,0.029945594168409532,0.0,0.2807673080623967,0.1364486268705379,0.015854207536251008,1.0294591531252688e-16
23,0.0,5.979707235992631,60.143157894736824,4.440892098500626e-16,0.0,2.220446049250313e-16,8.881784197001252e-16,0.0,0.5051611513428126,0.5148026758935239,0.24976548070669083,0.02994634063384076,1.1102230246251565e-16,0.2835319543273505,0.13756046381337203,0.016493201924656562,0.0
24,0.0,5.979707235992631,60.14199084668191,4.440892098500626e-16,0.0,2.220446049250313e-16,1.7763568394002505e-15,2.220446049250313e-16,0.5203783038540222,0.4996459159288107,0.2419909509406299,0.02994706989951723,0.0,0.28546446409365106,0.1382575438395505,0.017109765110656535,2.0589183062505376e-16
25,0.0,5.979707235992631,60.14082379862699,4.440892098500626e-16,7.105427357601002e-15,5.551115123125783e-16,8.881784197001252e-16,0.0,0.5352413948532329,0.4848418116990051,0.234399924323884,0.029947782167137213,1.1102230246251565e-16,0.2866196889154207,0.13856815103483303,0.01770396818371031,0.0
26,0.0,5.979707235992631,60.139656750572065,4.440892098500626e-16,0.0,1.1102230246251565e-16,8.881784197001252e-16,1.1102230246251565e-16,0.5497547103542392,0.47038609422742605,0.22699025748752302,0.02994847764397029,1.1102230246251565e-16,0.28705217604830796,0.13852035201120566,0.018275998764706973,1.0294591531252688e-16
27,0.0,5.979707235992631,60.13848970251715,4.440892098500626e-16,3.552713678800501e-15,0.0,1.7763568394002505e-15,2.220446049250313e-16,0.5639226425078071,0.4562743888211185,0.21975975706868442,0.02994915654213969,0.0,0.2868156261455459,0.1381417275865527,0.018826141235668642,2.0589183062505376e-16
28,0.0,5.979707235992631,60.137322654462224,4.440892098500626e-16,0.0,2.220446049250313e-16,2.6645352591003757e-15,2.220446049250313e-16,0.5777496831328152,0.4425022215140067,0.2127061832610228,0.02994981907852197,1.1102230246251565e-16,0.2859624658221117,0.13745916224514754,0.01935475958813728,2.0589183062505376e-16
29,0.0,5.979707235992631,60.13615560640731,4.440892098500626e-16,0.0,2.220446049250313e-16,2.6645352591003757e-15,2.220446049250313e-16,0.5912404172113387,0.4290650255459582,0.20582725339933133,0.02995046547445566,1.1102230246251565e-16,0.28454351684907325,0.13649868215454877,0.01986228256783313,2.0589183062505376e-16
30,0.0,5.979707235992631,60.13498855835239,4.440892098500626e-16,7.105427357601002e-15,3.3306690738754696e-16,0.0,0.0,0.6043995163641336,0.4159581478614576,0.1991206455705953,0.02995109595535443,2.220446049250313e-16,0.28260774636268965,0.13528533384501118,0.020349190832185865,0.0
31,0.0,5.979707235992631,60.133821510297466,4.440892098500626e-16,0.0,0.0,2.6645352591003757e-15,2.220446049250313e-16,0.6172317323230693,0.4031768556112739,0.19258400224423833,0.029951710750374713,3.3306690738754696e-16,0.2802020847337402,0.1338430968052174,0.020816005871350657,2.0589183062505376e-16
32,0.0,5.979707235992631,60.13265446224255,4.440892098500626e-16,3.552713678800501e-15,1.1102230246251565e-16,1.7763568394002505e-15,0.0,0.629741890416335,0.39071634264125293,0.1862149339147002,0.029952310092204545,1.1102230246251565e-16,0.27737129969195956,0.13219482423697143,0.021263280473219185,0.0
33,0.0,5.979707235992631,60.131487414187625,4.440892098500626e-16,3.552713678800501e-15,0.0,1.7763568394002505e-15,3.3306690738754696e-16,0.6419348830820151,0.37857173595327365,0.1800110227500945,0.02995289421671383,2.220446049250313e-16,0.27415791697988773,0.13036220706311907,0.021691590539096025,3.0883774593758063e-16
34,0.0,5.979707235992631,60.13032036613271,4.440892098500626e-16,0.0,4.440892098500626e-16,1.7763568394002505e-15,1.1102230246251565e-16,0.6538156634246245,0.3667381021227279,0.17396982624038837,0.02995346336251129,1.1102230246251565e-16,0.27060217925507035,0.1283657570151272,0.022101528080166556,1.0294591531252688e-16
35,0.0,5.979707235992631,60.12915331807779,4.440892098500626e-16,3.552713678800501e-15,4.440892098500626e-16,1.7763568394002505e-15,1.1102230246251565e-16,0.6653892388293697,0.35521045365940396,0.1680888808394821,0.029954017770920018,1.1102230246251565e-16,0.2667420362043422,0.12622480525706647,0.02249369524574162,1.0294591531252688e-16
36,0.0,5.979707235992631,60.127986270022866,4.440892098500626e-16,3.552713678800501e-15,4.440892098500626e-16,2.6645352591003757e-15,0.0,0.6766606646471856,0.34398375529695363,0.16236570559553073,0.029954557685334223,1.1102230246251565e-16,0.26261315990107376,0.12395751354362695,0.022868699251200605,0.0
37,0.0,5.979707235992631,60.12681922196795,4.440892098500626e-16,3.552713678800501e-15,0.0,0.0,3.3306690738754696e-16,0.6876350379641282,0.33305293019906074,0.15679780576459196,0.02995508335124858,2.220446049250313e-16,0.258248980355807,0.12158089537459334,0.0232271480911744,3.0883774593758063e-16
38,0.0,5.979707235992631,60.125652173913025,4.440892098500626e-16,3.552713678800501e-15,0.0,1.7763568394002505e-15,2.220446049250313e-16,0.6983174914669434,0.32241286606931596,0.1513826764028584,0.029955595015751325,2.220446049250313e-16,0.25368073699699906,0.11911084500641192,0.023569646935695413,2.0589183062505376e-16
39,0.0,5.979707235992631,60.12448512585811,4.440892098500626e-16,0.0,0.0,1.7763568394002505e-15,0.0,0.7087131874166772,0.3120584211538809,0.14611780593311297,0.02995609292729869,2.220446049250313e-16,0.24893754249472586,0.11656217252273327,0.023896795120898578,0.0
40,0.0,5.979707235992631,60.123318077803184,4.440892098500626e-16,3.552713678800501e-15,2.220446049250313e-16,8.881784197001252e-16,0.0,0.7188273117410787,0.3019844301254806,0.14100067968131386,0.029956577335440552,0.0,0.24404645591729004,0.11394864345772843,0.024209183655888148,0.0
41,0.0,5.979707235992631,60.12215102974827,4.440892098500626e-16,3.552713678800501e-15,2.220446049250313e-16,1.7763568394002505e-15,0.0,0.7286650682557854,0.29218570983946796,0.13602878337983176,0.02995704849055624,1.1102230246251565e-16,0.23903256270620318,0.11128302171571859,0.024507393177256597,0.0
42,0.0,5.979707235992631,60.12098398169335,4.440892098500626e-16,3.552713678800501e-15,0.0,8.881784197001252e-16,1.1102230246251565e-16,0.7382316730236013,0.28265706495192366,0.1311996066337444,0.029957506643511076,0.0,0.23391905937607163,0.10857711474325284,0.024791992291062794,1.0294591531252688e-16
43,0.0,5.979707235992631,60.119816933638425,4.440892098500626e-16,3.552713678800501e-15,0.0,2.6645352591003757e-15,2.220446049250313e-16,0.7475323488605726,0.2733932933920001,0.12651064634738973,0.02995795204552458,1.1102230246251565e-16,0.2287273412072512,0.10584182009161175,0.025063536249816703,2.0589183062505376e-16
44,0.0,5.979707235992631,60.11864988558351,4.440892098500626e-16,0.0,0.0,2.6645352591003757e-15,2.220446049250313e-16,0.7565723199963489,0.26438919168020325,0.1219594101076685,0.029958384947786385,1.1102230246251565e-16,0.22347709150479925,0.10308717266123994,0.025322565917938633,2.0589183062505376e-16
45,0.0,5.979707235992631,60.117482837528584,4.440892098500626e-16,0.0,0.0,1.7763568394002505e-15,1.1102230246251565e-16,0.7653568068959492,0.255639560086321,0.11754341952171989,0.029958805601303106,0.0,0.2181863712589925,0.10032239205136151,0.02556960698568997,1.0294591531252688e-16
46,0.0,5.979707235992631,60.11631578947367,4.440892098500626e-16,7.105427357601002e-15,0.0,0.0,3.3306690738754696e-16,0.7738910212490813,0.2471392076198458,0.1132602135056466,0.029959214256580644,1.1102230246251565e-16,0.21287170826251559,0.09755592954805671,0.02580516939590976,3.0883774593758063e-16
47,0.0,5.979707235992631,60.11514874141875,4.440892098500626e-16,7.105427357601002e-15,2.220446049250313e-16,1.7763568394002505e-15,1.1102230246251565e-16,0.7821801611325625,0.23888295684877248,0.10910735152109391,0.029959611163466657,3.3306690738754696e-16,0.2075481849286028,0.0947955143778037,0.02602974695294242,1.0294591531252688e-16
48,0.0,5.979707235992631,60.113981693363826,4.440892098500626e-16,0.0,2.220446049250313e-16,8.881784197001252e-16,0.0,0.7902294063503368,0.2308656485407527,0.10508241675666329,0.029959996570856778,0.0,0.20222952421031895,0.09204819893254604,0.026243817086532242,0.0
49,0.0,5.979707235992631,60.11281464530891,4.440892098500626e-16,7.105427357601002e-15,2.220446049250313e-16,8.881784197001252e-16,2.220446049250313e-16,0.7980439139551939,0.2230821461239046,0.10118301924924247,0.029960370726570488,1.1102230246251565e-16,0.19692817315654937,0.0893204027369814,0.02644784074741453,2.0589183062505376e-16
50,0.0,5.979707235992631,60.111647597253985,4.440892098500626e-16,3.552713678800501e-15,0.0,2.6645352591003757e-15,1.1102230246251565e-16,0.8056288139554236,0.21552733996285267,0.09740679894096772,0.029960733877041505,2.220446049250313e-16,0.19165538374998264,0.08661795498476527,0.02664226241378558,1.0294591531252688e-16
51,0.0,5.979707235992631,60.11048054919907,4.440892098500626e-16,0.0,0.0,1.7763568394002505e-15,0.0,0.8129892052088398,0.2081961514486141,0.09375142866548412,0.029961086267222083,2.220446049250313e-16,0.1864212907679352,0.08394613551476333,0.026827510191145647,0.0
52,0.0,5.979707235992631,60.10931350114414,4.440892098500626e-16,0.0,2.220446049250313e-16,8.881784197001252e-16,0.0,0.820130151506196,0.20108353689957095,0.09021461705578311,0.02996142814033732,3.3306690738754696e-16,0.1812349864829973,0.08130971413557084,0.027003995989673252,0.0
53,0.0,5.979707235992631,60.108146453089226,4.440892098500626e-16,3.552713678800501e-15,4.440892098500626e-16,1.7763568394002505e-15,2.220446049250313e-16,0.8270566778451699,0.1941844912727247,0.08679411136414804,0.029961759737708156,2.220446049250313e-16,0.17610459208621213,0.07871298823654038,0.027172115765844978,2.0589183062505376e-16
54,0.0,5.979707235992631,60.10697940503431,4.440892098500626e-16,3.552713678800501e-15,2.220446049250313e-16,0.0,0.0,0.8337737668954168,0.18749405168456826,0.08348770018212402,0.029962081298584835,1.1102230246251565e-16,0.17103732576833222,0.0761598186470578,0.02733224981656894,0.0
55,0.0,5.979707235992631,60.105812356979385,4.440892098500626e-16,7.105427357601002e-15,0.0,8.881784197001252e-16,2.220446049250313e-16,0.840286355654932,0.18100730074159563,0.08029321604538509,0.029962393060047058,1.1102230246251565e-16,0.16603956743837012,0.07365366372400507,0.027484763115775204,2.0589183062505376e-16
56,0.0,5.979707235992631,60.10464530892447,4.440892098500626e-16,3.552713678800501e-15,0.0,2.6645352591003757e-15,2.220446049250313e-16,0.8465993322969644,0.17471936968071408,0.07720853790448491,0.0299626952566644,0.0,0.1611169200937806,0.0711976116606128,0.027630005684453705,2.0589183062505376e-16
57,0.0,5.979707235992631,60.103478260869544,4.440892098500626e-16,7.105427357601002e-15,2.220446049250313e-16,8.881784197001252e-16,0.0,0.8527175332065692,0.16862544132106014,0.0742315934382244,0.029962988120763492,1.1102230246251565e-16,0.15627426788571952,0.0687944110192824,0.027768312987395103,0.0
58,0.0,5.979707235992631,60.10231121281463,4.440892098500626e-16,3.552713678800501e-15,2.220446049250313e-16,1.7763568394002505e-15,4.440892098500626e-16,0.8586457402050546,0.16272075282849613,0.07136036118084578,0.029963271881778327,2.220446049250313e-16,0.15151583094477475,0.06644649949617015,0.02790000634877106,4.117836612501075e-16
59,0.0,5.979707235992631,60.10114416475971,4.440892098500626e-16,7.105427357601002e-15,4.440892098500626e-16,2.6645352591003757e-15,2.220446049250313e-16,0.8643886779606939,0.15700059829470164,0.06859287242746609,0.029963546766468476,3.3306690738754696e-16,0.14684521705037637,0.06415603092679395,0.02802539338265474,2.0589183062505376e-16
60,0.0,5.979707235992631,60.099977116704785,4.440892098500626e-16,3.552713678800501e-15,2.220446049250313e-16,3.552713678800501e-15,2.220446049250313e-16,0.8699510115825306,0.1514603311337106,0.06592721287546768,0.029963812998719273,0.0,0.14226547024107558,0.06192490054132978,0.028144768432568634,2.0589183062505376e-16
61,0.0,5.979707235992631,60.09881006864987,4.440892098500626e-16,7.105427357601002e-15,4.440892098500626e-16,2.6645352591003757e-15,2.220446049250313e-16,0.8758061505918373,0.1456284212379494,0.06313902112526608,0.029964093257918392,2.220446049250313e-16,0.13732931802680512,0.059540841260959126,0.02825649318602381,2.0589183062505376e-16
62,0.0,5.979707235992631,60.097643020594944,2.220446049250313e-16,0.0,2.220446049250313e-16,8.881784197001252e-16,0.0,0.8819160562816549,0.13954275629704413,0.060251650933728404,0.029964385720539034,1.1102230246251565e-16,0.1320675587483872,0.05702401658484404,0.02835921674846872,0.0
63,0.0,5.979707235992631,60.09647597254003,2.220446049250313e-16,3.552713678800501e-15,0.0,1.7763568394002505e-15,2.220446049250313e-16,0.8882470864746218,0.13323684494045812,0.05728722838208144,0.029964688773909356,1.1102230246251565e-16,0.12651009433282556,0.05439495861615474,0.02845185658017577,2.0589183062505376e-16
64,0.0,5.979707235992631,60.0953089244851,2.220446049250313e-16,3.552713678800501e-15,4.440892098500626e-16,0.0,2.220446049250313e-16,0.8947694556412633,0.12674035447588675,0.05426719522553013,0.02996500099024661,1.1102230246251565e-16,0.12068592004788614,0.05167483088787955,0.028533561616570734,2.0589183062505376e-16
65,0.0,5.979707235992631,60.094141876430186,2.220446049250313e-16,0.0,4.440892098500626e-16,3.552713678800501e-15,0.0,0.9014567733238333,0.12007957063419207,0.05121290815456298,0.029965321104605307,1.1102230246251565e-16,0.11462308710518768,0.04888576467510239,0.028603679984595762,0.0
66,0.0,5.979707235992631,60.09297482837527,2.220446049250313e-16,0.0,2.220446049250313e-16,1.7763568394002505e-15,2.220446049250313e-16,0.9082856479333598,0.11327779220174834,0.04814633385987452,0.0299656479957445,3.3306690738754696e-16,0.10834865249031204,0.04605130709799952,0.028661730761449514,2.0589183062505376e-16
67,0.0,5.979707235992631,60.091807780320345,2.220446049250313e-16,3.552713678800501e-15,4.440892098500626e-16,1.7763568394002505e-15,2.220446049250313e-16,0.9152353453817693,0.10635567103770907,0.04509089000434292,0.02996598066987656,1.1102230246251565e-16,0.10188862569231634,0.043197027191497706,0.028707379288629667,2.0589183062505376e-16
68,0.0,5.979707235992631,60.09064073226543,2.220446049250313e-16,7.105427357601002e-15,4.440892098500626e-16,1.7763568394002505e-15,2.220446049250313e-16,0.9222874939153375,0.09933150607523197,0.042072493567725716,0.029966318246506637,0.0,0.09526791861524991,0.04035133515558506,0.02874041561138391,2.0589183062505376e-16
69,0.0,5.979707235992631,60.0894736842105,2.220446049250313e-16,3.552713678800501e-15,4.440892098500626e-16,0.0,2.220446049250313e-16,0.9294258280449779,0.09222149838515839,0.03912088581353562,0.029966659946026798,1.1102230246251565e-16,0.08851030253210984,0.03754657535728582,0.028760735665151,2.0589183062505376e-16
70,0.0,5.979707235992631,60.088306636155586,2.220446049250313e-16,7.105427357601002e-15,2.220446049250313e-16,1.7763568394002505e-15,4.440892098500626e-16,0.9366359656981773,0.08503997315563165,0.03627129445729468,0.029967005079233076,0.0,0.08163837422940638,0.03482044267900288,0.028768324876063758,4.117836612501075e-16
71,0.0,5.979707235992631,60.08713958810067,2.220446049250313e-16,3.552713678800501e-15,4.440892098500626e-16,0.0,0.0,0.9439052137144396,0.0777995734502768,0.0335664382624082,0.029967353037795616,1.1102230246251565e-16,0.07467353229960459,0.032217715349976694,0.02876324388117224,0.0
72,0.0,5.979707235992631,60.085972540045745,1.1102230246251565e-16,3.552713678800501e-15,0.0,3.552713678800501e-15,0.0,0.9512223976166231,0.07051142980359142,0.031058715390853874,0.029967703286287502,2.220446049250313e-16,0.06763596372988581,0.029792136587274864,0.028745616110539912,0.0
73,0.0,5.979707235992631,60.08480549199083,1.1102230246251565e-16,7.105427357601002e-15,0.0,0.0,2.220446049250313e-16,0.958577712253095,0.06318530905812077,0.02881204166317432,0.0299680553548489,0.0,0.06054464040554541,0.027607915951505246,0.028715617002740813,2.0589183062505376e-16
74,0.0,5.979707235992631,60.083638443935904,1.1102230246251565e-16,3.552713678800501e-15,2.220446049250313e-16,3.552713678800501e-15,0.0,0.965962590450477,0.055829745320618046,0.026902117795962802,0.029968408832956817,1.1102230246251565e-16,0.05341732482379194,0.025739668997274777,0.028673464653815265,0.0
75,0.0,5.979707235992631,60.08247139588099,1.1102230246251565e-16,0.0,4.440892098500626e-16,0.0,2.220446049250313e-16,0.9733695872650303,0.04845215550092847,0.02541302031850373,0.02996876336391323,2.220446049250313e-16,0.046270584151372654,0.024268792234957155,0.028619411722889156,2.0589183062505376e-16
76,0.0,5.979707235992631,60.08130434782607,0.0,3.552713678800501e-15,4.440892098500626e-16,1.7763568394002505e-15,2.220446049250313e-16,0.9807922777933227,0.041058941616425024,0.024427731472773023,0.029969118639924585,4.440892098500626e-16,0.03911981174973689,0.02327405965831634,0.02855373843904404,2.0589183062505376e-16
77,0.0,5.979707235992631,60.080137299771145,0.0,3.552713678800501e-15,2.220446049250313e-16,0.0,2.220446049250313e-16,0.9882251668114762,0.03365558200198607,0.024012249033641,0.029969474397720183,0.0,0.03197925551543927,0.022816240328330985,0.028476746572724622,2.0589183062505376e-16
78,0.0,5.979707235992631,60.07897025171623,0.0,3.552713678800501e-15,2.220446049250313e-16,0.0,0.0,0.9956636087707579,0.026246714251346625,0.024198087612228,0.029969830414710734,2.220446049250313e-16,0.02486205328754554,0.022921503160763898,0.028388754251439777,0.0
79,0.0,5.979707235992631,60.077803203661304,1.1102230246251565e-16,7.105427357601002e-15,4.440892098500626e-16,1.7763568394002505e-15,2.220446049250313e-16,1.003103736893828,0.018836216770471884,0.024972558609080195,0.029970186505773436,1.1102230246251565e-16,0.017780279615969053,0.02357262502370839,0.028290091514063875,2.0589183062505376e-16
80,0.0,5.979707235992631,60.07663615560639,1.1102230246251565e-16,0.0,2.220446049250313e-16,0.0,0.0,1.0105424002978447,0.011427324829179146,0.02628337426066336,0.029970542519918823,0.0,0.010745035517736102,0.02471407736967824,0.028181096510011456,0.0
81,0.0,5.979707235992631,60.07546910755146,1.1102230246251565e-16,0.0,4.440892098500626e-16,2.6645352591003757e-15,0.0,1.0179771082247486,0.004023329174017889,0.02805446742484498,0.0299708983378729,1.1102230246251565e-16,0.0037670914524287886,0.026267734969603385,0.02806211226248299,0.0
82,0.0,5.979707235992631,60.074302059496546,1.1102230246251565e-16,0.0,0.0,1.7763568394002505e-15,0.0,1.0254059805895532,0.00338018316384777,0.030203606185663735,0.02997125386962216,0.0,0.0031503617591332068,0.028150038415941717,0.027933483922998152,0.0
83,0.0,5.979707235992631,60.07313501144163,1.1102230246251565e-16,3.552713678800501e-15,0.0,8.881784197001252e-16,4.440892098500626e-16,1.0328277041682583,0.010770929088919762,0.03265471413566848,0.02997160905230472,1.1102230246251565e-16,0.009988918747579048,0.030283857922912657,0.02779555645442487,4.117836612501075e-16
84,0.0,5.979707235992631,60.071967963386705,1.1102230246251565e-16,3.552713678800501e-15,0.0,8.881784197001252e-16,0.0,1.040241493842371,0.01815502128535367,0.03534352692543003,0.02997196384830435,1.1102230246251565e-16,0.016747726097728552,0.03260385647425944,0.027648672686898745,0.0
85,0.0,5.979707235992631,60.07080091533179,0.0,0.0,1.1102230246251565e-16,1.7763568394002505e-15,2.220446049250313e-16,1.047647058398523,0.025531086145549713,0.03821856273239581,0.029972318243756745,1.1102230246251565e-16,0.023419294074305402,0.03505733185907885,0.02749317169812459,2.0589183062505376e-16
86,0.0,5.979707235992631,60.06963386727686,0.0,0.0,1.1102230246251565e-16,8.881784197001252e-16,2.220446049250313e-16,1.0550445704514397,0.03289918452242325,0.04123978541944058,0.029972672246882992,1.1102230246251565e-16,0.029997811139814184,0.03760285588889484,0.027329387474778657,2.0589183062505376e-16
87,0.0,5.979707235992631,60.068466819221946,1.1102230246251565e-16,7.105427357601002e-15,1.1102230246251565e-16,1.7763568394002505e-15,2.220446049250313e-16,1.0624346401207525,0.04025989446147021,0.044376538365819146,0.02997302588696931,1.1102230246251565e-16,0.03647826679591041,0.04020823272491487,0.02715764781827668,2.0589183062505376e-16
88,0.0,5.979707235992631,60.06729977116703,1.1102230246251565e-16,0.0,0.0,3.552713678800501e-15,0.0,1.069818292143847,0.04761422535133364,0.04760552009833742,0.029973379213133287,4.440892098500626e-16,0.04285634872996863,0.04284851335397677,0.0269782734612452,0.0
89,0.0,5.979707235992631,60.066132723112105,1.1102230246251565e-16,3.552713678800501e-15,3.3306690738754696e-16,0.0,2.220446049250313e-16,1.0771969461548982,0.05496358596269107,0.05090908052920484,0.02997373229333229,4.440892098500626e-16,0.049128388524948066,0.04550432880024172,0.026791577366316238,2.0589183062505376e-16
90,0.0,5.979707235992631,60.06496567505719,1.1102230246251565e-16,0.0,3.3306690738754696e-16,8.881784197001252e-16,0.0,1.0845723999003252,0.06230976415197075,0.05427388278331125,0.02997408521366733,0.0,0.05529131689313467,0.04816058113578972,0.026597864182066323,0.0
91,0.0,5.979707235992631,60.063798627002264,1.1102230246251565e-16,3.552713678800501e-15,2.220446049250313e-16,1.7763568394002505e-15,2.220446049250313e-16,1.0919468151986786,0.06965491156873546,0.05768988691487502,0.029974438077707617,0.0,0.061342622535470695,0.050805447561885604,0.026397429833777315,2.0589183062505376e-16
92,0.0,5.979707235992631,60.06263157894735,0.0,3.552713678800501e-15,3.3306690738754696e-16,8.881784197001252e-16,2.220446049250313e-16,1.0993227064847317,0.07700153168802336,0.06114958996416415,0.029974791005823294,3.3306690738754696e-16,0.06728031331610676,0.053429632914436295,0.026190561229709735,2.0589183062505376e-16
93,0.0,5.979707235992631,60.06146453089242,0.0,7.105427357601002e-15,4.440892098500626e-16,1.7763568394002505e-15,3.3306690738754696e-16,1.1067029318086747,0.08435247057962614,0.0646474608251671,0.029975144134846626,2.220446049250313e-16,0.07310287940256317,0.05602581050572787,0.02597753606630468,3.0883774593758063e-16
94,0.0,5.979707235992631,60.060297482837505,1.1102230246251565e-16,7.105427357601002e-15,1.1102230246251565e-16,1.7763568394002505e-15,2.220446049250313e-16,1.1140906861877293,0.09171091014854471,0.06817951993523949,0.02997549761783592,1.1102230246251565e-16,0.07880925827161842,0.05858820271991934,0.025758622717384518,2.0589183062505376e-16
95,0.0,5.979707235992631,60.05913043478259,1.1102230246251565e-16,7.105427357601002e-15,2.220446049250313e-16,0.0,0.0,1.121489497233736,0.09908036370363607,0.07174302567227893,0.029975851623590535,1.1102230246251565e-16,0.08439880155028069,0.061112264428528254,0.02553408019420939,0.0
96,0.0,5.979707235992631,60.057963386727664,1.1102230246251565e-16,7.105427357601002e-15,1.1102230246251565e-16,2.6645352591003757e-15,2.220446049250313e-16,1.128903223003911,0.10646467377235817,0.07533623927795981,0.02997620633682141,2.220446049250313e-16,0.08987124367756442,0.06359444196839961,0.025304158165982017,2.0589183062505376e-16
97,0.0,5.979707235992631,60.05679633867275,1.1102230246251565e-16,7.105427357601002e-15,3.3306690738754696e-16,0.0,1.1102230246251565e-16,1.1363360520455543,0.1138680121180826,0.07895824776780129,0.029976561958032943,1.1102230246251565e-16,0.09522667237242141,0.06603198783770511,0.025069097030243844,1.0294591531252688e-16
98,0.0,5.979707235992631,60.05562929061782,2.220446049250313e-16,0.0,3.3306690738754696e-16,0.0,2.220446049250313e-16,1.1437925056271003,0.12129488194503313,0.08260882994165868,0.029976918703650626,1.1102230246251565e-16,0.10046550088697197,0.06842281673134744,0.024829128025163322,2.0589183062505376e-16
99,0.0,5.979707235992631,60.054462242562906,2.220446049250313e-16,7.105427357601002e-15,0.0,8.881784197001252e-16,5.551115123125783e-16,1.1512774421714413,0.1287501223023903,0.08628835470974006,0.029977276806204437,1.1102230246251565e-16,0.10558844201857188,0.07076539249219962,0.02458447337620768,5.147295765626344e-16
100,0.0,5.979707235992631,60.05329519450799,2.220446049250313e-16,0.0,2.220446049250313e-16,8.881784197001252e-16,1.1102230246251565e-16,1.158796063928574,0.1362389147231301,0.08999770390176674,0.02997763651467948,4.440892098500626e-16,0.11059648384845369,0.0730586383941578,0.02433534647092785,1.0294591531252688e-16
101,0.0,5.979707235992631,60.052128146453065,2.220446049250313e-16,0.0,3.3306690738754696e-16,8.881784197001252e-16,2.220446049250313e-16,1.1663539259484867,0.14376679215585594,0.0937382138478206,0.029977998094961208,0.0,0.1154908671692092,0.07530186520710107,0.024081952056290275,2.0589183062505376e-16
102,0.0,5.979707235992631,60.05096109839815,2.220446049250313e-16,0.0,2.220446049250313e-16,1.7763568394002505e-15,0.0,1.173956947438574,0.15133965027346405,0.09751163154916659,0.02997836183026137,2.220446049250313e-16,0.12027306456120201,0.07749471295585156,0.023824486453714936,0.0
103,0.0,5.979707235992631,60.04979405034322,2.220446049250313e-16,3.552713678800501e-15,3.3306690738754696e-16,8.881784197001252e-16,1.1102230246251565e-16,1.1816114256157575,0.15896376126760536,0.10132008236349138,0.029978728021949157,3.3306690738754696e-16,0.12494476107578528,0.07963710333812496,0.023563137788069597,1.0294591531252688e-16
104,0.0,5.979707235992631,60.048627002288306,2.220446049250313e-16,1.7763568394002505e-15,1.1102230246251565e-16,8.881784197001252e-16,1.1102230246251565e-16,1.1893240521898756,0.16664579026464837,0.10516604693695568,0.029979096990232174,2.220446049250313e-16,0.12950783648220054,0.0817292005310256,0.023298086226656058,1.0294591531252688e-16
105,0.0,5.979707235992631,60.04745995423339,2.220446049250313e-16,0.0,1.1102230246251565e-16,1.7763568394002505e-15,2.220446049250313e-16,1.1971019326445105,0.1743928145287952,0.10905234571016163,0.029979469075117497,3.3306690738754696e-16,0.13396434903596832,0.08377137867394738,0.023029504225524834,2.0589183062505376e-16
106,0.0,5.979707235992631,60.046292906178465,2.220446049250313e-16,1.7763568394002505e-15,3.3306690738754696e-16,8.881784197001252e-16,0.0,1.2049526085139324,0.18221234564921673,0.11298212976679776,0.029979844637369687,0.0,0.13831652072736714,0.08576419472583934,0.02275755678032355,0.0
107,0.0,5.979707235992631,60.04512585812355,1.1102230246251565e-16,7.105427357601002e-15,2.220446049250313e-16,8.881784197001252e-16,2.220446049250313e-16,1.2128840828901246,0.19011235494523093,0.11695887712901844,0.029980224060002916,2.220446049250313e-16,0.1425667239723347,0.08770836570074934,0.022482401679904087,2.0589183062505376e-16
108,0.0,5.979707235992631,60.043958810068624,1.1102230246251565e-16,1.7763568394002505e-15,2.220446049250313e-16,2.6645352591003757e-15,1.1102230246251565e-16,1.2209048494334713,0.1981013023612873,0.12098639385651692,0.029980607749275672,2.220446049250313e-16,0.1467174697100304,0.08960474951142053,0.022204189760047937,1.0294591531252688e-16
109,0.0,5.979707235992631,60.04279176201371,1.1102230246251565e-16,5.329070518200751e-15,1.1102230246251565e-16,0.0,2.220446049250313e-16,1.2290239252062012,0.20618816916956526,0.12506881950857932,0.029980996136594096,0.0,0.15077139687671612,0.09145432882486534,0.0219230651568196,2.0589183062505376e-16
110,0.0,5.979707235992631,60.04162471395878,1.1102230246251565e-16,3.552713678800501e-15,1.1102230246251565e-16,0.0,1.1102230246251565e-16,1.2372508876975834,0.21438249484782743,0.12921063668528088,0.029981389680101774,3.3306690738754696e-16,0.15473126323027897,0.09325819746287344,0.02163916555731047,1.0294591531252688e-16
111,0.0,5.979707235992631,60.040457665903865,5.551115123125783e-17,0.0,0.0,8.881784197001252e-16,1.1102230246251565e-16,1.2455959164678099,0.22269441855787364,0.13341668449724822,0.02998178886682237,3.3306690738754696e-16,0.15859993750596474,0.09501754898278948,0.02135262244733495,1.0294591531252688e-16
112,0.0,5.979707235992631,60.03929061784895,5.551115123125783e-17,1.7763568394002505e-15,1.1102230246251565e-16,1.7763568394002505e-15,1.1102230246251565e-16,1.2540698399039445,0.23113472571575172,0.13769217592321362,0.02998219421462559,3.3306690738754696e-16,0.16238039289092235,0.09673366715096635,0.021063561354645273,1.0294591531252688e-16
113,0.0,5.979707235992631,60.038123569794024,0.0,3.552713678800501e-15,0.0,3.552713678800501e-15,3.3306690738754696e-16,1.2626841876566517,0.23971490022016365,0.14204271911578675,0.029982606275061115,2.220446049250313e-16,0.16607570181293732,0.09840791808480143,0.020772102087682043,3.0883774593758063e-16
114,0.0,5.979707235992631,60.03695652173911,0.0,5.329070518200751e-15,2.220446049250313e-16,2.6645352591003757e-15,2.220446049250313e-16,1.2714512494148613,0.24844718299386714,0.14647434280508315,0.029983025635937525,0.0,0.16968903204861116,0.10004174388712854,0.0204783589684594,2.0589183062505376e-16
115,0.0,5.979707235992631,60.03578947368418,5.551115123125783e-17,1.7763568394002505e-15,0.0,8.881784197001252e-16,0.0,1.2803841407763938,0.2573446375927461,0.15099352603992836,0.029983452924561824,0.0,0.17322364416567204,0.1016366576382781,0.02018244105976614,0.0
116,0.0,5.979707235992631,60.034622425629266,5.551115123125783e-17,5.329070518200751e-15,0.0,2.6645352591003757e-15,1.1102230246251565e-16,1.2894968770918385,0.2664212237566968,0.15560723259539994,0.029983888811226888,1.1102230246251565e-16,0.17668289032712634,0.10319423964461695,0.019884452386018246,1.0294591531252688e-16
117,0.0,5.979707235992631,60.03345537757435,5.551115123125783e-17,5.329070518200751e-15,1.1102230246251565e-16,8.881784197001252e-16,2.220446049250313e-16,1.298804456296404,0.27569187991276345,0.1603229504677158,0.029984334013245264,1.1102230246251565e-16,0.18007021449758143,0.10471613487035521,0.019584492147685616,2.0589183062505376e-16
118,0.0,5.979707235992631,60.032288329519425,5.551115123125783e-17,3.552713678800501e-15,1.1102230246251565e-16,0.0,3.3306690738754696e-16,1.308322951907498,0.2851726158036149,0.1651487369798519,0.029984789299252166,0.0,0.18338915410854478,0.10620405150572552,0.019282654928899714,3.0883774593758063e-16
119,0.0,5.979707235992631,60.03112128146451,5.551115123125783e-17,3.552713678800501e-15,2.220446049250313e-16,2.6645352591003757e-15,3.3306690738754696e-16,1.3180696175551563,0.2948806166032412,0.1700932701319964,0.029985255494423043,2.220446049250313e-16,0.18664334325678184,0.10765976064689828,0.018979030898521217,3.0883774593758063e-16
120,0.0,5.979707235992631,60.02995423340958,5.551115123125783e-17,3.552713678800501e-15,1.1102230246251565e-16,0.0,2.220446049250313e-16,1.328063004638971,0.30483436010714904,0.1751659069580753,0.029985733485857244,1.1102230246251565e-16,0.18983651753152214,0.10908509708512935,0.018673706004082417,2.0589183062505376e-16
121,0.0,5.979707235992631,60.028787185354666,0.0,5.329070518200751e-15,2.220446049250313e-16,8.881784197001252e-16,1.1102230246251565e-16,1.3383230949705893,0.3150537488484275,0.18037674979493698,0.02998622422907387,2.220446049250313e-16,0.19297252058970413,0.11048196122387176,0.018366762159165224,1.0294591531252688e-16
122,0.0,5.979707235992631,60.02762013729974,5.551115123125783e-17,0.0,0.0,8.881784197001252e-16,2.220446049250313e-16,1.3488714505784485,0.3255602593081271,0.18573672154082524,0.029986728755135784,2.220446049250313e-16,0.19605531262787365,0.1118523221647212,0.018058277423876692,2.0589183062505376e-16
123,0.0,5.979707235992631,60.026453089244825,5.551115123125783e-17,3.552713678800501e-15,1.1102230246251565e-16,8.881784197001252e-16,0.0,1.3597313832290465,0.3363771107640735,0.191257651178384,0.029987248178669997,1.1102230246251565e-16,0.1990889809323325,0.11319822202564331,0.017748326178601535,0.0
124,0.0,5.979707235992631,60.02528604118991,1.1102230246251565e-16,7.105427357601002e-15,0.0,8.881784197001252e-16,2.220446049250313e-16,1.3709281466723036,0.34752945677342556,0.1969523710746473,0.029987783707201038,1.1102230246251565e-16,0.20207775272904538,0.11452178158057395,0.017436979291302605,2.0589183062505376e-16
125,0.0,5.979707235992631,60.024118993134984,1.1102230246251565e-16,3.552713678800501e-15,1.1102230246251565e-16,8.881784197001252e-16,0.0,1.3824891551629077,0.35904460282699935,0.20283482785268697,0.029988336651498353,2.220446049250313e-16,0.20502601060251205,0.11582520733760072,0.01712430427821893,0.0
126,0.0,5.979707235992631,60.02295194508007,1.1102230246251565e-16,1.7763568394002505e-15,0.0,8.881784197001252e-16,1.1102230246251565e-16,1.3944442324660087,0.3709522543672228,0.20892020896845417,0.02998890843746733,1.1102230246251565e-16,0.20793831080923725,0.11711080020505137,0.016810365458317694,1.0294591531252688e-16
127,0.0,5.979707235992631,60.02178489702514,1.1102230246251565e-16,3.552713678800501e-15,1.1102230246251565e-16,0.0,0.0,1.4068258963529463,0.3832848001549413,0.21522508753651903,0.029989500619778432,1.1102230246251565e-16,0.21081940487995834,0.11838096593275754,0.016495224101642017,0.0
128,0.0,5.979707235992631,60.020617848970225,1.1102230246251565e-16,3.552713678800501e-15,1.1102230246251565e-16,0.0,0.0,1.4196696845609493,0.39607763693607223,0.22176758844615221,0.029990114897443798,1.1102230246251565e-16,0.21367426498783795,0.11963822756043435,0.016178938571698245,0.0
129,0.0,5.979707235992631,60.01945080091531,5.551115123125783e-17,0.0,1.1102230246251565e-16,8.881784197001252e-16,0.0,1.4330145293764167,0.409369542538717,0.22856757941603972,0.02999075313170846,0.0,0.21650811366030642,0.12088524015825802,0.0158615644620997,0.0
130,0.0,5.979707235992631,60.018283752860384,5.551115123125783e-17,1.7763568394002505e-15,1.6653345369377348e-16,0.0,0.0,1.4469031894562574,0.4232031059813406,0.23564689138186634,0.029991417366660177,1.1102230246251565e-16,0.2193264585358976,0.12212480820983587,0.015543154727677299,0.0
131,0.0,5.979707235992631,60.01711670480547,2.7755575615628914e-17,0.0,0.0,0.0,1.1102230246251565e-16,1.461382749298746,0.43762522496196365,0.24302957352988916,0.02999210985318536,0.0,0.22213513301943585,0.12335990606668264,0.015223759810348956,1.0294591531252688e-16
132,0.0,5.979707235992631,60.01594965675054,0.0,1.7763568394002505e-15,1.6653345369377348e-16,0.0,1.1102230246251565e-16,1.4765051990031322,0.45268768331785253,0.250742189428781,0.029992833076438664,5.551115123125783e-17,0.2249403438770249,0.12459370200047105,0.014903427759759105,1.0294591531252688e-16
133,0.0,5.979707235992631,60.014782608695626,2.7755575615628914e-17,0.0,0.0,0.0,2.220446049250313e-16,1.4923281097371972,0.4684478238129461,0.2588141621337943,0.02999358978842695,1.1102230246251565e-16,0.22774872704630228,0.1258295865006811,0.014582204349381001,2.0589183062505376e-16
134,0.0,5.979707235992631,60.0136155606407,2.7755575615628914e-17,0.0,5.551115123125783e-17,1.7763568394002505e-15,1.1102230246251565e-16,1.5089154238171392,0.48496933508365936,0.26727817791702196,0.029994383045507136,0.0,0.2305674132316433,0.12707120561543123,0.01426013318777907,1.0294591531252688e-16
135,0.0,5.979707235992631,60.012448512585784,0.0,3.552713678800501e-15,5.551115123125783e-17,1.3322676295501878e-15,1.1102230246251565e-16,1.5263383827015071,0.502323175950745,0.27617066052485006,0.029995216252822216,1.6653345369377348e-16,0.23340410522237698,0.12832250032356854,0.013937255825775688,1.0294591531252688e-16
136,0.0,5.979707235992631,60.01128146453087,2.7755575615628914e-17,1.7763568394002505e-15,5.551115123125783e-17,4.440892098500626e-16,2.220446049250313e-16,1.544676621783535,0.5205886658683696,0.28553233071479706,0.029996093216650428,0.0,0.23626716934294298,0.12958775316659668,0.01361361185961166,2.0589183062505376e-16
137,0.0,5.979707235992631,60.01011441647594,0.0,1.7763568394002505e-15,0.0,0.0,1.1102230246251565e-16,1.5640194679976274,0.5398547773826782,0.29540886946517086,0.029997018206175088,0.0,0.239165744041519,0.13087164367542473,0.013289239030335295,1.0294591531252688e-16
138,0.0,5.979707235992631,60.008947368421026,5.551115123125783e-17,8.881784197001252e-16,5.551115123125783e-17,1.3322676295501878e-15,5.551115123125783e-17,1.5844674854328442,0.5602216756130112,0.30585170793709715,0.02999799602756282,1.1102230246251565e-16,0.24210986939456194,0.13217931452175047,0.01296417332011411,5.147295765626344e-17
139,0.0,5.979707235992631,60.0077803203661,5.551115123125783e-17,0.0,0.0,4.440892098500626e-16,0.0,1.6061343260378416,0.581802561614757,0.3169189733381381,0.02999903211212952,5.551115123125783e-17,0.24511064230302743,0.13351645083399163,0.012638449045437662,0.0
140,0.0,5.979707235992631,60.006613272311185,5.551115123125783e-17,1.7763568394002505e-15,5.551115123125783e-17,1.3322676295501878e-15,2.7755575615628914e-16,1.6291489580347407,0.60472589195215,0.3286766277651865,0.030000132622984448,1.1102230246251565e-16,0.24818040345865064,0.1348893757845698,0.01231209894808744,2.573647882813172e-16
141,0.0,5.979707235992631,60.00544622425627,0.0,0.0,1.1102230246251565e-16,1.3322676295501878e-15,1.1102230246251565e-16,1.6536583651125973,0.629138067183171,0.34119984754110827,0.030001304583744674,5.551115123125783e-17,0.2513329638750961,0.13630516643220464,0.011985154284038456,1.0294591531252688e-16
142,0.0,5.979707235992631,60.004279176201344,1.3877787807814457e-17,1.7763568394002505e-15,5.551115123125783e-17,4.440892098500626e-16,5.551115123125783e-17,1.679830836642636,0.6552067090213745,0.3545747044233149,0.03000255603569978,1.6653345369377348e-16,0.25458388105760454,0.1377717949679842,0.011657644911214625,5.147295765626344e-17
143,0.0,5.979707235992631,60.00311212814643,1.3877787807814457e-17,1.7763568394002505e-15,1.6653345369377348e-16,0.0,1.1102230246251565e-16,1.707860005589277,0.683124682226977,0.3689002286470272,0.0300038962306127,0.0,0.25795079794027587,0.13929830207515972,0.011329599376753634,1.0294591531252688e-16
144,0.0,5.979707235992631,60.0019450800915,2.7755575615628914e-17,8.881784197001252e-16,5.551115123125783e-17,0.0,5.551115123125783e-17,1.7379698401307149,0.7131150664241575,0.3842909589303089,0.030005335869091914,0.0,0.2614538618584254,0.1408950112264844,0.011001045004800166,5.147295765626344e-17
145,0.0,5.979707235992631,60.000778032036585,2.7755575615628914e-17,0.0,1.1102230246251565e-16,8.881784197001252e-16,0.0,1.770420862537595,0.7454373503070925,0.40088011900540443,0.030006887397315985,5.551115123125783e-17,0.2651162464864259,0.14257379563548997,0.010672007985969524,0.0
146,0.0,5.979707235992631,59.99961098398167,6.938893903907228e-18,8.881784197001252e-16,5.551115123125783e-17,0.0,0.0,1.8055179623642017,0.780395213833451,0.418823607911266,0.030008565380159048,1.1102230246251565e-16,0.26896480751337026,0.14434841358208272,0.010342513470295833,0.0
147,0.0,5.979707235992631,59.998443935926744,1.3877787807814457e-17,2.6645352591003757e-15,1.1102230246251565e-16,8.881784197001252e-16,5.551115123125783e-17,1.8436203020738506,0.8183463945507479,0.43830505808623,0.030010386973948304,2.220446049250313e-16,0.27303091381940137,0.1462349334436128,0.010012585665595972,5.147295765626344e-17
148,0.0,5.979707235992631,59.99727688787183,1.3877787807814457e-17,8.881784197001252e-16,0.0,1.3322676295501878e-15,5.551115123125783e-17,1.8851539993993274,0.8597153196413838,0.4595423101685915,0.030012372531538746,5.551115123125783e-17,0.27735151152774346,0.1482522777299998,0.009682247944154598,5.147295765626344e-17
149,0.0,5.979707235992631,59.9961098398169,0.0,8.881784197001252e-16,0.0,4.440892098500626e-16,5.551115123125783e-17,1.930628539040042,0.9050094525085219,0.48279579009349965,0.030014546385697543,0.0,0.281970500805879,0.15042292690125494,0.009351522961862908,5.147295765626344e-17
150,0.0,5.979707235992631,59.994942791761986,0.0,8.881784197001252e-16,0.0,0.0,1.6653345369377348e-16,1.9806582590395032,0.954840693909699,0.5083794740855675,0.03001693787411709,5.551115123125783e-17,0.28694053822234966,0.15277384054297904,0.009020432795044392,1.5441887296879031e-16
151,0.0,5.979707235992631,59.99377574370706,0.0,8.881784197001252e-16,0.0,4.440892098500626e-16,0.0,2.030697661208853,1.0046815821848285,0.5339685844617188,0.03001932959363599,0.0,0.29086450544433895,0.15458878812580748,0.00869087043183919,0.0
152,0.0,5.979707235992631,59.992608695652144,0.0,0.0,8.326672684688674e-17,0.0,0.0,2.0807467472596475,1.0545321190139556,0.5595627277361739,0.030021721544223032,0.0,0.29380753229880574,0.1559020737616604,0.008364475356632858,0.0
153,0.0,5.979707235992631,59.99144164759723,0.0,8.881784197001252e-16,8.326672684688674e-17,0.0,5.551115123125783e-17,2.1308055189050927,1.1043923060845455,0.5851615792029621,0.030024113725951478,5.551115123125783e-17,0.29583528150532357,0.15674814063432604,0.00804260595363541,5.147295765626344e-17
154,0.0,5.979707235992631,59.9902745995423,0.0,4.440892098500626e-16,2.7755575615628914e-17,8.881784197001252e-16,0.0,2.1808739778598634,1.154262145090022,0.6107648685507003,0.030026506138790963,5.551115123125783e-17,0.2970130541506192,0.15716112648049888,0.007726376830160253,0.0
155,0.0,5.979707235992631,59.989107551487386,0.0,1.7763568394002505e-15,0.0,0.0,5.551115123125783e-17,2.2309521258399676,1.2041416377284204,0.6363723689417572,0.03002889878275281,5.551115123125783e-17,0.29740508203586125,0.15717451391143072,0.00741669154700005,5.147295765626344e-17
156,0.0,5.979707235992631,59.98794050343246,0.0,4.440892098500626e-16,8.326672684688674e-17,4.440892098500626e-16,5.551115123125783e-17,2.281039964562657,1.2540307857016848,0.6619838886201893,0.03003129165791057,2.7755575615628914e-17,0.29707397658339296,0.15682085995719686,0.007114271305356505,5.147295765626344e-17
157,0.0,5.979707235992631,59.986773455377545,0.0,4.440892098500626e-16,0.0,6.661338147750939e-16,0.0,2.331137495746367,1.3039295907149326,0.6875992643905704,0.030033684764251365,0.0,0.29608030844855915,0.15613159156710202,0.006819680074880976,0.0
158,0.0,5.979707235992631,59.98560640732263,0.0,8.881784197001252e-16,2.7755575615628914e-17,2.220446049250313e-16,2.7755575615628914e-17,2.3812447211105034,1.3538380544759148,0.7132183564991249,0.030036078101793692,2.7755575615628914e-17,0.29448229581768387,0.15513685580546233,0.006533346590113022,2.573647882813172e-17
159,0.0,5.979707235992631,59.984439359267704,0.0,4.440892098500626e-16,2.7755575615628914e-17,4.440892098500626e-16,0.0,2.431361642375454,1.4037561786945898,0.7388410445773658,0.03003847167059016,8.326672684688674e-17,0.29233558266898596,0.15386541519421412,0.00625558359178437,0.0
160,0.0,5.979707235992631,59.98327231121279,0.0,4.440892098500626e-16,0.0,6.661338147750939e-16,5.551115123125783e-17,2.481488261262551,1.4536839650828532,0.7644672243995464,0.03004086547059867,5.551115123125783e-17,0.2896930911032225,0.15234458011702923,0.005986604644908348,5.147295765626344e-17
161,0.0,5.979707235992631,59.98210526315786,0.0,4.440892098500626e-16,5.551115123125783e-17,4.440892098500626e-16,8.326672684688674e-17,2.5316245794939607,1.5036214153541705,0.7900968052699915,0.030043259501910176,5.551115123125783e-17,0.2866049342786012,0.15060017144993945,0.005726538826285441,7.720943648439516e-17
162,0.0,5.979707235992631,59.980938215102945,0.0,4.440892098500626e-16,5.551115123125783e-17,0.0,0.0,2.5817705987926085,1.5535685312235394,0.815729707901512,0.030045653764492242,2.7755575615628914e-17,0.2831183785654709,0.148656507651371,0.00547544353903922,0.0
163,0.0,5.979707235992631,59.97977116704802,0.0,4.440892098500626e-16,5.551115123125783e-17,4.440892098500626e-16,2.7755575615628914e-17,2.6319263208822092,1.6035253144070785,0.841365862681108,0.030048048258367037,2.7755575615628914e-17,0.27927784531768035,0.14653641145685045,0.005233315681518485,2.573647882813172e-17
164,0.0,5.979707235992631,59.978604118993104,0.0,8.881784197001252e-16,2.7755575615628914e-17,2.220446049250313e-16,2.7755575615628914e-17,2.6820917474871706,1.6534917666221165,0.8670052082425646,0.030050442983579968,2.7755575615628914e-17,0.2751249441815475,0.14426123210165373,0.005000101370554737,2.573647882813172e-17
165,0.0,5.979707235992631,59.97743707093819,0.0,4.440892098500626e-16,2.7755575615628914e-17,6.661338147750939e-16,5.551115123125783e-17,2.7322668803325416,1.703467889586934,0.8926476902843642,0.030052837940164827,2.7755575615628914e-17,0.270698531164716,0.1418508796582879,0.004775704395406333,5.147295765626344e-17
166,0.0,5.979707235992631,59.97627002288326,0.0,4.440892098500626e-16,1.3877787807814457e-17,4.440892098500626e-16,5.551115123125783e-17,2.7824517211440196,1.7534536850206381,0.9182932605852686,0.030055233128047372,2.7755575615628914e-17,0.2660347857979454,0.1393238686407753,0.00455999355764751,5.147295765626344e-17
167,0.0,5.979707235992631,59.975102974828346,0.0,0.0,4.163336342344337e-17,0.0,2.7755575615628914e-17,2.8326462716479406,1.803449154643219,0.9439418761803308,0.03005762854735767,2.7755575615628914e-17,0.2611673026689253,0.13669736850830852,0.004352809033804387,2.573647882813172e-17
168,0.0,5.979707235992631,59.97393592677342,0.0,0.0,5.551115123125783e-17,2.220446049250313e-16,5.551115123125783e-17,2.8828505335711685,1.8534543001754316,0.9695934986667973,0.030060024198094212,2.7755575615628914e-17,0.2561271934120006,0.1339872591088669,0.0041539678809593295,5.147295765626344e-17
169,0.0,5.979707235992631,59.972768878718504,0.0,6.661338147750939e-16,1.3877787807814457e-17,2.220446049250313e-16,2.7755575615628914e-17,2.933064508641174,1.903469123338614,0.9952480936175969,0.030062420080225773,2.7755575615628914e-17,0.2509431959213274,0.13120818944987916,0.003963268791473495,2.573647882813172e-17
170,0.0,5.979707235992631,59.97160183066359,0.0,8.881784197001252e-16,1.3877787807814457e-17,4.440892098500626e-16,2.7755575615628914e-17,2.9832881985859503,1.9534936258548565,1.0209056300829469,0.03006481619383267,0.0,0.24564178813447757,0.12837363847572814,0.0037804961900275835,2.573647882813172e-17
171,0.0,5.979707235992631,59.97043478260866,0.0,2.220446049250313e-16,0.0,4.440892098500626e-16,2.7755575615628914e-17,3.0335216051339766,2.003527809446773,1.0465660801647851,0.030067212538869348,2.7755575615628914e-17,0.24024730422361948,0.12549597677952762,0.003605423754999732,2.573647882813172e-17
172,0.0,5.979707235992631,59.969267734553746,0.0,4.440892098500626e-16,2.7755575615628914e-17,2.220446049250313e-16,2.7755575615628914e-17,3.083764730014293,2.053571675837549,1.0722294186527472,0.0300696091154133,2.7755575615628914e-17,0.23478205144546777,0.12258652838538063,0.0034378174364918285,2.573647882813172e-17
173,0.0,5.979707235992631,59.96810068649882,0.0,0.0,0.0,0.0,1.3877787807814457e-17,3.134017574956363,2.1036252267509234,1.0978956227104901,0.030072005923469588,6.938893903907228e-17,0.22926642624958968,0.11965563191247341,0.0032774380343779247,1.286823941406586e-17
174,0.0,5.979707235992631,59.966933638443905,0.0,0.0,0.0,3.3306690738754696e-16,4.163336342344337e-17,3.1842801416901616,2.1536884639110974,1.1235646716052372,0.03007440296303174,6.938893903907228e-17,0.22371902853740958,0.11671270057973128,0.0031240433922897167,3.860471824219758e-17
175,0.0,5.979707235992631,59.96576659038899,0.0,2.220446049250313e-16,1.3877787807814457e-17,0.0,2.7755575615628914e-17,3.234552431946085,2.2037613890427794,1.1492365464734882,0.030076800234128447,2.7755575615628914e-17,0.2181567732093374,0.11376628063249553,0.0029773902565691673,2.573647882813172e-17
176,0.0,5.979707235992631,59.964599542334064,0.0,2.220446049250313e-16,1.3877787807814457e-17,3.3306690738754696e-16,4.163336342344337e-17,3.2848344474550215,2.253844003871142,1.1749112301171742,0.03007919773680839,1.3877787807814457e-17,0.2125949983418687,0.11082410787507371,0.0028372358432962427,3.860471824219758e-17
177,0.0,5.979707235992631,59.96343249427915,0.0,0.0,1.3877787807814457e-17,3.3306690738754696e-16,4.163336342344337e-17,3.3351261899482414,2.303936310121811,1.200588706826082,0.030081595471076587,1.3877787807814457e-17,0.20704756950646028,0.10789316207794904,0.0027033391512605014,3.860471824219758e-17
178,0.0,5.979707235992631,59.96226544622422,0.0,2.220446049250313e-16,1.3877787807814457e-17,1.1102230246251565e-16,0.0,3.3854276611574865,2.3540383095207713,1.2262689622223755,0.030083993436950004,1.3877787807814457e-17,0.201526979882537,0.10497971909840222,0.002575462054136592,0.0
179,0.0,5.979707235992631,59.961098398169305,0.0,2.220446049250313e-16,1.3877787807814457e-17,2.220446049250313e-16,2.7755575615628914e-17,3.4357388628148966,2.404150003794486,1.2519519831244303,0.03008639163442787,0.0,0.1960444459326935,0.10208940061085582,0.0024533702010174725,2.573647882813172e-17
180,0.0,5.979707235992631,59.95993135011438,0.0,4.440892098500626e-16,0.0,1.1102230246251565e-16,0.0,3.486059796653045,2.454271394669883,1.2776377574267515,0.030088790063578133,1.3877787807814457e-17,0.19060999850270974,0.09922722139002688,0.002336833750913844,0.0
181,0.0,5.979707235992631,59.958764302059464,0.0,0.0,0.0,1.1102230246251565e-16,2.7755575615628914e-17,3.5363904644048505,2.504402483874179,1.3033262739943048,0.030091188724321864,2.7755575615628914e-17,0.185232569285835,0.0963976341279767,0.00222562796362053,2.573647882813172e-17
182,0.0,5.979707235992631,59.95759725400455,0.0,0.0,2.0816681711721685e-17,1.1102230246251565e-16,1.3877787807814457e-17,3.5867308678037055,2.5545432731349806,1.3290175225689953,0.03009358761685904,2.7755575615628914e-17,0.1799200726526424,0.09360457179642917,0.0021195336666813393,1.286823941406586e-17
183,0.0,5.979707235992631,59.95643020594962,0.0,1.1102230246251565e-16,2.0816681711721685e-17,0.0,1.3877787807814457e-17,3.6370810085833267,2.604693764180377,1.3547114936866234,0.03009598674101987,0.0,0.174679482896887,0.09085148758979457,0.002018337615534314,1.286823941406586e-17
184,0.0,5.979707235992631,59.955263157894706,0.0,2.220446049250313e-16,1.3877787807814457e-17,1.1102230246251565e-16,2.7755575615628914e-17,3.687440888477856,2.654853958738701,1.3804081786033027,0.030098386096918974,1.3877787807814457e-17,0.1695169069864472,0.08814139250311147,0.0019218327620769003,2.573647882813172e-17
185,0.0,5.979707235992631,59.95409610983978,0.0,0.0,2.0816681711721685e-17,1.1102230246251565e-16,0.0,3.737810509221761,2.7050238585387745,1.406107569229761,0.03010078568455237,1.3877787807814457e-17,0.16443765293830254,0.08547689061338808,0.0018298184446478149,0.0
186,0.0,5.979707235992631,59.952929061784864,0.0,1.1102230246251565e-16,0.0,5.551115123125783e-17,0.0,3.7881898725499608,2.7552034653096467,1.431809658072835,0.03010318550396091,2.0816681711721685e-17,0.15944629395883997,0.08286021214354483,0.0017421005110497723,0.0
187,0.0,5.979707235992631,59.95176201372995,0.0,0.0,1.3877787807814457e-17,1.1102230246251565e-16,2.7755575615628914e-17,3.838578980197657,2.8053927807808523,1.4575144381830036,0.030105585555184323,0.0,0.1545467285072807,0.08029324439575034,0.0016584913846020338,2.573647882813172e-17
188,0.0,5.979707235992631,59.95059496567502,0.0,0.0,6.938893903907228e-18,0.0,6.938893903907228e-18,3.8889778339005074,2.8555918066821735,1.4832219031073512,0.030107985838147784,0.0,0.14974223645124132,0.07777756064611127,0.0015788100819930455,6.43411970703293e-18
189,0.0,5.979707235992631,59.949427917620106,0.0,0.0,6.938893903907228e-18,1.1102230246251565e-16,1.3877787807814457e-17,3.939386435394442,2.9058005447437845,1.508932046847589,0.030110386352983232,2.0816681711721685e-17,0.14503553149078222,0.07531444709578682,0.0015028821905884759,1.286823941406586e-17
190,0.0,5.979707235992631,59.94826086956518,0.0,1.1102230246251565e-16,6.938893903907228e-18,5.551115123125783e-17,0.0,3.989804786415845,2.95601899669623,1.534644863821851,0.030112787099629595,6.938893903907228e-18,0.14042881003109628,0.07290492797498847,0.0014305398117694468,0.0
191,0.0,5.979707235992631,59.947093821510265,0.0,2.220446049250313e-16,0.0,5.551115123125783e-17,2.0816681711721685e-17,4.040232888701337,3.0062471642703708,1.560360348830629,0.030115188078157044,6.938893903907228e-18,0.13592379668519164,0.07054978889653749,0.0013616214761453926,1.930235912109879e-17
192,0.0,5.979707235992631,59.94592677345534,0.0,1.1102230246251565e-16,6.938893903907228e-18,5.551115123125783e-17,0.0,4.090670743988006,3.0564850491973266,1.586078497025885,0.030117589288550788,6.938893903907228e-18,0.13152178658692146,0.06824959855462918,0.0012959720355777858,0.0
193,0.0,5.979707235992631,59.944759725400424,0.0,0.0,3.469446951953614e-18,1.1102230246251565e-16,1.3877787807814457e-17,4.1411183540132335,3.1067326532087063,1.6117993038830463,0.030119990730844953,0.0,0.12722368469200535,0.06600472886272353,0.0012334425363924974,1.286823941406586e-17
194,0.0,5.979707235992631,59.94359267734551,0.0,2.220446049250313e-16,3.469446951953614e-18,0.0,6.938893903907228e-18,4.191575720514737,3.156989978036338,1.63752276517565,0.030122392405089488,6.938893903907228e-18,0.12303004224059251,0.06381537362206134,0.0011738900775006536,6.43411970703293e-18
195,0.0,5.979707235992631,59.94242562929058,0.0,1.1102230246251565e-16,1.0408340855860843e-17,5.551115123125783e-17,6.938893903907228e-18,4.242042845230573,3.2072570254123804,1.663248876952459,0.030124794311285737,0.0,0.11894109054993297,0.061681565809413245,0.0011171776566663032,6.43411970703293e-18
196,0.0,5.979707235992631,59.941258581235665,0.0,0.0,3.469446951953614e-18,5.551115123125783e-17,6.938893903907228e-18,4.292519729899227,3.2575337970693914,1.688977635516485,0.03012719644940539,1.3877787807814457e-17,0.11495677229983636,0.0596031935693985,0.0010631740077056084,6.43411970703293e-18
197,0.0,5.979707235992631,59.94009153318074,0.0,5.551115123125783e-17,6.938893903907228e-18,5.551115123125783e-17,6.938893903907228e-18,4.343006376259411,3.307820294740235,1.7147090374060607,0.030129598819492297,1.3877787807814457e-17,0.11107677046726598,0.057580014993243944,0.0010117534310026264,6.43411970703293e-18
198,0.0,5.979707235992631,59.938924485125824,0.0,5.551115123125783e-17,1.3877787807814457e-17,5.551115123125783e-17,0.0,4.393502786050238,3.358116520158042,1.740443079377442,0.03013200142160204,0.0,0.10730053505970731,0.055611671762174276,0.0009627956193746354,0.0
199,0.0,5.979707235992631,59.93775743707091,0.0,1.6653345369377348e-16,1.3877787807814457e-17,5.551115123125783e-17,6.938893903907228e-18,4.44400896101116,3.4084224750563217,1.7661797583889536,0.03013440425574088,3.469446951953614e-18,0.1036273077900203,0.05369770172990401,0.0009161854810345813,6.43411970703293e-18
200,0.0,5.979707235992631,59.93659038901598,0.0,5.551115123125783e-17,3.469446951953614e-18,2.7755575615628914e-17,0.0,4.494524902881946,3.4587381611688914,1.7919190715866413,0.030136807321893555,3.469446951953614e-18,0.10005614482844283,0.05183755051493388,0.0008718129611312365,0.0
201,0.0,5.979707235992631,59.935423340961066,0.0,2.220446049250313e-16,6.938893903907228e-18,0.0,6.938893903907228e-18,4.545050613402695,3.509063580229917,1.817661016290984,0.030139210620173107,1.0408340855860843e-17,0.0965859377604133,0.050030582169590616,0.0008295728631161756,6.43411970703293e-18
202,0.0,5.979707235992631,59.93425629290614,0.0,1.1102230246251565e-16,6.938893903907228e-18,1.3877787807814457e-16,6.938893903907228e-18,4.595586094313843,3.5593987339738207,1.8434055899846256,0.03014161415043616,1.0408340855860843e-17,0.09321543287190813,0.04827608898907248,0.0007893646709690614,6.43411970703293e-18
203,0.0,5.979707235992631,59.933089244851224,0.0,5.551115123125783e-17,3.469446951953614e-18,0.0,3.469446951953614e-18,4.646131347356171,3.6097436241353766,1.8691527903014944,0.030144017912840246,0.0,0.08994324887719636,0.046573300520161384,0.000751092373199403,3.217059853516465e-18
204,0.0,5.979707235992631,59.93192219679631,0.0,0.0,0.0,0.0,0.0,4.696686374270772,3.6600982524497367,1.8949026150164041,0.030146421907392716,3.469446951953614e-18,0.08676789319725266,0.04492139182572286,0.0007146642892958492,0.0
205,0.0,5.979707235992631,59.93075514874138,0.0,0.0,0.0,8.326672684688674e-17,6.938893903907228e-18,4.747251176799067,3.7104626206522853,1.9206550620355545,0.030148826134057113,3.469446951953614e-18,0.08368777689065535,0.04331949105777074,0.0006799928992624062,6.43411970703293e-18
206,0.0,5.979707235992631,59.929588100686466,0.0,1.1102230246251565e-16,0.0,5.551115123125783e-17,1.0408340855860843e-17,4.797825756682813,3.760836730478725,1.9464101293881737,0.030151230592884614,6.938893903907228e-18,0.0807012283326184,0.041766686388611654,0.0006469946767075104,9.651179560549395e-18
207,0.0,5.979707235992631,59.92842105263154,0.0,0.0,1.734723475976807e-18,0.0,3.469446951953614e-18,4.848410115664105,3.811220583665162,1.972167815218181,0.03015363528387889,0.0,0.07780650573186017,0.04026203234644496,0.0006155899258644607,3.217059853516465e-18
208,0.0,5.979707235992631,59.927254004576625,0.0,1.1102230246251565e-16,5.204170427930421e-18,2.7755575615628914e-17,3.469446951953614e-18,4.89900425548533,3.8616141819479246,1.9979281177771244,0.03015604020710407,0.0,0.07500180856934327,0.03880455559888166,0.0005857026228554335,3.217059853516465e-18
209,0.0,5.979707235992631,59.9260869565217,0.0,0.0,1.734723475976807e-18,0.0,3.469446951953614e-18,4.949608177889232,3.91201752706373,2.0236910354170603,0.03015844536253676,3.469446951953614e-18,0.07228528803754568,0.03739326022496581,0.0005572602614160113,3.217059853516465e-18
210,0.0,5.979707235992631,59.924919908466784,0.0,5.551115123125783e-17,5.204170427930421e-18,0.0,3.469446951953614e-18,5.000221884618848,3.962430620749495,2.0494565665845057,0.03016085075019578,6.938893903907228e-18,0.06965505655377065,0.03602713251366364,0.0005301937032571556,3.217059853516465e-18
211,0.0,5.979707235992631,59.92375286041187,0.0,8.326672684688674e-17,1.734723475976807e-18,2.7755575615628914e-17,3.469446951953614e-18,5.0508453774175885,4.012853464742618,2.075224709814513,0.030163256370122734,3.469446951953614e-18,0.06710919641618378,0.034705145324211956,0.0005044370331683931,3.217059853516465e-18
212,0.0,5.979707235992631,59.92258581235694,0.0,8.326672684688674e-17,5.204170427930421e-18,2.7755575615628914e-17,0.0,5.101478658029114,4.063286060780678,2.100995463725244,0.03016566222233406,3.469446951953614e-18,0.0646457676666431,0.033426262041358255,0.0004799274189326386,0.0
213,0.0,5.979707235992631,59.921418764302025,0.0,5.551115123125783e-17,1.734723475976807e-18,2.7755575615628914e-17,3.469446951953614e-18,5.152121728197472,4.113728410601592,2.1267688270128717,0.030168068306828215,1.734723475976807e-18,0.06226281522010701,0.03218944015626471,0.00045660497608322227,3.217059853516465e-18
214,0.0,5.979707235992631,59.9202517162471,0.0,5.551115123125783e-17,0.0,1.3877787807814457e-17,3.469446951953614e-18,5.202774589666995,4.164180515943611,2.1525447984472077,0.030170474623662652,0.0,0.05995837531629668,0.030993634501743996,0.0004344126374998071,3.217059853516465e-18
215,0.0,5.979707235992631,59.919084668192184,0.0,0.0,0.0,0.0,3.469446951953614e-18,5.253437244182355,4.214642378545351,2.178323376867057,0.030172881172818362,1.734723475976807e-18,0.05773048134548292,0.029837800168482205,0.0004132960278086662,3.217059853516465e-18
216,0.0,5.979707235992631,59.91791762013727,0.0,2.7755575615628914e-17,0.0,1.3877787807814457e-17,3.469446951953614e-18,5.304109693488506,4.265114000145638,2.204104561176329,0.030175287954336816,3.469446951953614e-18,0.05557716909666352,0.028720895127080103,0.00039320334254170595,3.217059853516465e-18
217,0.0,5.979707235992631,59.91675057208234,0.0,5.551115123125783e-17,3.469446951953614e-18,1.3877787807814457e-17,5.204170427930421e-18,5.354791939330766,4.315595382483636,2.229888350340355,0.030177694968237495,1.734723475976807e-18,0.05349648147303981,0.027641882578963568,0.0003740852319751699,4.825589780274697e-18
218,0.0,5.979707235992631,59.915583524027426,0.0,5.551115123125783e-17,0.0,1.3877787807814457e-17,5.204170427930421e-18,5.405483983454798,4.3660865272988945,2.2556747433823006,0.030180102214517113,1.734723475976807e-18,0.0514864727165312,0.026599733057596924,0.00035589468956566134,4.825589780274697e-18
219,0.0,5.979707235992631,59.9144164759725,0.0,2.7755575615628914e-17,2.6020852139652106e-18,4.163336342344337e-17,3.469446951953614e-18,5.456185827606479,4.416587436331201,2.2814637393799693,0.030182509693247817,3.469446951953614e-18,0.04954521218011849,0.025593426299904548,0.0003385869448840013,3.217059853516465e-18
220,0.0,5.979707235992631,59.913249427917584,0.0,2.7755575615628914e-17,3.469446951953614e-18,2.7755575615628914e-17,3.469446951953614e-18,5.506897473532082,4.467098111320662,2.307255337462678,0.03018491740439115,0.0,0.04767078768405319,0.02462195290637227,0.0003221193609334007,3.217059853516465e-18
221,0.0,5.979707235992631,59.91208237986266,0.0,5.551115123125783e-17,8.673617379884035e-19,0.0,5.204170427930421e-18,5.557618922978205,4.517618554007732,2.3330495368085153,0.030187325348011003,0.0,0.04586130848937811,0.023684315806976587,0.00030645133574329445,4.825589780274697e-18
222,0.0,5.979707235992631,59.91091533180774,0.0,2.7755575615628914e-17,1.734723475976807e-18,1.3877787807814457e-17,0.0,5.608350177691724,4.568148766133133,2.3588463366416668,0.030189733524091378,1.734723475976807e-18,0.04411490791980518,0.022779531548838446,0.00029154420810732746,0.0
223,0.0,5.979707235992631,59.909748283752826,0.0,4.163336342344337e-17,1.734723475976807e-18,2.7755575615628914e-17,5.204170427930421e-18,5.659091239419842,4.618688749437945,2.384645736229877,0.03019214193267797,1.734723475976807e-18,0.04242974566074717,0.021906631420342354,0.00027736116734703125,4.825589780274697e-18
224,0.0,5.979707235992631,59.9085812356979,0.0,0.0,8.673617379884035e-19,2.7755575615628914e-17,0.0,5.7098421099100785,4.669238505663474,2.4104477348822466,0.030194550573774723,1.734723475976807e-18,0.04080400976220606,0.02106466242538767,0.0002638671669659462,0.0
225,0.0,5.979707235992631,59.907414187642985,0.0,0.0,8.673617379884035e-19,1.3877787807814457e-17,1.734723475976807e-18,5.760602790910297,4.7197980365514365,2.4362523319469243,0.03019695944740629,0.0,0.03923591837026948,0.020252688120420234,0.0002510288420676701,1.6085299267582325e-18
226,0.0,5.979707235992631,59.90624713958806,0.0,1.3877787807814457e-17,8.673617379884035e-19,1.3877787807814457e-17,1.734723475976807e-18,5.811373284168645,4.770367343843806,2.462059526809208,0.03019936855361953,1.734723475976807e-18,0.037723721210146104,0.019469789325971817,0.00023881443040427156,1.6085299267582325e-18
227,0.0,5.979707235992631,59.905080091533144,0.0,1.3877787807814457e-17,8.673617379884035e-19,0.0,3.469446951953614e-18,5.862153591433582,4.820946429282895,2.487869318889379,0.030201777892397464,1.734723475976807e-18,0.0362657008419824,0.018715064723548308,0.00022719369692407131,3.217059853516465e-18
228,0.0,5.979707235992631,59.90391304347823,0.0,2.7755575615628914e-17,8.673617379884035e-19,2.0816681711721685e-17,3.469446951953614e-18,5.912943714453892,4.871535294611268,2.5136817076412803,0.030204187463758282,0.0,0.03486017370912331,0.01798763134791427,0.00021613786169100445,3.217059853516465e-18
229,0.0,5.979707235992631,59.9027459954233,0.0,4.163336342344337e-17,0.0,6.938893903907228e-18,0.0,5.963743654978713,4.92213394157184,2.5394966925502978,0.030206597267744002,3.469446951953614e-18,0.03350549099701876,0.017286624984047285,0.00020561953104465254,0.0
230,0.0,5.979707235992631,59.901578947368385,0.0,5.551115123125783e-17,0.0,2.7755575615628914e-17,3.469446951953614e-18,6.014553414757435,4.972742371907885,2.56531427313201,0.03020900730436592,0.0,0.032200039319609824,0.016611200477356453,0.00019561263187534774,3.217059853516465e-18
231,0.0,5.979707235992631,59.90041189931346,0.0,2.7755575615628914e-17,1.734723475976807e-18,6.938893903907228e-18,0.0,6.065372995539778,5.023360587362896,2.591134448930509,0.030211417573657567,8.673617379884035e-19,0.030942241248762825,0.015960531965091788,0.00018609234889147586,0.0
232,0.0,5.979707235992631,59.899244851258544,0.0,2.7755575615628914e-17,8.673617379884035e-19,2.0816681711721685e-17,8.673617379884035e-19,6.116202399075792,5.073988589680697,2.616957219517063,0.030213828075597884,1.734723475976807e-18,0.02973055570114556,0.01533381303627713,0.00017703506475621144,8.0426496337911625e-19
233,0.0,5.979707235992631,59.89807780320362,0.0,2.7755575615628914e-17,4.336808689942018e-19,0.0,8.673617379884035e-19,6.167041627115857,5.124626380605467,2.642782584488947,0.03021623881026405,8.673617379884035e-19,0.02856347819583874,0.01473025682693253,0.00016841830297787666,8.0426496337911625e-19
234,0.0,5.979707235992631,59.8969107551487,0.0,2.7755575615628914e-17,4.336808689942018e-19,6.938893903907228e-18,1.734723475976807e-18,6.217890681410607,5.175273961881667,2.6686105434679477,0.030218649777651138,1.734723475976807e-18,0.02743954099496161,0.014149096056830105,0.0001602206734355686,1.6085299267582325e-18
235,0.0,5.979707235992631,59.895743707093786,0.0,0.0,2.168404344971009e-18,1.3877787807814457e-17,1.734723475976807e-18,6.26874956371106,5.225931335254029,2.6944410960993523,0.030221060977743876,8.673617379884035e-19,0.0263573131386494,0.013589583013548004,0.00015242182043210693,1.6085299267582325e-18
236,0.0,5.979707235992631,59.89457665903886,0.0,1.3877787807814457e-17,1.3010426069826053e-18,1.3877787807814457e-17,1.734723475976807e-18,6.3196182757685175,5.27659850246769,2.720274242050804,0.030223472410619536,0.0,0.025315400384837525,0.01305098948913224,0.0001450023731646633,1.6085299267582325e-18
237,0.0,5.979707235992631,59.893409610983944,0.0,0.0,4.336808689942018e-19,6.938893903907228e-18,0.0,6.37049681933458,5.327275465267987,2.7461099810112315,0.030225884076251056,8.673617379884035e-19,0.02431244506349581,0.012532606674262616,0.00013794389850694142,0.0
238,0.0,5.979707235992631,59.89224256292902,0.0,1.3877787807814457e-17,1.3010426069826053e-18,0.0,8.673617379884035e-19,6.421385196161187,5.3779622254006485,2.771948312689882,0.030228295974696926,1.734723475976807e-18,0.02334712585420182,0.012033745014430953,0.00013122885600535037,8.0426496337911625e-19
239,0.0,5.979707235992631,59.8910755148741,0.0,2.7755575615628914e-17,0.0,0.0,0.0,6.472283408000589,5.428658784611693,2.797789236815444,0.030230708105955677,8.673617379884035e-19,0.022418157495238254,0.011553734032281358,0.0001248405549880897,0.0
240,0.0,5.979707235992631,59.889908466819186,0.0,2.0816681711721685e-17,4.336808689942018e-19,1.3877787807814457e-17,8.673617379884035e-19,6.523191456605314,5.479365144647393,2.8236327531350516,0.030233120470014897,8.673617379884035e-19,0.021524290431749013,0.011091922119928209,0.00011876311369581668,8.0426496337911625e-19
241,0.0,5.979707235992631,59.88874141876426,0.0,0.0,0.0,0.0,8.673617379884035e-19,6.574109343728245,5.5300813072544255,2.849478861413542,0.030235533067005355,8.673617379884035e-19,0.02066431040988672,0.010647676304761948,0.00011298142034283955,8.0426496337911625e-19
242,0.0,5.979707235992631,59.887574370709345,0.0,0.0,4.336808689942018e-19,0.0,8.673617379884035e-19,6.625037071122565,5.580807274179694,2.875327561432589,0.03023794589678724,8.673617379884035e-19,0.01983703802332173,0.010220381991963137,0.0001074810960193717,8.0426496337911625e-19
243,0.0,5.979707235992631,59.88640732265442,0.0,2.0816681711721685e-17,4.336808689942018e-19,1.0408340855860843e-17,0.0,6.675974640541763,5.631543047170479,2.901178852990057,0.030240358959545056,4.336808689942018e-19,0.01904132821796739,0.00980944268668353,0.0001022484593573622,0.0
244,0.0,5.979707235992631,59.885240274599504,0.0,6.938893903907228e-18,0.0,3.469446951953614e-18,0.0,6.726922053739653,5.682288627974275,2.9270327358991968,0.03024277225516105,0.0,0.018276069760289306,0.00941427969860362,9.72704928712696e-05,0.0
245,0.0,5.979707235992631,59.88407322654459,0.0,6.938893903907228e-18,4.336808689942018e-19,1.0408340855860843e-17,2.168404344971009e-18,6.777879312470334,5.733044018339026,2.95288920998808,0.03024518578371598,8.673617379884035e-19,0.017540184674127834,0.009034331831353423,9.253481090546038e-05,2.0106624084477907e-18
246,0.0,5.979707235992631,59.88290617848966,0.0,6.938893903907228e-18,4.336808689942018e-19,3.469446951953614e-18,8.673617379884035e-19,6.8288464184882685,5.783809220012826,2.978748275098827,0.030247599545255556,4.336808689942018e-19,0.016832627650541217,0.00866905505906698,8.802962910779378e-05,8.0426496337911625e-19
247,0.0,5.979707235992631,59.881739130434745,0.0,6.938893903907228e-18,0.0,0.0,1.3010426069826053e-18,6.879823373548158,5.834584234744195,3.0046099310871224,0.030250013539764184,8.673617379884035e-19,0.016152385434802567,0.008317922192151283,8.374373536209488e-05,1.2063974450686743e-18
248,0.0,5.979707235992631,59.88057208237982,0.0,6.938893903907228e-18,2.168404344971009e-19,6.938893903907228e-18,8.673617379884035e-19,6.930810179405092,5.885369064281915,3.030474177821559,0.030252427767245654,4.336808689942018e-19,0.015498476194322292,0.007980422534165527,7.966646211138142e-05,8.0426496337911625e-19
249,0.0,5.979707235992631,59.879405034324904,0.0,0.0,0.0,3.469446951953614e-18,1.734723475976807e-18,6.9818068378144185,5.936163710375088,3.0563410151831576,0.03025484222775605,0.0,0.014869948870943265,0.007656061531542321,7.578766000655913e-05,1.6085299267582325e-18
250,0.0,5.979707235992631,59.87823798626998,0.0,0.0,0.0,6.938893903907228e-18,8.673617379884035e-19,7.0328133505318355,5.986968174773145,3.082210443064857,0.03025725692131396,4.336808689942018e-19,0.014265882520749784,0.0073443604177263365,7.209767281850592e-05,8.0426496337911625e-19
251,0.0,5.979707235992631,59.87707093821506,0.0,6.938893903907228e-18,1.0842021724855044e-18,3.469446951953614e-18,0.0,7.083829719313315,6.037782459225747,3.1080824613709073,0.030259671847926082,0.0,0.013685385644253876,0.007044855853163218,6.858731355494141e-05,0.0
252,0.0,5.979707235992631,59.875903890160146,0.0,3.469446951953614e-18,4.336808689942018e-19,6.938893903907228e-18,4.336808689942018e-19,7.134855945915164,6.088606565482962,3.1339570700165473,0.030262087007601173,0.0,0.013127595509558545,0.0067570995624407085,6.524784172507042e-05,4.0213248168955813e-19
253,0.0,5.979707235992631,59.87473684210522,0.0,1.734723475976807e-17,0.0,3.469446951953614e-18,0.0,7.185892032094032,6.139440495295141,3.1598342689274697,0.030264502400367377,4.336808689942018e-19,0.012591677470857692,0.006480657969759437,6.207094169793775e-05,0.0
254,0.0,5.979707235992631,59.873569794050304,0.0,0.0,6.505213034913027e-19,0.0,4.336808689942018e-19,7.236937979606824,6.190284250412913,3.1857140580394923,0.0302669180262684,2.168404344971009e-19,0.012076824284412965,0.006215111833800074,5.904870210274996e-05,4.0213248168955813e-19
255,0.0,5.979707235992631,59.87240274599538,0.0,6.938893903907228e-18,2.168404344971009e-19,6.938893903907228e-18,4.336808689942018e-19,7.287993790210783,6.241137832587251,3.2115964372979975,0.030269333885281184,4.336808689942018e-19,0.011582255423941217,0.005960055882948659,5.617359622172418e-05,4.0213248168955813e-19
256,0.0,5.979707235992631,59.87123569794046,0.0,0.0,0.0,1.734723475976807e-18,0.0,7.339059465663443,6.292001243569385,3.2374814066577113,0.030271749977440556,2.168404344971009e-19,0.011107216397152906,0.005715098451745841,5.343846332891085e-05,0.0
257,0.0,5.979707235992631,59.870068649885546,0.0,0.0,0.0,6.938893903907228e-18,2.168404344971009e-19,7.390135007722703,6.342874485110897,3.263368966082283,0.03027416630283529,4.336808689942018e-19,0.01065097806501529,0.005479861119337002,5.0836490929314276e-05,2.0106624084477906e-19
258,0.0,5.979707235992631,59.86890160183062,0.0,0.0,2.168404344971009e-19,1.734723475976807e-18,4.336808689942018e-19,7.441220418146719,6.393757558963696,3.2892591155438153,0.030276582861342386,6.505213034913027e-19,0.010212835965141628,0.00525397835061807,4.836119785530695e-05,4.0213248168955813e-19
259,0.0,5.979707235992631,59.867734553775705,0.0,3.469446951953614e-18,4.336808689942018e-19,1.734723475976807e-18,2.168404344971009e-19,7.492315698693974,6.444650466879958,3.3151518550228025,0.030278999653143207,0.0,0.00979210964057091,0.005037097140699007,4.6006418181113896e-05,2.0106624084477906e-19
260,0.0,5.979707235992631,59.86656750572078,0.0,3.469446951953614e-18,0.0,5.204170427930421e-18,2.168404344971009e-19,7.543420851123286,6.495553210612163,3.341047184507516,0.030281416678135938,4.336808689942018e-19,0.009388141975053905,0.004828876663232632,4.376628591320734e-05,2.0106624084477906e-19
261,0.0,5.979707235992631,59.865400457665864,0.0,6.938893903907228e-18,3.2526065174565133e-19,0.0,4.336808689942018e-19,7.594535877193767,6.546465791913157,3.3669451039939498,0.03028383393637801,2.168404344971009e-19,0.009000298535845162,0.00462898792309914,4.16352204229129e-05,4.0213248168955813e-19
262,0.0,5.979707235992631,59.86423340961094,0.0,6.938893903907228e-18,5.421010862427522e-19,0.0,2.168404344971009e-19,7.645660778664839,6.597388212536061,3.392845613485368,0.030286251427901284,4.336808689942018e-19,0.00862796692487575,0.00443711341387147,3.960791258302408e-05,2.0106624084477906e-19
263,0.0,5.979707235992631,59.86306636155602,0.0,0.0,0.0,3.469446951953614e-18,6.505213034913027e-19,7.696795557296245,6.6483204742343,3.4187487129920333,0.03028866915273623,4.336808689942018e-19,0.008270556139082176,0.004252946780438144,3.7679311576002604e-05,6.031987225343372e-19
264,0.0,5.979707235992631,59.861899313501105,0.0,0.0,0.0,0.0,0.0,7.747940214848022,6.699262578761602,3.44465440253117,0.030291087110858136,0.0,0.007927495940562499,0.004076192487107274,3.5844612341040894e-05,0.0
265,0.0,5.979707235992631,59.86073226544618,0.0,5.204170427930421e-18,1.0842021724855044e-19,0.0,0.0,7.799094753080533,6.750214527872043,3.470562682126377,0.030293505302333185,2.168404344971009e-19,0.007598236237144926,0.003906565491471684,3.409924362965185e-05,0.0
266,0.0,5.979707235992631,59.859565217391264,0.0,1.734723475976807e-18,1.0842021724855044e-19,0.0,4.336808689942018e-19,7.85025917375446,6.801176323319943,3.4964735518075933,0.0302959237271697,2.168404344971009e-19,0.007282246473868834,0.00374379092427311,3.243885663988898e-05,4.0213248168955813e-19
267,0.0,5.979707235992631,59.85839816933634,0.0,3.469446951953614e-18,3.2526065174565133e-19,3.469446951953614e-18,0.0,7.90143347863078,6.852147966860025,3.5223870116108764,0.03029834238537258,2.168404344971009e-19,0.006979015035804342,0.003587603775465406,3.085931420193189e-05,0.0
268,0.0,5.979707235992631,59.85723112128142,0.0,1.734723475976807e-18,0.0,3.469446951953614e-18,0.0,7.952617669470799,6.903129460247217,3.5483030615780424,0.030300761276961737,1.0842021724855044e-19,0.006688048662565545,0.003437748586640926,2.9356680488192e-05,0.0
269,0.0,5.979707235992631,59.856064073226506,0.0,1.734723475976807e-18,0.0,8.673617379884035e-19,0.0,8.003811748036135,6.9541208052368315,3.5742217017566675,0.03030318040199533,3.2526065174565133e-19,0.006408871874809268,0.003293979149955379,2.7927211222641776e-05,0.0
270,0.0,5.979707235992631,59.85489702517158,0.0,0.0,1.0842021724855044e-19,8.673617379884035e-19,0.0,8.055015716088674,7.0051220035844795,3.6001429321996743,0.030305599760432383,1.0842021724855044e-19,0.006141026412957312,0.0031560582136538084,2.6567344365180535e-05,0.0
271,0.0,5.979707235992631,59.853729977116664,0.0,1.734723475976807e-18,1.0842021724855044e-19,8.673617379884035e-19,1.0842021724855044e-19,8.106229575390666,7.056133057046035,3.6260667529652437,0.030308019352326333,1.0842021724855044e-19,0.005884070688318903,0.0030237571942758317,2.5273691248486717e-05,1.0053312042238953e-19
272,0.0,5.979707235992631,59.85256292906174,0.0,0.0,1.0842021724855044e-19,1.734723475976807e-18,2.168404344971009e-19,8.15745332770467,7.107153967377779,3.651993164116673,0.030310439177691443,1.0842021724855044e-19,0.005637579246751833,0.0028968558955955797,2.4043028144939406e-05,2.0106624084477906e-19
273,0.0,5.979707235992631,59.85139588100682,0.0,1.734723475976807e-18,1.0842021724855044e-19,1.734723475976807e-18,3.2526065174565133e-19,8.208686974793535,7.158184736336152,3.677922165722078,0.030312859236562704,0.0,0.005401142244950238,0.002775142234326888,2.2872288243238215e-05,3.015993612671686e-19
274,0.0,5.979707235992631,59.850228832951906,0.0,1.734723475976807e-18,1.0842021724855044e-19,8.673617379884035e-19,1.0842021724855044e-19,8.259930518420425,7.209225365678076,3.7038537578543758,0.03031527952899501,0.0,0.00517436493941094,0.002658411972607805,2.175855401470275e-05,1.0053312042238953e-19
275,0.0,5.979707235992631,59.84906178489698,0.0,0.0,2.168404344971009e-19,0.0,1.0842021724855044e-19,8.311183960348814,7.260275857160647,3.7297879405908763,0.0303177000548739,3.2526065174565133e-19,0.004956867188090845,0.0025464684572581,2.069904995030805e-05,1.0053312042238953e-19
276,0.0,5.979707235992631,59.847894736842065,0.0,1.734723475976807e-18,1.0842021724855044e-19,0.0,1.0842021724855044e-19,8.362447302342497,7.311336212541323,3.755724714013529,0.030320120814367087,3.2526065174565133e-19,0.0047482829647422405,0.0024391223657889557,1.969113565107731e-05,1.0053312042238953e-19
277,0.0,5.979707235992631,59.84672768878714,0.0,1.734723475976807e-18,5.421010862427522e-20,0.0,1.0842021724855044e-19,8.413720546165589,7.362406433577913,3.781664078208304,0.030322541807430256,0.0,0.004548259885874582,0.0023361914591299043,1.873229925361068e-05,1.0053312042238953e-19
278,0.0,5.979707235992631,59.845560640732224,0.0,1.734723475976807e-18,5.421010862427522e-20,1.734723475976807e-18,2.168404344971009e-19,8.4650036935825,7.413486522028448,3.80760603326543,0.030324963034044153,1.0842021724855044e-19,0.004356458750273497,0.0022375003410237257,1.7820151175675763e-05,2.0106624084477906e-19
279,0.0,5.979707235992631,59.8443935926773,0.0,2.6020852139652106e-18,5.421010862427522e-20,8.673617379884035e-19,1.0842021724855044e-19,8.516296746357956,7.464576479651344,3.8335505792790467,0.030327384494302514,0.0,0.004172553090978903,0.0021428802240286895,1.6952418165714694e-05,1.0053312042238953e-19
280,0.0,5.979707235992631,59.84322654462238,0.0,8.673617379884035e-19,5.421010862427522e-20,1.734723475976807e-18,2.168404344971009e-19,8.567599706256999,7.5156763082052835,3.859497716347133,0.03032980618822622,1.0842021724855044e-19,0.003996228739605825,0.0020521687020595048,1.6126937641491195e-05,2.0106624084477906e-19
281,0.0,5.979707235992631,59.842059496567465,0.0,3.469446951953614e-18,0.0,8.673617379884035e-19,1.0842021724855044e-19,8.61891257504499,7.566786009449298,3.8854474445713487,0.03033222811574075,1.0842021724855044e-19,0.0038271834028716996,0.001965209529385943,1.5341652304123644e-05,1.0053312042238953e-19
282,0.0,5.979707235992631,59.84089244851254,0.0,0.0,5.421010862427522e-20,0.0,0.0,8.67023535448758,7.617905585142695,3.9113997640570677,0.03033465027695679,5.421010862427522e-20,0.0036651262511784924,0.0018818524060022234,1.459460501416907e-05,0.0
283,0.0,5.979707235992631,59.839725400457624,0.0,8.673617379884035e-19,0.0,1.3010426069826053e-18,0.0,8.721568046350768,7.669035037045094,3.9373546749130246,0.030337072671861896,0.0,0.003509777519081324,0.0018019527692735382,1.3883933916602013e-05,0.0
284,0.0,5.979707235992631,59.8385583524027,0.0,8.673617379884035e-19,0.0,4.336808689942018e-19,0.0,8.772910652400826,7.720174366916442,3.9633121772513014,0.030339495300500237,0.0,0.0033608681174666023,0.0017253715917574192,1.3207867803147255e-05,0.0
285,0.0,5.979707235992631,59.83739130434778,0.0,8.673617379884035e-19,5.421010862427522e-20,4.336808689942018e-19,5.421010862427522e-20,8.824263174404349,7.771323576517008,3.98927227118731,0.030341918162869456,1.6263032587282567e-19,0.0032181392572470297,0.0016519751850956927,1.2564721700067699e-05,5.0266560211194766e-20
286,0.0,5.979707235992631,59.836224256292866,0.0,0.0,5.421010862427522e-20,8.673617379884035e-19,0.0,8.875625614128262,7.822482667607308,4.015234956839564,0.03034434125898694,0.0,0.0030813420843741534,0.0015816350098662576,1.1952892670649451e-05,0.0
287,0.0,5.979707235992631,59.83505720823794,0.0,0.0,1.0842021724855044e-19,8.673617379884035e-19,0.0,8.926997973339803,7.8736516419482365,4.041200234329663,0.030346764588901853,1.0842021724855044e-19,0.002950237325960833,0.0015142274912801187,1.1370855821882942e-05,0.0
288,0.0,5.979707235992631,59.833890160183024,0.0,8.673617379884035e-19,5.421010862427522e-20,1.3010426069826053e-18,5.421010862427522e-20,8.978380253806488,7.9248305013009865,4.067168103782123,0.03034918815256485,0.0,0.0028245949472986485,0.0014496338406065868,1.0817160505361026e-05,5.0266560211194766e-20
289,0.0,5.979707235992631,59.8327231121281,0.0,8.673617379884035e-19,2.710505431213761e-20,8.673617379884035e-19,1.6263032587282567e-19,9.02977245729619,7.9760192474270495,4.0931385653243675,0.030351611950107733,1.6263032587282567e-19,0.002704193819549859,0.0013877398822078277,1.029042670318755e-05,1.507996806335843e-19
290,0.0,5.979707235992631,59.83155606407318,0.0,8.673617379884035e-19,2.710505431213761e-20,1.3010426069826053e-18,0.0,9.08117458557705,8.027217882088213,4.119111619086526,0.030354035981429852,1.6263032587282567e-19,0.0025888213978880466,0.0013284358860590094,9.789341589485329e-06,0.0
291,0.0,5.979707235992631,59.83038901601826,0.0,0.0,2.710505431213761e-20,0.0,2.168404344971009e-19,9.132586640417564,8.078426407046626,4.145087265201438,0.030356460246619275,1.0842021724855044e-19,0.0024782734098598557,0.0012716164056327355,9.312656259521204e-06,2.0106624084477906e-19
292,0.0,5.979707235992631,59.82922196796334,0.0,1.734723475976807e-18,2.710505431213761e-20,4.336808689942018e-19,5.421010862427522e-20,9.184008623586509,8.129644824064655,4.171065503804641,0.030358884745668592,1.0842021724855044e-19,0.002372353553736735,0.0012171801210219264,8.859182617754856e-06,5.0266560211194766e-20
293,0.0,5.979707235992631,59.828054919908425,0.0,1.734723475976807e-18,2.710505431213761e-20,4.336808689942018e-19,5.421010862427522e-20,9.23544053685298,8.180873134905095,4.197046335034075,0.03036130947863096,1.0842021724855044e-19,0.002270873206623297,0.0011650296871760298,8.427790417486634e-06,5.0266560211194766e-20
294,0.0,5.979707235992631,59.8268878718535,0.0,4.336808689942018e-19,5.421010862427522e-20,4.336808689942018e-19,5.421010862427522e-20,9.2868823819864,8.23211134133093,4.223029759030159,0.03036373444551163,5.421010862427522e-20,0.0021736511420876806,0.0011150715871272616,8.017404444491211e-06,5.0266560211194766e-20
295,0.0,5.979707235992631,59.825720823798584,0.0,0.0,5.421010862427522e-20,4.336808689942018e-19,0.0,9.338334160756489,8.283359445105564,4.249015775935736,0.03036615964634036,5.421010862427522e-20,0.0020805132570801558,0.0010672159900775849,7.627001837781384e-06,0.0
296,0.0,5.979707235992631,59.82455377574366,0.0,4.336808689942018e-19,0.0,0.0,0.0,9.389795874933283,8.334617447992642,4.275004385895925,0.03036858508110089,8.131516293641283e-20,0.00199129230790525,0.0010213766142255433,7.2556095407269405e-06,0.0
297,0.0,5.979707235992631,59.82338672768874,0.0,0.0,2.710505431213761e-20,0.0,1.0842021724855044e-19,9.441267526287136,8.385885351756144,4.300995589058052,0.03037101074980569,1.0842021724855044e-19,0.0019058276550139035,0.0009774705942054512,6.9023018762809596e-06,1.0053312042238953e-19
298,0.0,5.979707235992631,59.822219679633825,0.0,8.673617379884035e-19,0.0,2.168404344971009e-19,2.710505431213761e-20,9.492749116588707,8.437163158160367,4.326989385571673,0.03037343665255612,2.710505431213761e-20,0.0018239650163831202,0.0009354183530172047,6.566198240223876e-06,2.5133280105597383e-20
299,0.0,5.979707235992631,59.8210526315789,0.0,1.3010426069826053e-18,2.710505431213761e-20,4.336808689942018e-19,5.421010862427522e-20,9.544240647608968,8.4884508689699,4.352985775588404,0.030375862789299872,2.710505431213761e-20,0.0017455562292513955,0.0008951434783226455,6.246460906614944e-06,5.0266560211194766e-20
300,0.0,5.979707235992631,59.819885583523984,0.0,0.0,0.0,2.168404344971009e-19,8.131516293641283e-20,9.595742121119226,8.539748485949662,4.378984759261946,0.03037828916009385,0.0,0.001670459019983671,0.0008565726029888623,5.942292940200777e-06,7.539984031679215e-20
301,0.0,5.979707235992631,59.81871853546906,0.0,8.673617379884035e-19,2.710505431213761e-20,2.168404344971009e-19,2.710505431213761e-20,9.647253538891079,8.591056010864879,4.404986336747906,0.030380715764910134,2.710505431213761e-20,0.0015985367818367748,0.000819635289756566,5.6529362103239736e-06,2.5133280105597383e-20
302,0.0,5.979707235992631,59.81755148741414,0.0,0.0,2.710505431213761e-20,6.505213034913027e-19,0.0,9.698774902696435,8.642373445481123,4.430990508203972,0.03038314260384315,8.131516293641283e-20,0.00152965836040343,0.0007842639199173504,5.377669501612193e-06,0.0
303,0.0,5.979707235992631,59.816384439359226,0.0,4.336808689942018e-19,6.776263578034403e-20,2.168404344971009e-19,8.131516293641283e-20,9.750306214307521,8.693700791564172,4.456997273789555,0.0303855696768475,8.131516293641283e-20,0.0014636978465139752,0.000750393585881667,5.115806716543827e-06,7.539984031679215e-20
304,0.0,5.979707235992631,59.8152173913043,0.0,8.673617379884035e-19,1.3552527156068805e-20,4.336808689942018e-19,0.0,9.8018474754969,8.745038050880215,4.48300663366592,0.030387996984003778,2.710505431213761e-20,0.0014005343763772208,0.0007179619875232662,4.86669516561556e-06,0.0
305,0.0,5.979707235992631,59.814050343249384,0.0,4.336808689942018e-19,2.710505431213761e-20,0.0,0.0,9.853398688037382,8.79638522519573,4.509018587996167,0.03039042452521089,5.421010862427522e-20,0.0013400519387498906,0.0006869093321875278,4.629713940653318e-06,0.0
306,0.0,5.979707235992631,59.81288329519446,0.0,2.168404344971009e-19,1.3552527156068805e-20,2.168404344971009e-19,2.710505431213761e-20,9.90495985370217,8.847742316277458,4.535033136945061,0.03039285230063017,5.421010862427522e-20,0.001282139188919259,0.0006571782382526938,4.404272367424472e-06,2.5133280105597383e-20
307,0.0,5.979707235992631,59.81171624713954,0.0,8.673617379884035e-19,2.710505431213761e-20,2.168404344971009e-19,0.0,9.956530974264718,8.89910932589255,4.561050280679044,0.030395280310237936,2.710505431213761e-20,0.00122668926929788,0.0006287136421347291,4.189808533466487e-06,0.0
308,0.0,5.979707235992631,59.81054919908462,0.0,2.168404344971009e-19,4.0657581468206416e-20,0.0,2.710505431213761e-20,10.008112051498832,8.950486255808391,4.587070019366192,0.03039770855400872,0.0,0.0011735996364242941,0.0006014627086307918,3.985787887665608e-06,2.5133280105597383e-20
309,0.0,5.979707235992631,59.8093821510297,0.0,6.505213034913027e-19,0.0,4.336808689942018e-19,0.0,10.059703087178624,9.001873107792637,4.613092353176146,0.030400137031989072,2.710505431213761e-20,0.0011227718941721654,0.0005753747444944003,3.791701908012143e-06,0.0
310,0.0,5.979707235992631,59.808215102974785,0.0,4.336808689942018e-19,0.0,2.168404344971009e-19,2.710505431213761e-20,10.111304083078508,9.053269883613394,4.639117282280142,0.030402565744220837,4.0657581468206416e-20,0.0010741116329747397,0.0005504011151430219,3.6070668341891246e-06,2.5133280105597383e-20
311,0.0,5.979707235992631,59.80704805491986,0.0,2.168404344971009e-19,2.710505431213761e-20,1.0842021724855044e-19,5.421010862427522e-20,10.162915040973191,9.104676585038941,4.665144806850815,0.030404994690706347,2.710505431213761e-20,0.0010275282748719908,0.0005264951643958822,3.4314224618774676e-06,5.0266560211194766e-20
312,0.0,5.979707235992631,59.805881006864944,0.0,2.168404344971009e-19,1.3552527156068805e-20,1.0842021724855044e-19,5.421010862427522e-20,10.21453596263774,9.156093213837934,4.691174927062342,0.030407423871491618,0.0,0.0009829349241974102,0.0005036121371460187,3.264330995778426e-06,5.0266560211194766e-20
313,0.0,5.979707235992631,59.80471395881002,0.0,6.505213034913027e-19,1.3552527156068805e-20,0.0,1.3552527156068805e-20,10.266166849847508,9.207519771779378,4.7172076430902505,0.030409853286536403,0.0,0.0009402482237203778,0.0004817091048699285,3.1053759584523814e-06,1.2566640052798691e-20
314,0.0,5.979707235992631,59.8035469107551,0.0,4.336808689942018e-19,1.3552527156068805e-20,1.0842021724855044e-19,1.3552527156068805e-20,10.317807704378184,9.258956260632512,4.7432429551115005,0.030412282935919292,0.0,0.0008993882160676777,0.0004607448938832054,2.9541611523301312e-06,1.2566640052798691e-20
315,0.0,5.979707235992631,59.802379862700185,0.0,2.168404344971009e-19,1.3552527156068805e-20,2.168404344971009e-19,4.0657581468206416e-20,10.369458528005717,9.310402682166917,4.769280863304345,0.030414712819606074,2.710505431213761e-20,0.0008602782102525611,0.0004406800162503649,2.8103096722028296e-06,3.769992015839607e-20
316,0.0,5.979707235992631,59.80121281464526,0.0,2.168404344971009e-19,0.0,3.2526065174565133e-19,0.0,10.421119322506424,9.361859038152495,4.79532136784841,0.030417142937694618,2.710505431213761e-20,0.0008228446531387532,0.0004214766032617957,2.673462965852945e-06,0.0
317,0.0,5.979707235992631,59.800045766590344,0.0,4.336808689942018e-19,2.710505431213761e-20,0.0,1.3552527156068805e-20,10.472790089656938,9.413325330359461,4.821364468924451,0.030419573290114542,2.710505431213761e-20,0.0007870170056808369,0.00040309834138962226,2.543279940368656e-06,1.2566640052798691e-20
318,0.0,5.979707235992631,59.79887871853542,0.0,2.168404344971009e-19,1.3552527156068805e-20,1.0842021724855044e-19,1.3552527156068805e-20,10.524470831234158,9.464801560558357,4.84741016671467,0.030422003876955966,0.0,0.0007527276237756041,0.00038551041064208163,2.419436112027806e-06,1.2566640052798691e-20
319,0.0,5.979707235992631,59.7977116704805,0.0,2.168404344971009e-19,1.3552527156068805e-20,0.0,4.0657581468206416e-20,10.576161549015321,9.516287730519961,4.873458461402299,0.03042443469820124,1.3552527156068805e-20,0.0007199116435707796,0.0003686794252311625,2.301622797517089e-06,3.769992015839607e-20
320,0.0,5.979707235992631,59.79654462242558,0.0,1.0842021724855044e-19,6.776263578034403e-21,2.168404344971009e-19,2.710505431213761e-20,10.627862244778003,9.56778384201546,4.899509353171806,0.030426865753871532,1.3552527156068805e-20,0.000688506871080636,0.000352573376477083,2.1895463445767663e-06,2.5133280105597383e-20
321,0.0,5.979707235992631,59.79537757437066,0.0,1.0842021724855044e-19,2.0328790734103208e-20,2.168404344971009e-19,1.3552527156068805e-20,10.679572920300041,9.61928989681632,4.925562842208823,0.030429297044024868,0.0,0.0006584536759589783,0.0003371615778720831,2.0829274000903393e-06,1.2566640052798691e-20
322,0.0,5.979707235992631,59.794210526315744,0.0,0.0,0.0,1.0842021724855044e-19,1.3552527156068805e-20,10.731293577359608,9.670805896694267,4.951618928700084,0.030431728568634343,1.3552527156068805e-20,0.000629694889287835,0.0003224146122267865,1.9815002137940797e-06,1.2566640052798691e-20
323,0.0,5.979707235992631,59.79304347826082,0.0,1.0842021724855044e-19,0.0,0.0,1.3552527156068805e-20,10.783024217735239,9.72233184342141,4.977677612833348,0.030434160327756726,2.710505431213761e-20,0.0006021757052414917,0.0003083042808295507,1.8850119759279378e-06,1.2566640052798691e-20
324,0.0,5.979707235992631,59.7918764302059,0.0,3.2526065174565133e-19,6.776263578034403e-21,0.0,1.3552527156068805e-20,10.834764843205715,9.773867738770146,5.003738894797555,0.030436592321368548,6.776263578034403e-21,0.0005758435864920194,0.00029480355454581633,1.7932221870992589e-06,1.2566640052798691e-20
325,0.0,5.979707235992631,59.79070938215098,0.0,1.0842021724855044e-19,6.776263578034403e-21,5.421010862427522e-20,1.3552527156068805e-20,10.886515455550168,9.825413584513187,5.029802774782617,0.030439024549551583,6.776263578034403e-21,0.0005506481732241643,0.00028188652678984527,1.705902058856803e-06,1.2566640052798691e-20
326,0.0,5.979707235992631,59.78954233409606,0.0,1.0842021724855044e-19,1.3552527156068805e-20,1.0842021724855044e-19,6.776263578034403e-21,10.93827605654802,9.876969382423528,5.055869252979386,0.03044145701225039,0.0,0.0005265411956326967,0.00026952836830334697,1.622833943431824e-06,6.283320026399346e-21
327,0.0,5.979707235992631,59.788375286041145,0.0,1.0842021724855044e-19,1.3552527156068805e-20,5.421010862427522e-20,6.776263578034403e-21,10.990046647979046,9.928535134274542,5.08193832957982,0.030443889709562067,2.710505431213761e-20,0.0005034763897787233,0.0002577052836749357,1.543810791268793e-06,6.283320026399346e-21
328,0.0,5.979707235992631,59.78720823798622,0.0,0.0,0.0,5.421010862427522e-20,0.0,11.041827231623264,9.98011084183984,5.108010004776725,0.030446322641446658,6.776263578034403e-21,0.0004814094166854091,0.00024639446953974453,1.4686356349458047e-06,0.0
329,0.0,5.979707235992631,59.786041189931304,0.0,2.168404344971009e-19,0.0,0.0,6.776263578034403e-21,11.093617809261099,10.031696506893361,5.134084278763903,0.030448755807954687,6.776263578034403e-21,0.00046029778455716275,0.00023557407439717332,1.3971210982399528e-06,6.283320026399346e-21
330,0.0,5.979707235992631,59.78487414187638,0.0,0.0,6.776263578034403e-21,5.421010862427522e-20,6.776263578034403e-21,11.145418382673217,10.083292131209456,5.160161151736055,0.03045118920911417,1.3552527156068805e-20,0.00044010077400990914,0.00022522315999007374,1.3290889290978853e-06,6.283320026399346e-21
331,0.0,5.979707235992631,59.78370709382146,0.0,0.0,3.3881317890172014e-21,5.421010862427522e-20,6.776263578034403e-21,11.197228953640627,10.134897716562609,5.18624062388879,0.03045362284490629,2.0328790734103208e-20,0.00042077936620283355,0.00021532166418696908,1.2643695553352854e-06,6.283320026399346e-21
332,0.0,5.979707235992631,59.78254004576654,0.0,0.0,3.3881317890172014e-21,5.421010862427522e-20,2.710505431213761e-20,11.24904952394464,10.186513264727763,5.212322695418469,0.030456056715369988,6.776263578034403e-21,0.00040229617376849895,0.000205850365313325,1.2028016619876404e-06,2.5133280105597383e-20
333,0.0,5.979707235992631,59.78137299771162,0.0,1.0842021724855044e-19,1.3552527156068805e-20,5.421010862427522e-20,6.776263578034403e-21,11.3008800953669,10.23813877748015,5.238407366522513,0.03045849082054851,0.0,0.00038461537443604336,0.0001967908478789875,1.1442317892256087e-06,6.283320026399346e-21
334,0.0,5.979707235992631,59.780205949656704,0.0,1.6263032587282567e-19,6.776263578034403e-21,5.421010862427522e-20,0.0,11.352720669689354,10.289774256595235,5.264494637398997,0.030460925160460818,1.3552527156068805e-20,0.00036770264725184183,0.00018812546965001566,1.0885139498625596e-06,0.0
335,0.0,5.979707235992631,59.77903890160178,0.0,1.0842021724855044e-19,6.776263578034403e-21,5.421010862427522e-20,0.0,11.404571248694255,10.341419703848876,5.290584508246811,0.030463359735056206,0.0,0.0003515251113001996,0.00017983733001494015,1.0355092654698861e-06,0.0
336,0.0,5.979707235992631,59.77787185354686,0.0,1.6263032587282567e-19,6.776263578034403e-21,5.421010862427522e-20,0.0,11.456431834164187,10.393075121017255,5.316676979265766,0.03046579454445593,6.776263578034403e-21,0.0003360512668326195,0.0001719102395987248,9.850856202336738e-07,0.0
337,0.0,5.979707235992631,59.77670480549194,0.0,5.421010862427522e-20,6.776263578034403e-21,0.0,0.0,11.508302427882064,10.444740509876787,5.3427720506562535,0.030468229588610653,6.776263578034403e-21,0.00032125093871635706,0.0001643286910763783,9.371173316475893e-07,0.0
338,0.0,5.979707235992631,59.77553775743702,0.0,5.421010862427522e-20,1.0164395367051604e-20,5.421010862427522e-20,0.0,11.560183031631047,10.496415872204288,5.368869722619599,0.030470664867576637,1.6940658945086007e-20,0.000307095222115751,0.0001570778311427718,8.914848372482241e-07,0.0
339,0.0,5.979707235992631,59.774370709382104,0.0,1.0842021724855044e-19,0.0,8.131516293641283e-20,1.3552527156068805e-20,11.612073647194686,10.54810120977678,5.394969995357756,0.030473100381362483,0.0,0.0002935564303226332,0.00015014343359422017,8.480743966054395e-07,1.2566640052798691e-20
340,0.0,5.979707235992631,59.77320366132718,0.0,1.6263032587282567e-19,3.3881317890172014e-21,0.0,1.0164395367051604e-20,11.663974276356795,10.599796524371715,5.4210728690733685,0.03047553612995624,3.3881317890172014e-21,0.00028060804465611703,0.00014351187348091358,8.067778078203284e-07,9.424980039599018e-21
341,0.0,5.979707235992631,59.77203661327226,0.0,1.0842021724855044e-19,6.776263578034403e-21,2.710505431213761e-20,0.0,11.715884920901535,10.651501817766789,5.44717834396988,0.030477972113422007,1.3552527156068805e-20,0.00026822466635383345,0.00013717010228966493,7.674921378344806e-07,0.0
342,0.0,5.979707235992631,59.77086956521734,0.0,0.0,3.3881317890172014e-21,8.131516293641283e-20,0.0,11.767805582613372,10.703217091740036,5.473286420251342,0.030480408331778088,3.3881317890172014e-21,0.00025638197037757985,0.00013110562411635182,7.301194658610474e-07,0.0
343,0.0,5.979707235992631,59.76970251716242,0.0,1.0842021724855044e-19,3.3881317890172014e-21,5.421010862427522e-20,3.3881317890172014e-21,11.819736263277104,10.754942348069783,5.499397098122495,0.030482844785001087,3.3881317890172014e-21,0.0002450566610650023,0.00012530647279367882,6.945666393192139e-07,3.141660013199673e-21
344,0.0,5.979707235992631,59.768535469107505,0.0,5.421010862427522e-20,0.0,5.421010862427522e-20,3.3881317890172014e-21,11.87167696467779,10.806677588534702,5.525510377788788,0.030485281473180727,1.0164395367051604e-20,0.00023422642955180635,0.00011976118993448731,6.607450416520855e-07,3.141660013199673e-21
345,0.0,5.979707235992631,59.76736842105258,0.0,5.421010862427522e-20,5.082197683525802e-21,2.710505431213761e-20,3.3881317890172014e-21,11.92362768860084,10.858422814913752,5.551626259456193,0.03048771839628375,3.3881317890172014e-21,0.0002238699129027226,0.00011445880385738053,6.285703714360264e-07,3.141660013199673e-21
346,0.0,5.979707235992631,59.766201372997664,0.0,5.421010862427522e-20,1.6940658945086007e-21,2.710505431213761e-20,3.3881317890172014e-21,11.975588436832004,10.91017802898621,5.577744743331398,0.03049015555432981,3.3881317890172014e-21,0.00021396665488081896,0.00010938880936123833,5.979624322741291e-07,3.141660013199673e-21
347,0.0,5.979707235992631,59.76503432494274,0.0,5.421010862427522e-20,1.6940658945086007e-21,0.0,3.3881317890172014e-21,12.027559211157294,10.961943232531679,5.603865829621681,0.030492592947377835,3.3881317890172014e-21,0.00020449706829574882,0.0001045411483138722,5.688449328921373e-07,3.141660013199673e-21
348,0.0,5.979707235992631,59.76386727688782,0.0,2.710505431213761e-20,1.6940658945086007e-21,0.0,3.3881317890172014e-21,12.07954001336308,11.013718427330023,5.629989518534878,0.03049503057537677,0.0,0.0001954423988691964,9.990619102631085e-05,5.411452969817958e-07,3.141660013199673e-21
349,0.0,5.979707235992631,59.7627002288329,0.0,1.0842021724855044e-19,1.6940658945086007e-21,0.0,6.776263578034403e-21,12.131530845236036,11.065503615161553,5.656115810279503,0.03049746843842867,6.776263578034403e-21,0.00018678469055875352,9.547471837969952e-05,5.147944823130458e-07,6.283320026399346e-21
350,0.0,5.979707235992631,59.76153318077798,0.0,2.710505431213761e-20,1.6940658945086007e-21,0.0,3.3881317890172014e-21,12.183531708563118,11.11729879780674,5.6822447050645755,0.030499906536559505,0.0,0.00017850675228393988,9.123790467735838e-05,4.897268086268266e-07,3.141660013199673e-21
351,0.0,5.979707235992631,59.760366132723064,0.0,0.0,6.776263578034403e-21,2.710505431213761e-20,3.3881317890172014e-21,12.235542605131632,11.169103977046433,5.708376203099622,0.030502344869694775,6.776263578034403e-21,0.000170592126000495,8.718730119252555e-05,4.6587979393977896e-07,3.141660013199673e-21
352,0.0,5.979707235992631,59.75919908466814,0.0,5.421010862427522e-20,3.3881317890172014e-21,2.710505431213761e-20,3.3881317890172014e-21,12.287563536729227,11.22091915466182,5.734510304594771,0.030504783437916346,3.3881317890172014e-21,0.00016302505607020292,8.331482038638087e-05,4.4319399880112544e-07,3.141660013199673e-21
353,0.0,5.979707235992631,59.75803203661322,0.0,2.710505431213761e-20,1.6940658945086007e-21,4.0657581468206416e-20,6.776263578034403e-21,12.33959450514378,11.272744332434339,5.760647009760789,0.03050722224123796,1.6940658945086007e-21,0.00015579045987472863,7.961272076798061e-05,4.216128781334325e-07,6.283320026399346e-21
354,0.0,5.979707235992631,59.7568649885583,0.0,2.710505431213761e-20,3.3881317890172014e-21,1.3552527156068805e-20,1.6940658945086007e-21,12.391635512163571,11.324579512145796,5.786786318808752,0.030509661279702255,3.3881317890172014e-21,0.0001488738996286356,7.60735923726006e-05,4.0108264030296006e-07,1.5708300065998364e-21
355,0.0,5.979707235992631,59.75569794050338,0.0,2.710505431213761e-20,1.6940658945086007e-21,1.3552527156068805e-20,6.776263578034403e-21,12.443686559577117,11.376424695578345,5.812928231950402,0.030512100553285206,1.6940658945086007e-21,0.00014226155533818917,7.269034283403994e-05,3.8155211303143044e-07,6.283320026399346e-21
356,0.0,5.979707235992631,59.754530892448464,0.0,0.0,0.0,1.3552527156068805e-20,3.3881317890172014e-21,12.495747649173357,11.428279884514343,5.839072749397929,0.030514540062002604,0.0,0.00013594019886811683,6.945618402587923e-05,3.629726158546305e-07,3.141660013199673e-21
357,0.0,5.979707235992631,59.75336384439354,0.0,0.0,0.0,2.710505431213761e-20,0.0,12.54781878274144,11.48014508073656,5.8652198713640535,0.03051697980591561,0.0,0.00012989716906664433,6.636461925225394e-05,3.4529783877866695e-07,0.0
358,0.0,5.979707235992631,59.75219679633862,0.0,0.0,8.470329472543003e-22,0.0,5.082197683525802e-21,12.5998999620709,11.532020286028049,5.891369598061964,0.030519419785051117,1.6940658945086007e-21,0.00012412034791195066,6.340943096284538e-05,3.2848372686157333e-07,4.712490019799509e-21
359,0.0,5.979707235992631,59.7510297482837,0.0,2.710505431213761e-20,8.470329472543003e-22,0.0,1.6940658945086007e-21,12.651991188951538,11.583905502172158,5.917521929705262,0.030521859999395766,3.3881317890172014e-21,0.00011859813763606518,6.058466897472848e-05,3.1248837038923417e-07,1.5708300065998364e-21
360,0.0,5.979707235992631,59.74986270022878,0.0,5.421010862427522e-20,8.470329472543003e-22,0.0,1.6940658945086007e-21,12.704092465173488,11.63580073095255,5.943676866508054,0.03052430044894745,3.3881317890172014e-21,0.00011331943878893634,5.7884639177803516e-05,2.9727190042941243e-07,1.5708300065998364e-21
361,0.0,5.979707235992631,59.74869565217386,0.0,0.0,8.470329472543003e-22,1.3552527156068805e-20,0.0,12.756203792527208,11.687705974153234,5.969834408684939,0.030526741133813387,1.6940658945086007e-21,0.00010827362920646198,5.530389270735822e-05,2.827963894460487e-07,0.0
362,0.0,5.979707235992631,59.74752860411894,0.0,4.0657581468206416e-20,8.470329472543003e-22,1.3552527156068805e-20,1.6940658945086007e-21,12.80832517280346,11.739621233558502,5.995994556450877,0.030529182053907682,1.6940658945086007e-21,0.00010345054384346491,5.2837215563200986e-05,2.690257567718756e-07,1.5708300065998364e-21
363,0.0,5.979707235992631,59.74636155606402,0.0,4.0657581468206416e-20,1.6940658945086007e-21,1.3552527156068805e-20,3.3881317890172014e-21,12.860456607793349,11.791546510952996,6.022157310021283,0.030531623209338655,1.6940658945086007e-21,9.884045544125002e-05,5.04796186580063e-05,2.559256786692244e-07,3.141660013199673e-21
364,0.0,5.979707235992631,59.7451945080091,0.0,4.0657581468206416e-20,8.470329472543003e-22,1.3552527156068805e-20,1.6940658945086007e-21,12.91259809928825,11.843481808121618,6.048322669612062,0.030534064600074486,3.3881317890172014e-21,9.443405599260211e-05,4.822632827884129e-05,2.4346350278000356e-07,1.5708300065998364e-21
365,0.0,5.979707235992631,59.74402745995418,0.0,1.3552527156068805e-20,8.470329472543003e-22,1.3552527156068805e-20,0.0,12.964749649079879,11.895427126849626,6.074490635439448,0.03053650622616673,8.470329472543003e-22,9.022243897371159e-05,4.607277694264927e-05,2.3160816674181527e-07,0.0
366,0.0,5.979707235992631,59.74286041189926,0.0,4.0657581468206416e-20,1.6940658945086007e-21,2.0328790734103208e-20,1.6940658945086007e-21,13.016911258960297,11.947382468922596,6.100661207720128,0.030538948087585,1.6940658945086007e-21,8.619708231440901e-05,4.401459463291059e-05,2.2033012075602818e-07,1.5708300065998364e-21
367,0.0,5.979707235992631,59.74169336384434,0.0,4.0657581468206416e-20,8.470329472543003e-22,0.0,0.0,13.069082930721848,11.999347836126438,6.126834386671166,0.03054139018438878,0.0,8.2349832072736e-05,4.204760040040804e-05,2.096012539433751e-07,0.0
368,0.0,5.979707235992631,59.740526315789424,0.0,2.710505431213761e-20,0.0,6.776263578034403e-21,1.6940658945086007e-21,13.121264666157181,12.051323230247291,6.15301017251007,0.030543832516599704,8.470329472543003e-22,7.867288678906992e-05,4.0167794313173006e-05,1.9939482426663312e-07,1.5708300065998364e-21
369,0.0,5.979707235992631,59.7393592677345,0.0,2.710505431213761e-20,8.470329472543003e-22,2.710505431213761e-20,1.6940658945086007e-21,13.173456467059273,12.103308653071696,6.179188565454677,0.030546275084225877,1.6940658945086007e-21,7.515878249152627e-05,3.837134974227246e-05,1.8968539188607877e-07,1.5708300065998364e-21
370,0.0,5.979707235992631,59.73819221967958,0.0,1.3552527156068805e-20,8.470329472543003e-22,2.0328790734103208e-20,1.6940658945086007e-21,13.225658335221423,12.155304106386428,6.205369565723175,0.03054871788732036,8.470329472543003e-22,7.180037832499313e-05,3.665460596994209e-05,1.8044875574023354e-07,1.5708300065998364e-21
371,0.0,5.979707235992631,59.73702517162466,0.0,1.3552527156068805e-20,0.0,0.0,3.3881317890172014e-21,13.277870272437255,12.207309591978689,6.231553173534229,0.03055116092586855,0.0,6.85908427797214e-05,3.5014061106490704e-05,1.7166189322944122e-07,3.141660013199673e-21
372,0.0,5.979707235992631,59.73585812356974,0.0,0.0,0.0,1.3552527156068805e-20,1.6940658945086007e-21,13.330092280500688,12.259325111635896,6.257739389106739,0.0305536041998754,8.470329472543003e-22,6.552364049611066e-05,3.344636530287918e-05,1.6330290282926387e-07,1.5708300065998364e-21
373,0.0,5.979707235992631,59.734691075514824,0.0,1.3552527156068805e-20,1.6940658945086007e-21,2.0328790734103208e-20,1.6940658945086007e-21,13.38232436120598,12.311350667145838,6.283928212660059,0.030556047709422978,2.541098841762901e-21,6.259251961987347e-05,3.194831424874805e-05,1.5535094949953003e-07,1.5708300065998364e-21
374,0.0,5.979707235992631,59.7335240274599,0.0,2.710505431213761e-20,4.235164736271502e-22,0.0,0.0,13.434566516347688,12.363386260296583,6.310119644413802,0.03055849145446733,1.6940658945086007e-21,5.9791499686647715e-05,3.0516842942345754e-05,1.4778621275409697e-07,0.0
375,0.0,5.979707235992631,59.73235697940498,0.0,1.3552527156068805e-20,8.470329472543003e-22,6.776263578034403e-21,1.6940658945086007e-21,13.486818747720678,12.415431892876512,6.336313684587996,0.030560935435043853,8.470329472543003e-22,5.711486001500719e-05,2.914901972229007e-05,1.4058983725707734e-07,1.5708300065998364e-21
376,0.0,5.979707235992631,59.73118993135006,0.0,1.3552527156068805e-20,8.470329472543003e-22,1.3552527156068805e-20,8.470329472543003e-22,13.53908105712014,12.467487566674397,6.362510333402963,0.030563379651165838,8.470329472543003e-22,5.4557128586036234e-05,2.7842040550145397e-05,1.3374388582567863e-07,7.854150032999182e-22
377,0.0,5.979707235992631,59.73002288329514,0.0,1.3552527156068805e-20,0.0,0.0,0.0,13.591353446341602,12.519553283479159,6.388709591079391,0.03056582410291677,8.470329472543003e-22,5.2113071389837754e-05,2.6593223533624385e-05,1.2723129471897572e-07,0.0
378,0.0,5.979707235992631,59.72885583524022,0.0,6.776263578034403e-21,4.235164736271502e-22,1.3552527156068805e-20,8.470329472543003e-22,13.643635917180896,12.571629045080275,6.414911457838269,0.030568268790256592,8.470329472543003e-22,4.9777682220164016e-05,2.5400003680785254e-05,1.2103583110899524e-07,7.854150032999182e-22
379,0.0,5.979707235992631,59.7276887871853,0.0,1.3552527156068805e-20,0.0,6.776263578034403e-21,1.6940658945086007e-21,13.695928471434158,12.623714853267304,6.441115933900852,0.030570713713192144,1.2705494208814505e-21,4.754617289833668e-05,2.425992787478678e-05,1.1514205261545453e-07,1.5708300065998364e-21
380,0.0,5.979707235992631,59.72652173913038,0.0,0.0,0.0,1.0164395367051604e-20,1.6940658945086007e-21,13.74823111089783,12.675810709830275,6.46732301948881,0.030573158871782295,4.235164736271502e-22,4.541396391026738e-05,2.317065006144964e-05,1.0953526882027866e-07,1.5708300065998364e-21
381,0.0,5.979707235992631,59.72535469107546,0.0,6.776263578034403e-21,0.0,3.3881317890172014e-21,0.0,13.800543837368712,12.727916616559432,6.493532714823961,0.03057560426604638,8.470329472543003e-22,4.337667543630585e-05,2.212992664008638e-05,1.0420150465048122e-07,0.0
382,0.0,5.979707235992631,59.72418764302054,0.0,0.0,0.0,0.0,1.2705494208814505e-21,13.852866652643883,12.780032575245402,6.519745020128658,0.030578049895976296,1.2705494208814505e-21,4.1430118762113995e-05,2.1135612048832382e-05,9.912746553981014e-08,1.1781225049498773e-21
383,0.0,5.979707235992631,59.72302059496562,0.0,0.0,8.470329472543003e-22,6.776263578034403e-21,4.235164736271502e-22,13.905199558520792,12.832158587679167,6.54595993562531,0.030580495761660106,0.0,3.957028805099243e-05,2.0185654537642545e-05,9.43005042968254e-08,3.927075016499591e-22
384,0.0,5.979707235992631,59.7218535469107,0.0,6.776263578034403e-21,4.235164736271502e-22,1.0164395367051604e-20,0.0,13.957542556797147,12.884294655651889,6.572177461536716,0.030582941862989946,0.0,3.77933524657535e-05,1.927809211988635e-05,8.970858957769082e-08,0.0
385,0.0,5.979707235992631,59.720686498855784,0.0,6.776263578034403e-21,4.235164736271502e-22,0.0,4.235164736271502e-22,14.009895649270982,12.936440780955154,6.598397598086012,0.03058538820011254,0.0,3.609564862236913e-05,1.841104869601931e-05,8.534027590259189e-08,3.927075016499591e-22
386,0.0,5.979707235992631,59.71951945080086,0.0,6.776263578034403e-21,2.117582368135751e-22,6.776263578034403e-21,8.470329472543003e-22,14.06225883774067,12.98859696538082,6.624620345496471,0.03058783477295912,0.0,3.4473673365924075e-05,1.7582730342055664e-05,8.118467512188209e-08,7.854150032999182e-22
387,0.0,5.979707235992631,59.71835240274594,0.0,6.776263578034403e-21,4.235164736271502e-22,3.3881317890172014e-21,8.470329472543003e-22,14.11463212400488,13.040763210721074,6.6508457039918065,0.030590281581654073,4.235164736271502e-22,3.292407685114689e-05,1.679142175536977e-05,7.723142928247435e-08,7.854150032999182e-22
388,0.0,5.979707235992631,59.71718535469102,0.0,0.0,0.0,1.0164395367051604e-20,0.0,14.16701550986261,13.09293951876842,6.677073673795846,0.03059272862608263,4.235164736271502e-22,3.144365591795326e-05,1.6035482852152926e-05,7.347068480195355e-08,0.0
389,0.0,5.979707235992631,59.7160183066361,0.0,1.3552527156068805e-20,2.117582368135751e-22,0.0,4.235164736271502e-22,14.219408997113206,13.145125891315663,6.703304255132791,0.030595175906387856,0.0,3.00293477482639e-05,1.5313345509447083e-05,6.989306791788063e-08,3.927075016499591e-22
390,0.0,5.979707235992631,59.71485125858118,0.0,6.776263578034403e-21,2.117582368135751e-22,0.0,0.0,14.271812587556273,13.197322330155968,6.7295374482270365,0.030597623422530758,4.235164736271502e-22,2.86782237928919e-05,1.4623510446651975e-05,6.64896613186162e-08,0.0
391,0.0,5.979707235992631,59.71368421052626,0.0,1.3552527156068805e-20,4.235164736271502e-22,3.3881317890172014e-21,4.235164736271502e-22,14.324226282991754,13.249528837082728,6.755773253303249,0.030600071174492174,0.0,2.738748395763982e-05,1.3964544239377684e-05,6.325198191643676e-08,3.927075016499591e-22
392,0.0,5.979707235992631,59.71251716247134,0.0,3.3881317890172014e-21,6.352747104407253e-22,3.3881317890172014e-21,0.0,14.376650085219932,13.301745413889787,6.782011670586359,0.030602519162393333,4.235164736271502e-22,2.61544510360335e-05,1.3335076461441039e-05,6.017195970222065e-08,0.0
393,0.0,5.979707235992631,59.71135011441642,0.0,0.0,2.117582368135751e-22,3.3881317890172014e-21,4.235164736271502e-22,14.429083996041378,13.353972062371161,6.808252700301546,0.03060496738616969,2.117582368135751e-22,2.4976565380922265e-05,1.2733796948508428e-05,5.724191763443722e-08,3.927075016499591e-22
394,0.0,5.979707235992631,59.7101830663615,0.0,6.776263578034403e-21,2.117582368135751e-22,1.6940658945086007e-21,4.235164736271502e-22,14.481528017256988,13.406208784321263,6.834496342674181,0.03060741584588824,8.470329472543003e-22,2.3851379802754303e-05,1.2159453179597012e-05,5.4454552503585456e-08,3.927075016499591e-22
395,0.0,5.979707235992631,59.70901601830658,0.0,0.0,4.235164736271502e-22,1.6940658945086007e-21,2.117582368135751e-22,14.529116372694507,13.553466321588239,6.903974675231264,0.03149108566824358,2.117582368135751e-22,2.2937347082386365e-05,1.1684012017014613e-05,5.329426029042888e-08,1.9635375082497955e-22
396,0.0,5.979707235992631,59.70784897025166,0.0,3.3881317890172014e-21,2.117582368135751e-22,1.6940658945086007e-21,2.117582368135751e-22,14.570625230154965,13.720067791676952,6.982180101130728,0.033136182666872044,4.235164736271502e-22,2.2086878316859596e-05,1.124007290789647e-05,5.334338325214078e-08,1.9635375082497955e-22
397,0.0,5.979707235992631,59.70668192219674,0.0,6.776263578034403e-21,2.117582368135751e-22,3.3881317890172014e-21,6.352747104407253e-22,14.606050379974839,13.880995905129073,7.057721458452693,0.03530252960383852,4.235164736271502e-22,2.125611951731253e-05,1.080756538410274e-05,5.405914630725079e-08,5.890612524749386e-22
398,0.0,5.979707235992631,59.70551487414182,0.0,0.0,2.117582368135751e-22,1.6940658945086007e-21,0.0,14.635392389034273,14.036142382226549,7.130559365196462,0.037900504146282245,6.352747104407253e-22,2.0445437029393e-05,1.0386571930897736e-05,5.520693291679636e-08,0.0
399,0.0,5.979707235992631,59.7043478260869,0.0,3.3881317890172014e-21,0.0,1.6940658945086007e-21,2.117582368135751e-22,14.658656589482066,14.185406296689562,7.200657485543185,0.04084725581917375,2.117582368135751e-22,1.9655119492431982e-05,9.977139909950238e-06,5.6597440867011134e-08,1.9635375082497955e-22
400,0.0,5.979707235992631,59.70318077803198,0.0,0.0,0.0,3.3881317890172014e-21,0.0,14.675853075805012,14.328693737369319,7.267982348308568,0.044072109611037254,6.352747104407253e-22,1.8885382493045943e-05,9.579283995861615e-06,5.8087545349959485e-08,0.0
401,0.0,5.979707235992631,59.70201372997706,0.0,3.3881317890172014e-21,1.0587911840678754e-22,5.082197683525802e-21,4.235164736271502e-22,14.686996710029183,14.46591750990438,7.332503185885926,0.047517543558326526,6.352747104407253e-22,1.8136373257632526e-05,9.192988595410603e-06,5.957423064663773e-08,3.927075016499591e-22
402,0.0,5.979707235992631,59.700846681922144,0.0,0.0,3.1763735522036263e-22,1.6940658945086007e-21,2.117582368135751e-22,14.692107134923484,14.596996873691111,7.39419179140628,0.05113792059441963,2.117582368135751e-22,1.7408175322493702e-05,8.818210224132223e-06,6.098637240564089e-08,1.9635375082497955e-22
403,0.0,5.979707235992631,59.69967963386722,0.0,0.0,1.0587911840678754e-22,0.0,6.352747104407253e-22,14.691450714004763,14.717030155180753,7.450820764764857,0.054744200034851385,0.0,1.6695337106818475e-05,8.452382245493667e-06,6.210307817524086e-08,5.890612524749386e-22
404,0.0,5.979707235992631,59.6985125858123,0.0,3.3881317890172014e-21,1.0587911840678754e-22,0.0,0.0,14.690851332398696,14.715237948864726,7.451856403611493,0.054728903447199134,2.117582368135751e-22,1.5879161945402385e-05,8.041272253847286e-06,5.9057768821079796e-08,0.0
405,0.0,5.979707235992631,59.69734553775738,0.0,3.3881317890172014e-21,2.117582368135751e-22,1.6940658945086007e-21,2.117582368135751e-22,14.690308808167051,14.713506232338498,7.452922657131202,0.05471361121536982,4.235164736271502e-22,1.510294852753444e-05,7.650189254262025e-06,5.6161790459674096e-08,1.9635375082497955e-22
406,0.0,5.979707235992631,59.69617848970246,0.0,1.6940658945086007e-21,1.0587911840678754e-22,3.3881317890172014e-21,2.117582368135751e-22,14.689822959094448,14.711834830226737,7.454019460015307,0.05469832333805295,4.235164736271502e-22,1.4364737068433468e-05,7.278156047881796e-06,5.340782043040364e-08,1.9635375082497955e-22
407,0.0,5.979707235992631,59.69501144164754,0.0,1.6940658945086007e-21,1.0587911840678754e-22,1.6940658945086007e-21,0.0,14.689393602694565,14.710223566756333,7.455146746675573,0.05468303981401777,1.0587911840678754e-22,1.3662664054806488e-05,6.924243198422829e-06,5.078889515682143e-08,0.0
408,0.0,5.979707235992631,59.69384439359262,0.0,5.082197683525802e-21,0.0,3.3881317890172014e-21,0.0,14.689020556216386,14.708672265762704,7.456304451247069,0.054667760641993045,4.235164736271502e-22,1.2994957508458765e-05,6.5875666928198255e-06,4.8298392525695526e-08,0.0
409,0.0,5.979707235992631,59.6926773455377,0.0,0.0,2.117582368135751e-22,8.470329472543003e-22,0.0,14.688703636650446,14.707180750696043,7.457492507590821,0.054652485820749344,1.0587911840678754e-22,1.235993248161217e-05,6.267285718334458e-06,4.5930015150787267e-08,0.0
410,0.0,5.979707235992631,59.69151029748278,0.0,3.3881317890172014e-21,0.0,8.470329472543003e-22,2.117582368135751e-22,14.688442660735078,14.70574884462735,7.4587108492970025,0.05463721534898934,3.1763735522036263e-22,1.1755986775474193e-05,5.962600547161539e-06,4.367777444603315e-08,1.9635375082497955e-22
411,0.0,5.979707235992631,59.69034324942786,0.0,1.6940658945086007e-21,1.0587911840678754e-22,1.6940658945086007e-21,4.235164736271502e-22,14.688237444962628,14.704376370254913,7.459959409687474,0.05462194922547062,1.0587911840678754e-22,1.1181596869496982e-05,5.672750525538245e-06,4.1535975486940326e-08,3.927075016499591e-22
412,0.0,5.979707235992631,59.68917620137294,0.0,3.3881317890172014e-21,0.0,1.6940658945086007e-21,3.1763735522036263e-22,14.688087805585683,14.703063149910372,7.461238121818828,0.05460668744891551,0.0,1.0635314050765366e-05,5.397012161583448e-06,3.9499202606714275e-08,2.945306262374693e-22
413,0.0,5.979707235992631,59.68800915331802,0.0,1.6940658945086007e-21,1.0587911840678754e-22,0.0,2.117582368135751e-22,14.68799355862323,14.701809005565018,7.462546918485242,0.05459143001813378,0.0,1.0115760734833606e-05,5.134697306378695e-06,3.7562305702320846e-08,1.9635375082497955e-22
414,0.0,5.979707235992631,59.6868421052631,0.0,0.0,5.293955920339377e-23,0.0,1.0587911840678754e-22,14.687954519866944,14.700613758836026,7.463885732221301,0.05457617693177461,0.0,9.621626967250498e-06,4.885151424250926e-06,3.572038721346269e-08,9.817687541248978e-23
415,0.0,5.979707235992631,59.68567505720818,0.0,0.0,0.0,0.0,1.0587911840678754e-22,14.687970504887321,14.699477230992656,7.465254495305007,0.05456092818862517,0.0,9.151667098429557e-06,4.647751948776016e-06,3.396878974112718e-08,9.817687541248978e-23
416,0.0,5.979707235992631,59.68450800915326,0.0,0.0,5.293955920339377e-23,8.470329472543003e-22,1.0587911840678754e-22,14.688041329039889,14.698399242962681,7.466653139760436,0.05454568378743961,2.117582368135751e-22,8.704696620612401e-06,4.4219067177963555e-06,3.230308426675482e-08,9.817687541248978e-23
417,0.0,5.979707235992631,59.68334096109834,0.0,8.470329472543003e-22,2.6469779601696886e-22,8.470329472543003e-22,2.117582368135751e-22,14.688166807471346,14.6973796153384,7.468081597361011,0.05453044372693992,1.0587911840678754e-22,8.279589162297489e-06,4.207052486565556e-06,3.071905895537389e-08,1.9635375082497955e-22
418,0.0,5.979707235992631,59.68217391304342,0.0,2.541098841762901e-21,0.0,0.0,0.0,14.68834675512582,14.69641816838305,7.469539799632021,0.05451520800585015,0.0,7.8752736298327e-06,4.002653513089618e-06,2.921270850581336e-08,0.0
419,0.0,5.979707235992631,59.6810068649885,0.0,2.541098841762901e-21,0.0,0.0,1.0587911840678754e-22,14.688580986750944,14.695514722037032,7.471027677853846,0.05449997662298221,0.0,7.490731489989301e-06,3.8082002126102302e-06,2.7780224021837204e-08,9.817687541248978e-23
420,0.0,5.979707235992631,59.67983981693358,0.0,1.6940658945086007e-21,1.0587911840678754e-22,0.0,1.0587911840678754e-22,14.688869316903965,14.694669095924267,7.472545163064699,0.05448474957699924,2.117582368135751e-22,7.124994186405849e-06,3.6232078787452927e-06,2.6417983381430464e-08,9.817687541248978e-23
421,0.0,5.979707235992631,59.67867276887866,0.0,0.0,1.5881867761018131e-22,8.470329472543003e-22,0.0,14.689211559957979,14.69388110935821,7.474092186063467,0.05446952686671888,1.0587911840678754e-22,6.777140682851226e-06,3.4472154663538054e-06,2.5122542080474866e-08,0.0
422,0.0,5.979707235992631,59.67750572082374,0.0,8.470329472543003e-22,5.293955920339377e-23,1.2705494208814505e-21,0.0,14.689607530107986,14.693150581348371,7.475668677412937,0.05445430849082498,0.0,6.446295128550545e-06,3.2797844349859535e-06,2.3890624519764217e-08,0.0
423,0.0,5.979707235992631,59.67633867276882,0.0,8.470329472543003e-22,5.293955920339377e-23,1.6940658945086007e-21,5.293955920339377e-23,14.690057041376974,14.692477330606438,7.477274567442506,0.054439094448108225,1.0587911840678754e-22,6.131624637020768e-06,3.1204976481687734e-06,2.271911572290801e-08,4.908843770624489e-23
424,0.0,5.979707235992631,59.6751716247139,0.0,0.0,5.293955920339377e-23,4.235164736271502e-22,1.5881867761018131e-22,14.69055990762208,14.691861175552551,7.478909786251146,0.05442388473730697,1.0587911840678754e-22,5.832337175155369e-06,2.9689583270104956e-06,2.1605053463742834e-08,1.4726531311873466e-22
425,0.0,5.979707235992631,59.67400457665898,0.0,8.470329472543003e-22,0.0,0.0,2.117582368135751e-22,14.6911159425406,14.691301934321576,7.480574263710334,0.05440867935710613,5.293955920339377e-23,5.547679555957698e-06,2.824789055091218e-06,2.054562076808735e-08,1.9635375082497955e-22
426,0.0,5.979707235992631,59.67283752860406,0.0,8.470329472543003e-22,0.0,4.235164736271502e-22,0.0,14.69172495967609,14.690799424769397,7.482267929467087,0.05439347830635841,1.0587911840678754e-22,5.276935529926971e-06,2.687630832044289e-06,1.953813880209304e-08,0.0
427,0.0,5.979707235992631,59.67167048054914,0.0,0.0,2.6469779601696886e-23,4.235164736271502e-22,1.5881867761018131e-22,14.692386772424392,14.690353464479067,7.483990712946776,0.05437828158374334,0.0,5.019423971008352e-06,2.557142173143537e-06,1.8580060087974477e-08,1.4726531311873466e-22
428,0.0,5.979707235992631,59.67050343249422,0.0,8.470329472543003e-22,2.6469779601696886e-23,4.235164736271502e-22,1.0587911840678754e-22,14.693101194039663,14.689963870767162,7.485742543356158,0.05436308918803326,1.0587911840678754e-22,4.774497150320375e-06,2.4329982535384772e-06,1.7668962067725018e-08,9.817687541248978e-23
429,0.0,5.979707235992631,59.6693363844393,0.0,8.470329472543003e-22,7.940933880509066e-23,1.2705494208814505e-21,5.293955920339377e-23,14.69386803764041,14.689630460689914,7.487523349686301,0.0543479011179145,5.293955920339377e-23,4.5415390974916996e-06,2.314890093853025e-06,1.6802540979877033e-08,4.908843770624489e-23
430,0.0,5.979707235992631,59.66816933638438,0.0,8.470329472543003e-22,5.293955920339377e-23,8.470329472543003e-22,0.0,14.694687116215452,14.689353051049547,7.48933306071557,0.05433271737221073,5.293955920339377e-23,4.3199640392384404e-06,2.2025237862604865e-06,1.5978606027440625e-08,0.0
431,0.0,5.979707235992631,59.667002288329456,0.0,8.470329472543003e-22,2.6469779601696886e-23,4.235164736271502e-22,5.293955920339377e-23,14.69555824262995,14.68913145840042,7.491171605012474,0.05431753794965393,0.0,4.109214917415301e-06,2.095619757735912e-06,1.5195073844564897e-08,4.908843770624489e-23
432,0.0,5.979707235992631,59.66583524027454,0.0,4.235164736271502e-22,5.293955920339377e-23,0.0,5.293955920339377e-23,14.696481229631297,14.688965499055309,7.4930389109387505,0.05430236284895451,1.0587911840678754e-22,3.9087619790193115e-06,1.993912069853061e-06,1.4449963225102703e-08,4.908843770624489e-23
433,0.0,5.979707235992631,59.66466819221962,0.0,4.235164736271502e-22,0.0,8.470329472543003e-22,5.293955920339377e-23,14.697455889855142,14.688854989091585,7.494934906652187,0.054287192068897434,5.293955920339377e-23,3.7181014350710405e-06,1.8971477527357631e-06,1.3741390114013464e-08,4.908843770624489e-23
434,0.0,5.979707235992631,59.6635011441647,0.0,1.2705494208814505e-21,7.940933880509066e-23,0.0,5.293955920339377e-23,14.698482035831251,14.688799744357443,7.496859520109775,0.05427202560822744,0.0,3.5367541865252775e-06,1.805086171449849e-06,1.3067562844941298e-08,4.908843770624489e-23
435,0.0,5.979707235992631,59.66233409610978,0.0,4.235164736271502e-22,2.6469779601696886e-23,4.235164736271502e-22,5.293955920339377e-23,14.699559479989427,14.688799580478104,7.498812679070388,0.0542568634656926,7.940933880509066e-23,3.3642646120066027e-06,1.7174984239001633e-06,1.2426777608294376e-08,4.908843770624489e-23
436,0.0,5.979707235992631,59.66116704805486,0.0,4.235164736271502e-22,2.6469779601696886e-23,1.0587911840678754e-21,0.0,14.700688034665408,14.688854312861979,7.500794311097979,0.05424170564001488,7.940933880509066e-23,3.200199415096617e-06,1.634166767243172e-06,1.1817414140255038e-08,0.0
437,0.0,5.979707235992631,59.65999999999994,0.0,4.235164736271502e-22,5.293955920339377e-23,6.352747104407253e-22,2.6469779601696886e-23,14.70186751210671,14.688963756706848,7.502804343564412,0.054226552129995026,2.6469779601696886e-23,3.0441465291133715e-06,1.5548840734716346e-06,1.123793163281188e-08,2.4544218853122444e-23
