,t,depth,so2_emitted,so2_pool,so2_oxidised,so4_pool,so4_removed,d34S_so2_pool,d34S_so4_pool,d33S_so4_pool,D33S_so4_pool,f_volc,d34S_so4_tot,d33S_so4_tot,D33S_so4_tot
0,0,60.18,1.3333333333333333,1.2683058993342853,0.06502743399904798,0.057386509087184054,0.007640924911863924,-1.684846690775288,12.35736387910391,6.156880788463992,-0.10204860709694952,0.005853342766565613,8.121540257652075,4.085494598310727,-0.0873924335195561
1,1,60.17844393592677,1.3333333333333333,2.474755790048898,0.12688344261872053,0.1626176616198738,0.021652290086030798,-2.0184823606338442,12.019035320117055,5.804576026656405,-0.13944182217395795,0.016586771499071336,8.16166107869761,4.102014979819192,-0.08817090344487394
2,2,60.176887871853545,1.3333333333333333,3.6223664252823085,0.1857226980999229,0.30740928849792437,0.04093107122187233,-2.346272187083387,11.686634831643117,5.965507929436065,-0.1025713751748869,0.03135531266539883,8.209167196834413,4.132629490742114,-0.08778478700754605
3,3,60.17533180778032,1.3333333333333333,4.714007429386284,0.24169232922935746,0.4845804768485168,0.06452114087876502,-2.6682291146944426,11.360149287034549,5.565791944030285,-0.08400137147568376,0.049426523308308865,8.257906417183017,4.147067431235263,-0.0871427975525723
4,4,60.1737757437071,1.3333333333333333,5.75240847348149,0.2949322892381268,0.6879176015966133,0.09159516449003034,-2.9843688597865903,11.039562748907938,5.4146321189512125,-0.1069917541334231,0.07016662245792457,8.303098266994585,4.167415515174987,-0.0886874138089967
5,5,60.17221967963387,1.3333333333333333,6.740166101057114,0.3455757057577094,0.912054642582099,0.1214386647722236,-3.2947098882513126,10.724856491631574,5.283611241309938,-0.12852340467728318,0.09302828364694447,8.341102688723625,4.185891978473807,-0.09114051212524943
6,6,60.17066361556064,1.3333333333333333,7.679750220682065,0.393749213708382,1.1523678585593697,0.1534359977311113,-3.5992733885455985,10.416009028714202,5.2100270926661585,-0.08104615991666453,0.11753989180756033,8.369223571148177,4.206909612906304,-0.08657034333410435
7,7,60.169107551487414,1.3333333333333333,8.573510282062918,0.43957327195248086,1.4048831167737272,0.1870580137381232,-3.898083239945449,10.112996144995279,5.02646775219262,-0.09459128819533369,0.1432960910193111,8.385542156228473,4.209884080443233,-0.08835007395381236
8,8,60.16755148741419,1.3333333333333333,9.42368115089195,0.4831624645043022,1.666194377416393,0.2218512038616364,-4.191165976165645,9.815790933540125,5.026641347568694,-0.1181254185439462,0.16994947003877958,8.388776044110525,4.235318759488527,-0.09254386072882567
9,9,60.16599542334096,1.3333333333333333,10.232388697175463,0.5246257870498221,1.933392009261309,0.2574281552049063,-4.478550744463683,9.524363837107863,4.815073348853338,-0.15776459220107064,0.1972032505959277,8.378160110846675,4.219579054330991,-0.10120077645720621
10,10,60.16443935926773,1.3333333333333333,11.001655111016111,0.5640669194926845,2.203999768957641,0.2934591597963524,-4.760269260366212,9.238682694064249,4.417515316282761,-0.01873436938670814,0.2248048593710604,8.353346165349599,4.150680250990326,-0.07189087337926224
11,11,60.162883295194504,1.3333333333333333,11.73340395914148,0.6015844852079648,2.4759194142412597,0.3296648399243463,-5.036355758165079,8.958712788581291,4.247195637824164,-0.05677183677754716,0.2525402786207288,8.31431861451233,4.117214664712282,-0.07959499916302198
12,12,60.161327231121284,1.3333333333333333,12.429464994822835,0.6372722976519787,2.747382042897817,0.3658096689954212,-5.306846937346066,8.684416904961356,4.457709744473348,-0.08640391430869698,0.28022908282078435,8.261323787612156,4.181021838609976,-0.0870533107058788
13,13,60.159771167048056,1.3333333333333333,13.091578733211382,0.6712195949447873,3.016905356566723,0.4016962812758811,-5.571781905126305,8.415755385908774,4.3204268186354255,-0.09820168287311137,0.3077200796348249,8.194810901131461,4.149344969141336,-0.09065891788212883
14,14,60.15821510297483,1.3333333333333333,13.721400803532735,0.7035112630119804,3.283256143102457,0.4371604764762465,-5.831202115286205,8.152686194557557,3.7856922355558043,-0.029556164081512293,0.33488748316810896,8.115382929972828,3.9769828803709455,-0.06796639645115198
15,15,60.1566590389016,1.3333333333333333,14.320506089022365,0.7342280478437047,3.545417354692567,0.4720668362535945,-6.085151303493186,7.895164980059155,4.051818127900675,-0.04687687659277184,0.361627555982152,8.02375589679458,4.065530719189479,-0.07268580480170816
16,16,60.155102974828374,1.3333333333333333,14.890392664954,0.7634467574016979,3.8025592325811113,0.506304879513153,-6.333675419323059,7.6431451465144296,3.548952599526478,-0.1399940259760868,0.38785566385735554,7.920725303106343,3.8699280816647548,-0.1077414354890433
17,17,60.153546910755146,1.3333333333333333,15.43248554460813,0.7912404536792012,4.054013994218812,0.5397856920415003,-6.576822555195205,7.3965779250411146,3.261952571972593,-0.1007457101955822,0.4135036939181214,7.807138608422644,3.737804066132761,-0.09286345239628797
18,18,60.15199084668192,1.3333333333333333,15.948140242547465,0.8176786353939983,4.299253655977508,0.5724389736353024,-6.814642872443599,7.155412448740295,3.6083435219894655,-0.14251442344037635,0.43851779258109175,7.683872821115507,3.869407569357338,-0.11151595504191747
19,19,60.1504347826087,1.3333333333333333,16.43864616410939,0.8428274117714103,4.53787061512731,0.6042104526216086,-7.047188524749726,6.919595830340741,3.3834377779691227,-0.11976627108567506,0.46285638494428005,7.551816400093381,3.753992155716696,-0.10233051936484286
20,20,60.14887871853547,1.3333333333333333,16.90522982959093,0.8667496678517929,4.769560659374938,0.6350596236041648,-7.274513579175745,6.689073242278631,3.1590854265534096,-0.038446127416658094,0.4864884417840119,7.411854783008728,3.628544497863995,-0.06353630902932325
21,21,60.14732265446224,1.3333333333333333,17.349057941188367,0.8895052217358939,4.994108111602474,0.6649577695083583,-7.496673935031284,6.463787998969739,3.171797130077203,-0.09624351641002171,0.5093919643392865,7.2648589569563065,3.614081033666414,-0.09185876812350258
22,22,60.145766590389016,1.3333333333333333,17.771240300360436,0.9111509741612622,5.211372852146036,0.693886233617699,-7.713727240815538,6.2436816410358364,3.322639606095912,-0.05051129246236297,0.5315526606025555,7.111676573795259,3.674283851140852,-0.06774774127488979
23,23,60.14421052631579,1.3333333333333333,18.172832582910036,0.9317410507837303,5.421278991559884,0.7218349113698823,-7.92573280947706,6.028694021238179,2.795010362445449,-0.13028217881028148,0.552962789957682,6.953125186232171,3.3664528046767916,-0.11107029068448193
24,24,60.14265446224256,1.3333333333333333,18.554838978723623,0.9513269375197462,5.623804993805002,0.7488009352746283,-8.13275153223425,5.818763391868043,3.0455667432827127,-0.12533786663471158,0.5736201557591445,6.789987244318036,3.483770925544219,-0.10912190530185509
25,25,60.14109839816933,1.3333333333333333,18.91821470276897,0.9699576092879828,5.818975073607698,0.7747875294852864,-8.334845791198141,5.613826493352958,2.807508538605341,-0.1324624930749696,0.5935272278747801,6.623006546489737,3.3220177655085337,-0.11410766539123629
26,26,60.13954233409611,1.3333333333333333,19.263868383630157,0.9876796524721442,6.006851712728258,0.7998030133515833,-8.532079371038947,5.413818643833501,2.230558205492894,-0.07525793184903762,0.6126903793557713,6.452885885963729,2.944269318859373,-0.07992431909159996
27,27,60.137986270022886,1.3333333333333333,19.5926643355523,1.0045373814111909,6.187529158393476,0.8238599357459726,-8.724517369933737,5.218673829467502,2.9265012855818062,-0.08185631445090102,0.6311192232859596,6.280285673255689,3.3495327984439855,-0.08386665063163032
28,28,60.13643020594966,1.3333333333333333,19.905424719677363,1.0205729492082691,6.361127783472034,0.8469743241297106,-8.912226110031728,5.028324795224304,2.239697153948006,-0.09748859147362676,0.6488260375277105,6.105823349788589,2.883610266757254,-0.09391277992681002
29,29,60.13487414187643,1.3333333333333333,20.20293159987527,1.0358264531354262,6.527789202366084,0.8691650342413757,-9.095273047666552,4.842703135935711,2.3947132971389173,-0.15097475100844804,0.6658252665497614,5.930073436766697,2.9556541193737034,-0.12969831016662245
30,30,60.1333180778032,1.3333333333333333,20.485928898310927,1.0503360348976754,6.687672049283421,0.8904531879803392,-9.273726683540872,4.661739387374464,2.0944402188023403,-0.09389744189514104,0.6821330908169551,5.753568088431948,2.7234538409497007,-0.0918022853920814
31,31,60.131762013729976,1.3333333333333333,20.755124255637135,1.0641379760071255,6.840948336743121,0.9108616885474247,-9.44765647310386,4.48536311713732,1.8334269170207085,-0.06530655652625672,0.6977670553629644,5.576798040084533,2.5103899549617354,-0.07195555566547394
32,32,60.13020594965675,1.3333333333333333,21.011190800464806,1.0772667885056606,6.9878003220305445,0.9304148032182373,-9.617132737332334,4.31350301511868,1.6707711975043615,-0.05469207198927073,0.7127457501731337,5.40021385936096,2.3609074266129397,-0.06406060186250456
33,33,60.12864988558352,1.3333333333333333,21.25476883253512,1.08975530126302,7.128417818011352,0.9491378052822125,-9.782226574121866,4.146086983366715,2.239292032818141,-0.0804033799078896,0.727088535891313,5.224227424664001,2.7398134715496374,-0.08228722249239355
34,34,60.1270938215103,1.3333333333333333,21.48646742380238,1.1016347420660726,7.262995892376748,0.9670566677006772,-9.943009770485345,3.9830422251188047,1.8544177072647994,-0.11792733157633961,0.7408153091461255,5.049213567716421,2.429517685715706,-0.10999078771428923
35,35,60.12553775743707,1.3333333333333333,21.70686594143116,1.1129348157045507,7.391732906144943,0.9841978019363552,-10.099554715746528,3.8242953328293527,1.5165918600212325,-0.17693525298639878,0.7539463024808918,4.875511828305671,2.145679026066106,-0.15488167853032656
36,36,60.123981693363845,1.3333333333333333,21.916515496516,1.1236837782484959,7.514828848194396,1.0005878361990435,-10.25193431590754,3.6697723750072075,1.8727056683373045,-0.19629315660651958,0.7665019144783753,4.703428278669593,2.3865399231142455,-0.17084489707158826
37,37,60.12242562929062,1.3333333333333333,22.115940322146177,1.1339085077031528,7.632483927847271,1.016253428050278,-10.40022190936185,3.519398981687738,1.5129468092964227,-0.1271932373308471,0.7785025662062857,4.533237382900614,2.080058177831204,-0.1183583478102544
38,38,60.12086956521739,1.3333333333333333,22.30563908426153,1.1436345712179812,7.744897392140453,1.0312211069247983,-10.544491184110383,3.373100428381237,1.607288115218708,-0.1018136678591075,0.789968580580595,4.365183863434167,2.125227814030492,-0.09876663136096187
39,39,60.11931350114416,1.3333333333333333,22.48608612857701,1.152886289017849,7.852266538489961,1.0455171426683407,-10.684816096632854,3.2308017183428905,1.6577327637643524,-0.20149261702573362,0.800920081658704,4.199484552302144,2.138623428725592,-0.17876038266525612
40,40,60.117757437070935,1.3333333333333333,22.65773266669408,1.1616867952162604,7.95478589703783,1.0591674366683927,-10.821270792550909,3.092427663025088,1.6117191302770228,-0.06508781002301234,0.8113769112399815,4.036330209549112,2.076029867803831,-0.06927870020336473
41,41,60.116201372997715,1.3333333333333333,22.821007904364723,1.17005809566269,8.052646560125861,1.0721974325746582,-10.953929529214923,2.9579029605804052,1.3699689565458972,-0.04960838884127128,0.821358560473034,3.8758872951473746,1.8528956695089407,-0.056342769520102864
42,42,60.11464530892449,1.3333333333333333,22.976320114729386,1.17802112296867,8.146035639118647,1.0846320439758832,-11.082866600329533,2.8271522722962406,1.725740788787955,-0.05768426074204136,0.8308841144524225,3.7182996840319413,2.122750120102358,-0.06269379122151464
43,43,60.11308924485126,1.3333333333333333,23.124057659212497,1.1855957888502207,8.235135831243591,1.0964955967252765,-11.208156262727197,2.700100296849417,1.0962124918318938,-0.11214872655568309,0.8399722080369584,3.563690316598895,1.5726290206938267,-0.10817322241233467
44,44,60.11153318077803,1.3333333333333333,23.264589958628317,1.1928010339175132,8.320125081267795,1.107811783893309,-11.329872665384876,2.576671842290823,1.3034068069498472,-0.005927372105474227,0.8486409913412231,3.4121627792714895,1.7226548946494686,-0.01824478186263885
45,45,60.109977116704805,1.3333333333333333,23.39826841692539,1.1996548750362608,8.401176324725245,1.118603631578811,-11.44808978077183,2.456791895661059,1.2937393181251533,-0.07912690783939968,0.8569081035451044,3.2638028115724924,1.6914717382437678,-0.0802972897968754
46,46,60.10842105263158,1.3333333333333333,23.525427299879457,1.2061744503792664,8.478457301073444,1.1288934740310679,-11.562881338601837,2.3403856901704767,1.3374321398155198,-0.06506776315340357,0.8647906538360384,3.1186797376710915,1.707346865640187,-0.06807459965625617
47,47,60.10686498855835,1.3333333333333333,23.646384570932007,1.2123760622807827,8.552130426623563,1.138702936730664,-11.674320762055101,2.2273787698754433,1.02048782416575,-0.08740439214610651,0.8723052084480624,2.976847821588562,1.410315869798218,-0.08739184596237093
48,48,60.10530892448512,1.3333333333333333,23.761442686264502,1.2182752180008385,8.622352718376083,1.1480529262483194,-11.782481106526909,2.1176970517902127,0.6571960587985481,-0.11084526686283569,0.8794677828931607,2.8383475462293335,1.068946481359732,-0.10800804381106996
49,49,60.1037528604119,1.3333333333333333,23.870889351096366,1.2238866685014675,8.689275761025884,1.156963625851666,-11.887435000944691,2.01126688539488,0.9511651845044433,0.008054688017511413,0.8862938385958289,2.7032068171966115,1.3061709994453234,-0.0027884257769171276
50,50,60.102196796338674,1.3333333333333333,23.974998239097904,1.229224445331795,8.753045710395323,1.1654544959623565,-11.989254591691312,1.9080151095023368,1.1829106689585922,-0.07769254514622403,0.8927982832432421,2.5714420929591357,1.4927652256248494,-0.07872313910571059
51,51,60.10064073226545,1.3333333333333333,24.074029676717014,1.2343018957142207,8.813803327427348,1.1735442786821972,-12.088011489159832,1.8078691064544739,0.7679477933592027,-0.08001202134105823,0.8989954742525064,2.4430594434062063,1.1018031918950522,-0.0807487604188815
52,52,60.09908466819222,1.3333333333333333,24.16823129413092,1.2391317159194264,8.871684037637664,1.1812510057091101,-12.183776716955474,1.7107568536340878,0.7826021587572507,-0.05292320177768817,0.904899224834695,2.318055539189356,1.095549948574441,-0.056193045932232843
53,53,60.09752860411899,1.3333333333333333,24.257838644450587,1.2437259830136662,8.926818011597977,1.1885920090533526,-12.276620663755455,1.6166069722833853,0.7386427408554996,-0.1537903571282584,0.9105228122040248,2.196418574503012,1.0370183763815728,-0.14784153641938522
54,54,60.095972540045764,1.3333333333333333,24.343075792726196,1.2480961850577224,8.979330262612681,1.1955839340430172,-12.366613037824937,1.5253487736273108,0.7465074083641277,-0.05033815426075394,0.9158789875407406,2.0781291261330708,1.0263604582095598,-0.05344793871795445
55,55,60.09441647597254,1.3333333333333333,24.424155876226486,1.2522532498330419,9.029340758268967,1.2022427541767569,-12.453822824181504,1.4369123023108,0.5707987849637441,-0.05546116443433391,0.9209799873690687,1.963160951716723,0.8475663707541579,-0.05797755486986248
56,56,60.092860411899316,1.3333333333333333,24.501281637392935,1.2562075721668813,9.076964542993792,1.208583787442055,-12.538318244394443,1.3512283771666134,0.5581349632044486,-0.03434818776104631,0.9258375460578547,1.8514817302151936,0.8188281303047518,-0.03827567951499572
57,57,60.09130434782609,1.3333333333333333,24.574645930801477,1.2599690399247894,9.122311869148332,1.2146217137702489,-12.620166718995796,1.2682286293310696,0.5619690095406971,-0.05984486325583127,0.9304629091920106,1.743053747610153,0.8061366595556498,-0.06175444060689963
58,58,60.08974828375286,1.3333333333333333,24.644432205399387,1.2635470587354225,9.165488334537981,1.2203705933457738,-12.69943483247371,1.1878455377449804,0.4060261044401825,-0.10805343114717036,0.9348668475983425,1.6378345308271873,0.6448871278746247,-0.10670209472379362
59,59,60.088192219679634,1.3333333333333333,24.710814963223203,1.2669505755095136,9.206595024519928,1.2258438855275675,-12.77618830081595,1.110012462065546,0.45044483388778644,-0.005042148747691488,0.9390596718403212,1.5357774328264233,0.6712227360247389,-0.01005534341976452
60,60,60.086636155606406,1.3333333333333333,24.773960195744724,1.270188100811811,9.245728657155817,1.231054468175922,-12.850491941559294,1.034663673038061,0.23493829757814666,-0.06803395515986299,0.9430512470234489,1.436832171748062,0.4535281347198279,-0.06913148209983698
61,61,60.08508009153318,1.311111111111111,24.812887367280563,1.272183939575271,9.282025288270685,1.2358873084604036,-12.931983076957643,0.9520262907065646,0.19560078905067613,-0.05981367065638343,0.9467534520637334,1.3324502064582349,0.40207481557889874,-0.06127754978636617
62,62,60.08352402745995,1.2888888888888888,24.82877760660247,1.2729986495669825,9.314775931848,1.2402480059896663,-13.019860285914952,0.8629130088835257,0.05517582622499573,-0.09666094560706329,0.9500939713901907,1.2239176262367746,0.2557043802252097,-0.0961940844512798
63,63,60.08196796338673,1.2666666666666666,24.822754438152252,1.2726898351168823,9.343405745566947,1.2440600213979354,-13.113425779622268,0.7680314314122416,0.17554248737511324,0.027654713658398222,0.9530141718990823,1.1123703202174147,0.3586817897287985,0.022253182711956906
64,64,60.0804118993135,1.2444444444444445,24.79588659143811,1.2713122911585855,9.367455789219122,1.247262247506412,-13.212071505598,0.6679981635848709,0.29143968297012934,-0.09272388695036327,0.9554672423382193,0.9988143133997189,0.45985629310842796,-0.09248261977447311
65,65,60.078855835240276,1.222222222222222,24.74919067341507,1.2689181402452592,9.386567047483858,1.2498068819805224,-13.315267519729002,0.5633506036615277,0.15668137971958096,-0.14222187964607613,0.9574165636526405,0.8841422732161779,0.32346440313940994,-0.1398833787769313
66,66,60.07729977116705,1.2,24.683633710531915,1.2655569628831573,9.400466445095889,1.251657565271125,-13.422552213702144,0.45455685289552683,0.07541480571671144,-0.06740846285990809,0.9588342825514917,0.7691470644364788,0.23999056359655987,-0.06822756504833077
67,67,60.07574370709382,1.1777777777777776,24.600135566800983,1.2612759215087097,9.408954614683513,1.252787751921086,-13.533524069807124,0.34202407670846924,0.027870836342480665,-0.03618013457457048,0.95970006384482,0.6545330134698626,0.19090132008312155,-0.0382405093617744
68,68,60.07418764302059,1.1555555555555554,24.499571243937357,1.2561198784191794,9.4118952059971,1.2531792871055918,-13.647834680764248,0.2261055830463654,-0.2124281813374873,-0.10136279886474586,0.96,0.5409253817019638,-0.04099910696254333,-0.10080053254260246
69,69,60.072631578947366,1.1333333333333333,24.382773069318915,1.2501315079517734,9.409205550334093,1.25282116361478,-13.765182823595733,0.10710683186099246,-0.2805022036910243,-0.07036121810138907,0.959725658926287,0.4288784268489081,-0.10515574201331346,-0.07104366369807012
70,70,60.07107551487414,1.1111111111111112,24.250532777238313,1.2433514031917152,9.40084851609252,1.251708437433288,-13.885309417020707,-0.01470945135206847,-0.11614455308150973,-0.08341762134567166,0.9588732532527945,0.3188823408384308,0.05615361769645892,-0.0835775435009504
71,71,60.06951945080092,1.0888888888888888,24.103603488651103,1.2358181774760997,9.386825410899037,1.2498412826695824,-14.007993223927873,-0.13911891758067174,-0.3190539090887623,-0.0961832788849426,0.9574429163555916,0.2113692846490525,-0.13212819264275572,-0.09580549377741371
72,72,60.06796338672769,1.0666666666666667,23.94270159437042,1.2275685609473501,9.36716980296704,1.2472241688793488,-14.133047186094426,-0.2659318774580477,-0.40779359886744526,-0.10019117861048699,0.9554380721449703,0.10671868923456512,-0.20810748811233848,-0.09961699648566408
73,73,60.06640732265446,1.0444444444444443,23.76850854641716,1.218637492397705,9.341942149516802,1.2438651458479437,-14.260315298889825,-0.39499013200672284,-0.16430181399795796,-0.10130188078277813,0.9528648871718953,0.005261952853177099,0.03543796331449964,-0.10064219000010313
74,74,60.064851258581236,1.0222222222222221,23.581672562004982,1.2090582066343991,9.311225133472398,1.2397752226788026,-14.389669950356065,-0.5261642742899753,-0.5703571285529674,-0.1575074840781121,0.9497317949776858,-0.09271336427170285,-0.33692888641428786,-0.15397858856192714
75,75,60.06329519450801,1.0,23.38281024442099,1.1988623175839908,9.27511962145049,1.2349678296058997,-14.521009662611828,-0.6593513990482691,-0.6348932611718316,-0.14994663837936129,0.946049083814588,-0.18695976935208203,-0.3808819924747915,-0.1465671261452468
76,76,60.06173913043478,0.9777777777777779,23.17250812485512,1.1880798973436468,9.233741166460455,1.2294583523336813,-14.654257184664065,-0.7944731686827522,-0.9231747756102138,-0.15295043186641655,0.9418285399261348,-0.2772664288753965,-0.6325226195912994,-0.14913180761021855
77,77,60.06018306636155,0.9555555555555555,22.951324129033626,1.1767395513770489,9.187216987908252,1.2232637299292508,-14.789357894918641,-0.9314741932974213,-0.8095195328272076,-0.04184611088009493,0.9370831395118108,-0.36345607423189785,-0.5023079406651305,-0.044706313241056714
78,78,60.05862700228833,0.9333333333333332,22.719788972324007,1.1648684900429522,9.13568336958291,1.2164021083682952,-14.926278479374222,-1.070320690298665,-0.9308592376108815,-0.08843226690435912,0.9318267833253536,-0.44538218238279415,-0.5897096957533325,-0.08835549526620455
79,79,60.057070938215105,0.9111111111111111,22.478407486799863,1.152492596635256,9.079283423432809,1.208892542785357,-15.06500585797621,-1.2109993956492815,-0.8039386309793284,-0.08647786729043538,0.9260740685830987,-0.5229264004529293,-0.44338432016910095,-0.08653909818192297
80,80,60.05551487414188,0.888888888888889,22.22765988358403,1.13963649210472,9.018165173221906,1.200754742315624,-15.205546337156871,-1.3535167044870233,-0.9076106464517841,-0.08365543864147229,0.9198400934996234,-0.5959961889949323,-0.5083414207139805,-0.08394807858605524
81,81,60.05395881006865,0.8666666666666667,21.96800295362653,1.1263235966241665,8.952479917693372,1.1920088521527004,-15.347924971394477,-1.4978980237043693,-0.9629934324719702,-0.10363541957891798,0.9131402903327529,-0.6645226632385528,-0.5255425619537913,-0.10221706316607504
82,82,60.05240274599542,0.8444444444444443,21.699871209919866,1.1125761881511107,8.882380837747927,1.1826752680965567,-15.49218512087469,-1.644187323387447,-1.1136476157315722,-0.18270586955976276,0.9059902833177207,-0.728458615201103,-0.6260242642082738,-0.1737373680885404
83,83,60.050846681922195,0.8222222222222222,21.42367797400783,1.0984154581342587,8.808021816443834,1.1727744794383534,-15.638388196151931,-1.7924468778859337,-1.568024189377848,-0.12124494981802236,0.8984057683088366,-0.7877767023496532,-0.994898326941136,-0.11779696259245713
84,84,60.04929061784897,0.7999999999999999,21.139816409504665,1.083861564503168,8.729556444413765,1.162326936533237,-15.786613584236498,-1.9427571908605668,-1.1587961854070405,-0.16824021917183352,0.8904024113334138,-0.8424677907628004,-0.58537120469884,-0.15937003934255126
85,85,60.04773455377574,0.7777777777777777,20.848660505208873,1.06893368207357,8.647137186630815,1.151352939856521,-15.936958753858699,-2.0952171020279797,-1.3267857295965468,-0.1567018420383648,0.8819957636030802,-0.8925394425702867,-0.6895528925949421,-0.1485128553058198
86,86,60.04617848970252,0.7555555555555555,20.550566010270032,1.0536500504943984,8.560914689395176,1.139872547730037,-16.089539540910636,-2.249944076617605,-1.2806582130567845,-0.09003669374130219,0.8732011908274004,-0.9380145389828083,-0.6017828549047723,-0.08969046288137751
87,87,60.04462242562929,0.7333333333333334,20.245871323746954,1.0380280198564114,8.471037209001512,1.1279055002500766,-16.244490618305683,-2.4070746818397604,-1.2021100218438385,-0.15249968992614438,0.8640338149387548,-0.9789300315208591,-0.48483282628225843,-0.14363557176237712
88,88,60.043066361556065,0.711111111111111,19.93489834078161,1.0220840940764555,8.377650145826145,1.1154711572518226,-16.401966157848392,-2.5667652580654288,-1.4001272016220256,-0.038170636581180695,0.854508466569892,-1.0153358152058176,-0.6037900772745259,-0.045319436437462064
89,89,60.04151029748284,0.6888888888888888,19.617953257504645,1.0058339721658554,8.280895669579685,1.1025884484123154,-16.5621406952543,-2.729192796014246,-1.1736082654807967,-0.105416343997633,0.844639646830227,-1.0472937185220674,-0.3584469496870759,-0.10260273643460632
90,90,60.03995423340961,0.6666666666666666,19.295327336685194,0.9892925874861177,8.180912423236661,1.0892758338291422,-16.72521021331297,-2.894556035151319,-1.5606344029004404,-0.07007737496167454,0.8344414971070826,-1.0748766059453587,-0.6278888766217038,-0.07292974364240812
91,91,60.03839816933638,0.6444444444444444,18.967297636039525,0.9724741450901152,8.077835294707821,1.0755512736189567,-16.89139346246382,-3.0630768028401256,-1.9834696563903464,-0.07398995392032814,0.8239277757765864,-1.098167589809157,-0.9170409841419402,-0.07633456456437172
92,92,60.036842105263155,0.6222222222222222,18.634127701019633,0.9553921572421167,7.971795246687957,1.06143220526198,-17.06093354290239,-3.235001618701938,-1.8462614380770348,-0.10923141340057896,0.81311184084839,-1.1172593492601874,-0.7399657449893591,-0.10513383956744535
93,93,60.035286041189934,0.5999999999999999,18.29606822381415,0.938059477205486,7.8629191963146905,1.0469355275787537,-17.234099777898027,-3.4106035942825796,-1.824751402803415,-0.1209107564717482,0.8020066376910348,-1.1322535550920179,-0.6569766362313336,-0.114257265628008
94,94,60.03372997711671,0.5777777777777777,17.953357670209392,0.920488331382536,7.751329937331022,1.0320775903662047,-17.411189914493754,-3.5901846647077296,-2.0843839417141186,-0.08523154654177523,0.7906246910926426,-1.143260400362382,-0.7951172410504487,-0.08566591535778528
95,95,60.03217391304348,0.5555555555555555,17.606222875878046,0.9026903498869023,7.63714609837407,1.016874188843855,-17.592532695404948,-3.774078196758457,-2.122492123255826,-0.14082597393216822,0.7789781010064262,-1.150398237931832,-0.7530866745873661,-0.128996918781944
96,96,60.03061784897025,0.5333333333333333,17.254879613586496,0.8846765956248855,7.5204821318291915,1.0013405621697646,-17.778490855035688,-3.9626520270279464,-2.203040884395824,-0.07977560571525988,0.7670785414138247,-1.1537933274587975,-0.7411467189320609,-0.08152962893373152
97,97,60.029061784897024,0.5111111111111111,16.89953313273913,0.8664575919584793,7.401448328406323,0.9854913953813489,-17.96946460344351,-4.156311994892192,-2.2443275952294117,-0.15569978155760555,0.75493726181127,-1.1535796959920088,-0.6961128018499013,-0.13893904868158552
98,98,60.0275057208238,0.48888888888888893,16.54037867260876,0.8480433490192563,7.280150853225472,0.9693408242001069,-18.1658956752897,-4.355506048412172,-2.645903084333878,-0.13868183686993607,0.7425650908908565,-1.149899118177681,-0.916145989352164,-0.12545593922462628
99,99,60.02594965675057,0.4666666666666666,16.177601950536513,0.829443388738912,7.156691799751439,0.9529024422129448,-18.368272036867307,-4.560729017570764,-2.151199310380658,-0.09182854263073414,0.7299724420416054,-1.1429012243172574,-0.47041331905153916,-0.09060736951128817
100,100,60.02439359267734,0.4444444444444445,15.811379626321903,0.8106667686590531,7.031169258403096,0.9361893100073961,-18.5771333639857,-4.772528169208368,-2.91823705222366,-0.12861829221633148,0.7171693203475147,-1.132743747178774,-0.9408162498196546,-0.11693394835650069
101,101,60.02283752860412,0.42222222222222217,15.441879743964357,0.7917221045797698,6.903677397088163,0.9192139658947025,-18.793077427733174,-4.991509682607309,-2.658113322967781,-0.11314545644564022,0.7041653308019927,-1.119592921683629,-0.6667282804152992,-0.10550129105261112
102,102,60.021281464530894,0.4,15.069262151860734,0.772617592103623,6.7743065512874026,0.9019884379043843,-19.016767555215196,-5.218346215172143,-2.9109012046368288,-0.10851741711076501,0.6909696874963176,-1.1036240555352954,-0.7525717323062289,-0.10196248976729638
103,103,60.019725400457666,0.37777777777777777,14.693678902509593,0.7533610271289203,6.643143321638887,0.8845242567774356,-19.248941369872096,-5.453785765687558,-3.0850175112486222,-0.14619998550319258,0.677591223573096,-1.0850222937166043,-0.777113547384434,-0.1272120930969585
104,104,60.01816933638444,0.3555555555555556,14.315274632721627,0.7339598253435226,6.510270677259049,0.8668324697233616,-19.490421063063646,-5.698662090382722,-2.90345109756035,-0.08813951856334601,0.6640384017648626,-1.0639836058356371,-0.5595310924643278,-0.08785953564178828
105,105,60.01661327231121,0.3333333333333333,13.934186925287035,0.7144210407679256,6.375768063287385,0.8489236547395901,-19.74212550807175,-5.953906987327451,-3.3874486500186096,-0.06808806865021833,0.6503193253634889,-1.0407160328865128,-0.7785694910518883,-0.07480825708866985
106,106,60.015057208237984,0.311111111111111,13.55054665300416,0.6947513833939862,6.239711511360458,0.8308079353209133,-20.005084603279432,-6.220564841362908,-3.043704356762933,-0.06282376069371987,0.6364417494883745,-1.0154412395983488,-0.4562591845454642,-0.0717245319775773
107,107,60.013501144164756,0.28888888888888886,13.164478305929652,0.6749572359633969,6.102173751911807,0.8124949954120483,-20.280456328060193,-6.499809919895405,-3.6211354666936257,-0.052151811122891356,0.6224130925408796,-0.9883964307765125,-0.7158178733372633,-0.06542562575368338
108,108,60.011945080091536,0.2666666666666666,12.776100302668453,0.6550446699278641,5.963224327361079,0.793994094478593,-20.569547119685396,-6.792967036424291,-3.48997747617269,-0.028463799254196953,0.6082404477494561,-0.959836705783327,-0.5269917964526352,-0.0515158486359267
109,109,60.01038901601831,0.24444444444444446,12.385525286481997,0.6350194606309011,5.822929705400971,0.7753140825910095,-20.87383634162765,-7.10153636301547,-3.5536364787679964,-0.08361920361787956,0.5939305947247554,-0.9300379456844303,-0.4565714555716991,-0.08511635601124246
110,110,60.00883295194508,0.22222222222222215,11.992860406955025,0.6148871017491938,5.68135339171707,0.7564634154330944,-21.19500582586198,-7.427223388139947,-4.287944878065108,-0.07084817357039253,0.5794900109568929,-0.8993003542426288,-0.7719584419022358,-0.07776891319447982
111,111,60.00727688787185,0.2,11.59820758792537,0.5946528190296548,5.538556041585668,0.7374501691610563,-21.534975751972606,-7.771975300453926,-4.0372806983206,-0.13706828300591445,0.5649248831982671,-0.8679528090857698,-0.5085694288224789,-0.11541801317822757
112,112,60.005720823798626,0.17777777777777773,11.201663782346634,0.5743215833565122,5.394595569890152,0.7182820550520277,-21.895948499220165,-8.138025457685716,-4.426418192263581,-0.08071278265187054,0.5502411186850757,-0.8363582261563347,-0.6035950411840036,-0.08367820404170156
113,113,60.0041647597254,0.15555555555555559,10.803321214721079,0.5538981231811094,5.249527259179389,0.698966433891872,-22.280462609889806,-8.527948109026351,-4.396259914187073,-0.03164130297872436,0.5354443561591188,-0.8049202034301675,-0.46167866932876533,-0.05750071755727013
114,114,60.00260869565217,0.1333333333333333,10.403267611708914,0.5333869363454972,5.1034038654632,0.6795103300616865,-22.691459684632264,-8.944726231414958,-4.932453741513743,-0.05925925808475396,0.5205399766587862,-0.7740912953027523,-0.614555476231178,-0.07270661713140529
115,115,60.00105263157895,0.11111111111111116,10.001586421490645,0.5127923013293801,4.95627572150193,0.6599204452906502,-23.132367967972577,-9.391836290753798,-5.283004597108953,-0.08105424119503324,0.5055331140544489,-0.7443833863295382,-0.6566224526858138,-0.08414559852946404
116,116,59.99949656750572,0.08888888888888886,9.598357022430987,0.4921182879485462,4.8081908374005105,0.6402031720499659,-23.60720768523994,-9.873355060497357,-5.806157250518195,-0.10307626439975959,0.49042866530891044,-0.716380796003822,-0.7718697069829816,-0.09504026147447389
117,117,59.997940503432496,0.06666666666666672,9.193654921566129,0.4713687675315246,4.6591949983632714,0.6203646065687637,-24.12072502648288,-10.394095490174005,-5.594819878424362,-0.131471443317821,0.4752313004482595,-0.6907569756611789,-0.5212938764385506,-0.10829487495609172
118,118,59.99638443935927,0.04444444444444443,8.787551943410648,0.45054742259992464,4.509331859505132,0.6004105614580635,-24.678564290557926,-10.959781270836855,-6.011536306303189,-0.16347271031363908,0.4599454722324775,-0.6682959859316258,-0.5651755112224395,-0.12233860958930601
119,119,59.99482837528604,0.02222222222222229,8.380116409556212,0.42965775607665707,4.358643037648411,0.5803465779333784,-25.28749149367071,-11.577273588862958,-6.352426196582439,-0.09711111171278874,0.4445754255185832,-0.6499204171971327,-0.5617223944371093,-0.09166518992194939
120,120,59.99327231121281,0.0,7.971413309511146,0.40870310004506666,4.207168200063128,0.5601779376303493,-25.955688326411153,-12.254869217761533,-6.273074693315229,-0.07925994017182747,0.42912520631201845,-0.6367281131652662,-0.366590929526208,-0.083853313301779
121,121,59.991716247139586,0.0,7.5826428948636195,0.3887704146475265,4.055901591951089,0.5400370227595654,-26.623427088691365,-12.93200033302222,-6.936506587741032,-0.11542423924809642,0.4136962262172307,-0.6028522782651056,-0.4814162118024887,-0.0989384920229257
122,122,59.99016018306636,0.0,7.212833037075549,0.3698098577880706,3.9056766461279877,0.5200348036111717,-27.2907080945336,-13.608667253084183,-7.090520902625908,-0.05420443511333639,0.3983734942027173,-0.5502028276595095,-0.3740711369609331,-0.07411929864824851
123,123,59.98860411899314,0.0,6.8610590188771114,0.3517740181984373,3.7571870241747987,0.5002636401516267,-27.957531657744394,-14.284870296168318,-7.595851104434059,-0.06556356544024089,0.383227762768709,-0.4806004501978336,-0.3986434865129018,-0.07897378229493315
124,124,59.98704805491991,0.0,6.526441221991909,0.3346177968852032,3.6110050805661666,0.4807997404938354,-28.623898091915677,-14.960609780277023,-7.894097204129536,-0.07617005141508093,0.368317411262153,-0.3957714701306738,-0.3345015928324915,-0.08320452519321278
125,125,59.98549199084668,0.0,6.2081429276331,0.31829829435880863,3.467598057686488,0.46170531723848723,-29.289807710424,-15.6358860231951,-8.650953437104981,-0.11607255687989815,0.35369009774544813,-0.2973449461802238,-0.42714329630586834,-0.09748053732229878
126,126,59.983935926773455,0.0,5.905368224270611,0.3027747033624884,3.327342283215051,0.44303047783392574,-29.955260826431186,-16.310699342489187,-8.7404046550551,-0.06128380639014441,0.3393842071096508,-0.18685157207228542,-0.27546986780334093,-0.07847457147654201
127,127,59.98237986270023,0.0,5.617360017437737,0.28800820683287426,3.1905356092249937,0.42481488082293195,-30.620257752884573,-16.98505005550832,-9.255489386750194,-0.12374410081905651,0.3254301198449763,-0.06572401284063734,-0.26429041927558705,-0.09916415050343678
128,128,59.980823798627,0.0,5.343398136600619,0.2739618808371176,3.0574083039919184,0.40708918607019284,-31.28479880251667,-17.65893847938427,-9.280493970868608,-0.01090895071692577,0.31185132298987334,0.06470162898130027,-0.09109922645727275,-0.06348157600756478
129,129,59.97926773455377,0.0,5.082797534356795,0.26060060224382453,2.928132582501145,0.3898763237345984,-31.9488842878457,-18.332364931030966,-9.768101440019494,-0.07522230767770255,0.29866538222928496,0.20318347228797862,-0.06064837881143825,-0.08369711816956162
130,130,59.97771167048055,0.0,4.834906573459862,0.2478909608969327,2.8028309395845548,0.3731926038135226,-32.612514521175754,-19.00532972714519,-10.141184495875978,-0.0690303888400412,0.28588479186282195,0.34857085323509995,0.009594114424666955,-0.08208138126276074
131,131,59.976155606407325,0.0,4.599105397386944,0.23580117607291828,2.6815834301617962,0.35704868549567687,-33.27568981459672,-19.677833184206794,-10.304799210923976,-0.12224855236958598,0.2735177173790685,0.49980083311405554,0.14063416319494282,-0.09686350946034127
132,132,59.9745995423341,0.0,4.37480438037451,0.2243010170124336,2.5644340239000076,0.34145042327422254,-33.93841047998458,-20.349875618478343,-10.490500951978898,-0.11254991485243337,0.26156864362188753,0.6558943623725302,0.26386536283213546,-0.0939091205470339
133,133,59.97304347826087,0.0,4.161442653046848,0.21336172732766207,2.451396146471068,0.32639960475660174,-34.600676829001365,-21.021457346006134,-10.620184686599366,-0.1315107024763007,0.2500389399908232,0.8159522186684667,0.3993556727698597,-0.09835900255267138
134,134,59.97148741418764,0.0,3.9584866999504777,0.20295595309637027,2.342457506237182,0.31189459333025626,-35.262489173095716,-21.692578682619313,-11.310819591810684,-0.09614109491795642,0.23892735275620403,0.9791508147411747,0.39761202533326045,-0.08941705300762005
135,135,59.969931350114415,0.0,3.7654290254876237,0.1930576744628542,2.2375842934240024,0.2979308872760334,-35.923847823502555,-22.363239943930523,-11.744551362683431,-0.09430211030653224,0.22823043336886303,1.14473795328876,0.4631839082789999,-0.0889028339609248
136,136,59.96837528604119,0.0,3.581786884912877,0.183642140574747,2.1367248284598417,0.2845016055389076,-36.58475309124365,-23.03344144533659,-12.439049347701403,-0.10033589968350132,0.2179429105855771,1.3120285904442657,0.47454948870486735,-0.09014588438402697
137,137,59.96681922196796,0.0,3.407101077219881,0.17468580769299583,2.0398127270059683,0.27159790914686904,-37.24520528712738,-23.70318350201739,-12.594183664132231,-0.054060763294894176,0.20805801329768153,1.4804006563955614,0.6054954152503762,-0.08038917361379498
138,138,59.96526315789474,0.0,3.24093479689963,0.16616628032025083,1.9467696411320288,0.2592093661941901,-37.90520472174907,-24.3724664289372,-12.8455843155465,-0.10909609243481277,0.19856775012708566,1.6492909708150352,0.7137541473369979,-0.09163292248044744
139,139,59.96370709382151,0.0,3.0828725416991736,0.1580622552004565,1.8575076289746788,0.24732426735780672,-38.564751705491005,-25.041290540844475,-12.900746450291045,-0.0532435181704316,0.18946315112810247,1.8181912817318473,0.8573426006326299,-0.08085252898996084
140,140,59.962151029748284,0.0,2.9325190736495585,0.15035346804961522,1.7719311989440474,0.23592989808024667,-39.22384654852318,-25.709656152271386,-13.355572896085022,-0.03060181853603572,0.1807344762936165,1.9866444490056123,0.9233007016986265,-0.07705771482118165
141,141,59.96059496567506,0.0,2.7894984307650366,0.143020642884522,1.6899390690123786,0.22501277281619075,-39.882489560802426,-26.377563577534957,-13.632745499871035,-0.07275962746422504,0.1723713950000373,2.1542407874100364,1.0212831431579659,-0.08479873801316286
142,142,59.95903890160183,0.0,2.6534529869422707,0.13604544382276598,1.6114256767444566,0.21455883609068802,-40.540681052073204,-27.045013130736596,-14.088848031122037,-0.12151376711111439,0.1643631400282672,2.320614579302786,1.0881112152648158,-0.09292861368273474
143,143,59.9574828375286,0.0,2.5240425577087966,0.12941042923347393,1.5362824714329522,0.20455363454497827,-41.198421331867905,-27.712005125762108,-14.585659741666424,-0.055530779907553285,0.1566986393596793,2.4854407627654336,1.1494652817998898,-0.08232698499240279
144,144,59.955926773455374,0.0,2.4009435495846487,0.12309900812414777,1.464399015915384,0.19498246364171604,-41.85571070950645,-28.378539876282694,-15.181233661057947,-0.17050852629957314,0.14936662855988897,2.648431797798156,1.197314098048277,-0.09973380061970522
145,145,59.954370709382154,0.0,2.283848150930107,0.1170953986545418,1.3956639223127976,0.18583049225712817,-42.51254949409666,-29.04461769575406,-15.059278397708542,-0.050225518086699505,0.14235574622277605,2.8093347105192565,1.3496663912537001,-0.08202750109281493
146,146,59.952814645308926,0.0,2.1724635622562656,0.11138458867384148,1.3299656429904356,0.1770828679962034,-43.16893799453481,-29.710238897416975,-15.421240839523175,-0.04880104504501048,0.13565461464735432,2.9679283132390397,1.4287744320539835,-0.08208274688304423
147,147,59.9512585812357,0.0,2.0665112640737986,0.10595229818246697,1.267193135450736,0.16872480572216672,-43.824876519505175,-30.375403794298037,-15.909717516497945,-0.12693894950560614,0.12925190765591715,3.1240205966619214,1.4904557141734958,-0.09242875694067992
148,148,59.94970251716247,0.0,1.9657263204491624,0.10078494362463611,1.2072364175876407,0.16074166148773145,-44.48036537748023,-31.040112699208812,-16.28617299354801,-0.07405494828832682,0.12313640722919161,3.2774462892390517,1.566306483312736,-0.08567443657239673
149,149,59.948146453089244,0.0,1.8698567165267628,0.09586960392239952,1.1499870277219455,0.1531189937880945,-45.13540487672141,-31.704365924745904,-16.950016157450953,-0.12005967759132208,0.11729705042929352,3.4280645777795447,1.607325857587068,-0.09114803406660113
150,150,59.946590389016016,0.0,1.7786627283605474,0.09119398816621548,1.0953384020681036,0.14584261382005734,-45.78999532527861,-32.36816378329299,-17.028849058727815,-0.0796259746134731,0.11172296790080766,3.5757569827770546,1.7157041038035319,-0.0864480898495837
151,151,59.94503432494279,0.0,1.6919163234792733,0.08674640488127408,1.0431861807251352,0.1388986262242424,-46.444137030990376,-33.03150658701848,-17.1295466879941,-0.06518556674700582,0.10640351508142774,3.7204253814719737,1.8172414013625326,-0.08495243397511568
152,152,59.94347826086957,0.0,1.6094005906865532,0.08251573279272027,0.9934284519130596,0.13227346160479586,-47.0978303014844,-33.69439464787716,-17.856085133826085,-0.06643408165096787,0.10132829711372703,3.8619901714045977,1.8512315596267805,-0.08519121059920151
153,153,59.94192219679634,0.0,1.5309091976698792,0.078491393016674,0.9459659429694498,0.12595390196028383,-47.75107544417767,-34.35682827760977,-18.13990827300599,-0.07020456016537668,0.0964871883265369,4.000388567093891,1.930008795614571,-0.0856560573787096
154,154,59.94036613272311,0.0,1.456245875062369,0.07466332260751017,0.9007021655588576,0.11992710001810232,-48.403872766276,-35.018807787743576,-18.417816791963304,-0.06447078839832976,0.09187034704610264,4.135573022465174,2.0070320943532947,-0.08520824906007399
155,155,59.938810068649886,0.0,1.385223925667116,0.07102194939525305,0.8575435216137601,0.11418059334035063,-49.05622257477504,-35.68033348959232,-18.726337367775734,-0.10276741462061922,0.08746822640191042,4.2675097717290615,2.0790549504998808,-0.08865851100918848
156,156,59.93725400457666,0.0,1.3176657576169506,0.06755816805016539,0.8163993757041899,0.10870231395973558,-49.70812517645962,-36.341405694256146,-18.878572816930728,-0.15308747930181665,0.08327158170828701,4.3961774815613115,2.162060035484874,-0.09278385691416596
157,157,59.93569794050343,0.0,1.2534024403022692,0.06426331731468135,0.7771820988109623,0.10348059420790894,-50.359580877904484,-37.00202471262182,-19.45334583761088,-0.1114246920878581,0.07927147492920712,4.521566007633368,2.20830686714563,-0.08921805394402033
158,158,59.9341418764302,0.0,1.192273281956518,0.06112915834575111,0.739807087842598,0.09850416931411556,-51.01058998547414,-37.66219085536315,-19.4844687755012,-0.03656178278410582,0.07545927666899194,4.6436752487828645,2.2956465860558635,-0.08347700825940692
159,159,59.932585812356976,0.0,1.1341254278430761,0.05814785411344185,0.7041927646782757,0.09376217727776402,-51.66115280532313,-38.321904432941366,-19.981791797877236,-0.11235803719222837,0.07182666607469163,4.762514092380666,2.345501727026186,-0.08910553500706156
160,160,59.931029748283756,0.0,1.0788134780387955,0.055311949804280766,0.6702605580292537,0.08924415645330286,-52.31126964339594,-38.98116575560407,-20.479884653534786,-0.10628057378742062,0.06836562898597597,4.878099444737446,2.3947048559652835,-0.08860333985623509
161,161,59.92947368421053,0.0,1.0261991238584571,0.05261435418033838,0.6379348709810763,0.0849400412285157,-52.96094080542757,-39.6399751333868,-20.996269587889024,-0.10214489603843635,0.06506845462448532,4.990455340690232,2.442060612869322,-0.08827167568235066
162,162,59.9279176201373,0.0,0.9761508020110171,0.050048321847440014,0.6071430367014261,0.0808401561270902,-53.61016659694329,-40.29833287611206,-21.24539505777301,-0.058997433023066925,0.06192773107609424,5.099612126813472,2.5053694211669297,-0.08555304676814803
163,163,59.92636155606407,0.0,0.9285433656228502,0.04760743638816688,0.5778152644673643,0.07693520862222866,-54.258947323258866,-40.956239293390425,-21.47041207997169,-0.09421065394193961,0.058936339785766276,5.205605713002706,2.5678458614128274,-0.08771306754309169
164,164,59.924805491990845,0.0,0.8832577713053799,0.045285594317470326,0.549884577875418,0.07321628090941666,-54.90728328948102,-41.613694694620065,-21.73698390198564,-0.08714858211045229,0.056087449255070254,5.308476887480745,2.625665763570115,-0.08729730374553014
165,165,59.92324942791762,0.0,0.8401807814845997,0.0430769898207801,0.5232867468436008,0.06967482085259737,-55.555174800506975,-42.27069938898709,-22.335450264308,-0.15726627310375108,0.053374508106482574,5.408270690571298,2.6637446935308997,-0.09104022845934229
166,166,59.92169336384439,0.0,0.7992046812481559,0.04097610023644377,0.4979602147917046,0.06630263228833999,-56.20262216102512,-42.92725368546546,-22.64003953373245,-0.1848181926252246,0.05079123765588,5.5050358428724415,2.716495168340271,-0.09225889860916144
167,167,59.92013729977117,0.0,0.7602270090019599,0.03897767224619598,0.47384602219126465,0.06309186484663591,-56.84962567551477,-43.58335789281742,-22.849394145659396,-0.02489591144849701,0.04833162411474412,5.5988242237397134,2.772081208324538,-0.08428975306468961
168,168,59.91858123569794,0.0,0.7231503002628334,0.037076708739126454,0.4508877275061328,0.06003500342425827,-57.4961856482471,-44.2390123195936,-23.02048905660903,-0.09713138861200399,0.0459899105262117,5.689690396255179,2.8272578043036063,-0.08775800307841948
169,169,59.917025171624715,0.0,0.6878818439465336,0.03526845631629985,0.429031326395644,0.05712485742678862,-58.142302383283884,-44.89421727413312,-23.56096814397629,-0.06606525204955194,0.04376058852391191,5.777691175113518,2.864006898478033,-0.08637662701818188
170,170,59.91546910755149,0.0,0.6543334505417512,0.033548393404782474,0.40822516992232644,0.05435454987810005,-58.787976184479064,-45.548973064563626,-23.673302285437238,-0.06401616667367493,0.04163838998926846,5.862885234098578,2.9179748862423933,-0.08633638378518421
171,171,59.91391304347826,0.0,0.6224212315903964,0.031912218951354786,0.38841988239269526,0.051717506480985956,-59.43320735547797,-46.203279998801584,-24.245002517755353,-0.11078002047121283,0.03961827867137669,5.945332750053762,2.951376329761263,-0.08823613551703113
172,172,59.91235697940503,0.0,0.5920653899227584,0.030355841667637995,0.36956827936086534,0.04920744469946791,-60.07799619971777,-46.857138384552414,-24.61717744388364,-0.05617658462203634,0.037695441823488156,6.025095080466989,2.9917985044941062,-0.0861326984368427
173,173,59.910800915331805,0.0,0.5631900201230163,0.028875369799742083,0.3516252862387393,0.046818362921868126,-60.72234302042789,-47.510548529310356,-25.25808980375893,-0.07790749524760887,0.03586528190136478,6.1022344719958515,3.021320161578086,-0.08696905573853304
174,174,59.90924485125858,0.0,0.5357229187261624,0.02746710139685396,0.33454785788180985,0.04454452975378342,-61.36624812062963,-48.163510740359406,-25.209347359955004,-0.04688735341590311,0.03412340836114452,6.176813797451182,3.074074989386887,-0.08592691402341018
175,175,59.90768878718536,0.0,0.5095954036717303,0.026127515054432154,0.3182948994547774,0.04238047348146461,-62.00971180313664,-48.81602532477236,-25.725753747972036,-0.043577385785420475,0.03246562958774623,6.248896318938277,3.1058536799074976,-0.08588645924816186
176,176,59.90613272311213,0.0,0.48474214256286907,0.02485326110886124,0.3028271888250125,0.04032097173862611,-62.65273437055497,-49.46809258941176,-26.320371512712214,-0.1877744644291912,0.030887944979112594,6.318545475024077,3.1345006654709797,-0.09040940086321823
177,177,59.9045766590389,0.0,0.46110098930132104,0.023641153261548056,0.2881073006833178,0.03836104140324274,-63.295316125283165,-50.119712840929644,-26.1919227166173,-0.04354051696758843,0.029386537206635185,6.385824689957193,3.183908623455075,-0.08602002067771009
178,178,59.903020594965675,0.0,0.4386128286898055,0.022488160611515536,0.274099532549524,0.03649592874530931,-63.937457369512614,-50.77088638576788,-26.446532037125493,-0.20033629094823313,0.02795776466782987,6.450797203115329,3.2200324331996146,-0.09046621114906259
179,179,59.90146453089245,0.0,0.41722142861323397,0.02139140007657155,0.2607698327843627,0.03472109984173285,-64.57915840522743,-51.4216135301585,-27.272931085228215,-0.10420993498017062,0.026598154143649667,6.513525916992514,3.239546826970545,-0.08775575053408069
180,180,59.89990846681922,0.0,0.3968732994291323,0.020348129184101685,0.24808573069806394,0.03303223127040046,-65.22041953420465,-52.07189458012318,-27.25165567232957,-0.10125105900526954,0.025304393669660537,6.574073262166891,3.28063970147031,-0.08765900851083577
181,181,59.89835240274599,0.0,0.37751756021567306,0.01935573921345923,0.23601626881959048,0.03142520109193269,-65.86124105801461,-52.72172984147405,-27.545485976469053,-0.05928991584164267,0.024073325627599073,6.632501077809026,3.312129379099273,-0.08663169710461355
182,182,59.89679633867277,0.0,0.35910581154286836,0.018411748672804727,0.22453193736777802,0.029896080124617162,-66.5016232780209,-53.37111961981367,-28.202752336946688,-0.12163746432114486,0.022901940061521475,6.68887050640178,3.334114492268363,-0.0880923947244192
183,183,59.895240274599544,0.0,0.3415920144487845,0.017513797094083825,0.21360461094640654,0.028441123515455292,-67.14156649538027,-54.020064220534955,-28.37945961984628,-0.1541599775645719,0.021787368220790353,6.7432419014455585,3.3662384832198358,-0.08876270996948
184,184,59.89368421052632,0.0,0.3249323753181569,0.016659639130627634,0.20320748746894735,0.02705676260808682,-67.78107101104325,-54.66856394882147,-28.983155693836416,-0.12992726946270405,0.020726876330485308,6.795674747018361,3.3881416363459764,-0.08818954367378708
185,185,59.89212814645309,0.0,0.30908523637554036,0.0158471389426165,0.1933150293050308,0.025739597106533035,-68.42013712575401,-55.31661910964769,-28.794818023128833,-0.014471658997372572,0.01971785958842589,6.846227588148491,3.4252097679865425,-0.08587000072556081
186,186,59.89057208237986,0.0,0.29401097151917244,0.015074264856367946,0.18390290662922454,0.02448638753217423,-69.05876514005061,-55.96423000777884,-29.36004825359523,-0.0413166286257205,0.018757836386827056,6.894957971039824,3.4461614264285414,-0.08644347706607636
187,187,59.889016018306634,0.0,0.27967188723507824,0.01433908428409422,0.1749479429432073,0.023294047970111437,-69.69695535426479,-56.61139694777162,-29.17049628559265,0.005637133444147402,0.017844442755638006,6.941922392265423,3.480081681827468,-0.08564761987419042
188,188,59.88745995423341,0.0,0.2660321283436521,0.01363975889142618,0.1664280627346113,0.022159639100022208,-70.33470806852272,-57.25812023397292,-29.898622852780107,-0.07711409370253497,0.016975427023818063,6.987176256115548,3.496610803230864,-0.08713312645924504
189,189,59.885903890160186,0.0,0.25305758834303227,0.012974540000619823,0.15832224122945615,0.021080361505774983,-70.9720235827448,-57.90440017052245,-30.535448564070034,-0.04864514426161648,0.016148644694156056,7.030773839350965,3.5144143155134833,-0.08668181811436024
190,190,59.88434782608696,0.0,0.2407158241250812,0.012341764217951088,0.1506104561900174,0.020053549257389825,-71.60890219664562,-58.550237061350316,-30.666628644274553,-0.040268208210070267,0.015362053526721051,7.072768262672728,3.539622054996373,-0.08658354157275659
191,191,59.88279176201373,0.0,0.22897597485071608,0.01173984927436512,0.14327364170598048,0.019076663758402022,-72.2453442097345,-59.19563121017879,-31.170409483242842,-0.06277716208019646,0.014613708825625406,7.1132114682748,3.5582573890318603,-0.08694768145819658
192,192,59.881235697940504,0.0,0.21780868478173662,0.011167290068979457,0.13629364392368096,0.018147287851278966,-72.88134992131535,-59.840582920521854,-31.382693022610205,-0.10673394717264362,0.013901758923469898,7.152154202897415,3.5803980290211737,-0.08757622149161003
193,193,59.879679633867276,0.0,0.20718602987618875,0.010622654905547868,0.12965317865598727,0.01726312017324156,-73.51691963048678,-60.4850924956849,-32.01548795880427,-0.1056074249611294,0.013224440857611704,7.189646005846232,3.5960446535342454,-0.08754816506102045
194,194,59.87812356979405,0.0,0.19708144796371477,0.010104581912473985,0.12333579081382658,0.016421969754634686,-74.15205363614274,-61.12916023876635,-31.811319446525985,-0.051199520120503994,0.012580076232237428,7.225735201486095,3.621867446464388,-0.08685191677038388
195,195,59.87656750572082,0.0,0.1874696723262918,0.009611775637422952,0.11732581559938739,0.015621750851862142,-74.78675223697195,-61.77278645265605,-32.44513287797973,-0.17792718783188333,0.011967067260124633,7.2604688957586,3.636280151371009,-0.08839060897604074
196,196,59.875011441647594,0.0,0.17832666851827597,0.00914300380801582,0.1116083414005639,0.014860478006839303,-75.42101573145831,-62.41597144003652,-32.64156372524918,-0.09103658059184117,0.011383892977927653,7.29389297630974,3.6553406137377693,-0.08734860773838471
197,197,59.87345537757437,0.0,0.16962957426776926,0.008697094250506724,0.10616917432616019,0.014136261324910436,-76.05484441788124,-63.058715503382935,-33.27458767210334,-0.08280865409127092,0.010829105628818579,7.326052115848368,3.668854471737337,-0.08725743705240695
198,198,59.871899313501146,0.0,0.16135664230903127,0.00827293195873798,0.10099480432167969,0.01344730196321847,-76.68823859431583,-63.701018944962605,-33.52436370044004,-0.12147961166392163,0.010301327206345691,7.356989778387811,3.685992855681712,-0.08765817291619164
199,199,59.87034324942792,0.0,0.15348718600298739,0.007869456306043892,0.0960723728061282,0.012791887821595394,-77.32119855863262,-64.34288206683614,-33.76445901662317,-0.1106577739486414,0.009799246153433158,7.38674822805212,3.7025171764921825,-0.08753496921235968
200,200,59.86878718535469,0.0,0.14600152760985574,0.007485658393131647,0.0913896417711057,0.012168389428154132,-77.95372460849804,-64.98430517085696,-34.209004750837714,-0.035866732102041166,0.009321614210532096,7.415368540155475,3.7164458143816166,-0.08682664248795653
201,201,59.86723112128146,0.0,0.13888094908454818,0.007120578525307557,0.08693496428451085,0.01157525601190241,-78.58581704137436,-65.62528855867144,-34.63900266019382,-0.10633447918007022,0.008867243407040135,7.442890614287905,3.7300272792233384,-0.08747486971910948
202,202,59.865675057208236,0.0,0.13210764527180774,0.006773303812740449,0.08269725634239114,0.011011011754860165,-79.21747615452001,-66.26583253171914,-34.49569403383485,-0.14222708314443055,0.008435003190229946,7.46935318916351,3.7479691014675214,-0.0877693991349524
203,203,59.86411899313501,0.0,0.12566467938404616,0.00644296588776159,0.07866597001381229,0.010474252216340447,-79.84870224498964,-66.90593739123297,-35.183703990151805,-0.11281214560704411,0.008023817686063925,7.494793859008293,3.7583076457252433,-0.08751079634354286
204,204,59.86256292906179,0.0,0.11953594065055297,0.00612873873349319,0.07483106782506,0.009963640922245491,-80.4794956096343,-67.54560343823945,-35.337617551615295,-0.07317763424513624,0.007632663086418955,7.5192490912842125,3.7724884325280987,-0.08719830268062811
205,205,59.86100686498856,0.0,0.113706104032177,0.005829836618375962,0.07118299833100426,0.009477906112431694,-81.1098565451015,-68.18483097355887,-35.71968436810702,-0.10230179796560934,0.0072605651574001555,7.542754245563853,3.7843791318222664,-0.08741501775700874
206,206,59.85945080091533,0.0,0.10816059190074605,0.0055455121314309545,0.0677126728230288,0.009015837639406412,-81.73978534783521,-68.82362029780498,-36.68297943000492,-0.1604218632783594,0.006906596863582597,7.565343593386681,3.7918114954838122,-0.08781112163063136
207,207,59.857894736842105,0.0,0.10288553758740325,0.005275054313342796,0.06441144312453756,0.008576284011834037,-82.36928231407647,-69.46197171138557,-36.533625239549565,-0.13143223753536715,0.006569876103184389,7.587050338942844,3.8065162189661357,-0.087596043799556
208,208,59.85633867276888,0.0,0.09786775070871218,0.005017786878691076,0.06127108042668273,0.008158149576545903,-82.99834773986304,-70.09988551450263,-36.934007260063964,-0.17853260372741042,0.006249563549340856,7.607906640444584,3.81702091358869,-0.08787626638853753
209,209,59.85478260869565,0.0,0.09309468418382763,0.004773066524884547,0.05828375511859998,0.007760391832967303,-83.62698192102991,-70.73736200715209,-37.29528247241876,-0.09576095129976148,0.005944860592817061,7.627943632058039,3.827368230174015,-0.08735640348085426
210,210,59.85322654462242,0.0,0.08855440286025808,0.004540281323569551,0.05544201756807635,0.007382018874093171,-84.25518515320918,-71.37440148912444,-37.56037468500706,-0.09011928232105504,0.005655007381663116,7.647191446280091,3.8378599478423476,-0.08732204914716496
211,211,59.851670480549195,0.0,0.08423555366976768,0.0043188491904904034,0.052738779810205874,0.007022086948360881,-84.88295773183007,-72.01100426000473,-37.926295023275884,-0.09924135140065848,0.0053792809534829455,7.665679236655753,3.8473710635846183,-0.08737034366216073
212,212,59.850114416475975,0.0,0.08012733723979211,0.004108216429975561,0.05016729810319826,0.006679698136983175,-85.51029995211967,-72.64717061917214,-38.24217065872642,-0.13583614486190054,0.005116993456151446,7.683435200741557,3.8567706983459176,-0.08755446852431548
213,213,59.84855835240275,0.0,0.07621948088938207,0.00390785635041003,0.04772115631209291,0.0063539981415153815,-86.1372121091024,-73.28290086580103,-38.80535199394048,-0.1335976914048076,0.0048674904529768205,7.700486603229636,3.8645872552537344,-0.08753146449172891
214,214,59.84700228832952,0.0,0.07250221294215008,0.0037172679472319936,0.045394250082686535,0.006044174176638362,-86.76369449760047,-73.9181952988609,-38.72981719408936,-0.10201578844493131,0.004630149308463572,7.716859799155543,3.8751138606807007,-0.08737424867598008
215,215,59.84544622425629,0.0,0.06896623829198964,0.0035359746501604397,0.04318077176950562,0.005749452963341355,-87.38974741223416,-74.55305421711577,-38.89470651527971,-0.08795727286148303,0.004404377650987008,7.732580257120723,3.884051356255174,-0.08730900864261112
216,216,59.843890160183065,0.0,0.06560271516046841,0.0033635231315212286,0.04107519608314018,0.005469098817886675,-88.01537114742163,-75.18747791912529,-39.6097482168718,-0.14105524425445104,0.004189611908841596,7.747672582467533,3.890283664550716,-0.08753132869503641
217,217,59.84233409610984,0.0,0.06240323298777663,0.0031994821726917776,0.039072266423701235,0.005202411832130715,-88.64056599737913,-75.82146670324397,-39.751335355562134,-0.061735607222335176,0.003985315916272936,7.762160540351347,3.8986436664971733,-0.0872042341566617
218,218,59.84077803203661,0.0,0.059359791401946735,0.0030434415858298937,0.037166981868568455,0.004948726140962669,-89.26533225612133,-76.45502086762201,-40.17846156035443,-0.06909178569924901,0.003790979586246438,7.776067078660212,3.905541158316898,-0.08723709056275494
219,219,59.83922196796339,0.0,0.05646478021375623,0.0028950111881905103,0.03535458478395535,0.004707408272803609,-89.88967021746119,-77.08814071020542,-40.501716646253186,-0.12102197579400009,0.003606117646844484,7.789414350738041,3.9125559286668254,-0.08742772407867055
220,220,59.83766590389016,0.0,0.05371096038729064,0.0027538198264655876,0.033630549031137,0.004477855579283944,-90.51358017501066,-77.7208265287358,-41.375440700515355,-0.17324188536477214,0.0034302684383183376,7.802223737872379,3.917397301784508,-0.08760092348342648
221,221,59.836109839816935,0.0,0.05109144593858312,0.0026195144487075168,0.03199056873945775,0.004259494740386769,-91.1370624221799,-78.35307862075047,-41.58342997616576,-0.12128601384270299,0.0032629927679508103,7.814515871512329,3.924321102629155,-0.08741701689111865
222,222,59.83455377574371,0.0,0.04859968671706776,0.0024917592215153565,0.030430547619464954,0.004051780341508151,-91.76011725217825,-78.98489728358304,-41.348351123212055,-0.06051765675224585,0.0031038728200110137,7.82631065518656,3.9323156537779558,-0.08722299276360107
223,223,59.83299771167048,0.0,0.046229452026791365,0.0023702346902763996,0.028946588790698335,0.003854193519043016,-92.38274495801402,-79.61628281436306,-42.046984937597564,-0.15028457235155557,0.0029525111182032602,7.837627286095034,3.9371280278862626,-0.08749208533049085
224,224,59.83144164759725,0.0,0.04397481504642812,0.0022546369803632476,0.027534985099804503,0.0036662406712570797,-93.00494583249453,-80.24723551001655,-42.49189262440572,-0.16736640735925956,0.002808529538128441,7.848484276351767,3.9425189628145985,-0.08753099243459161
225,225,59.829885583524025,0.0,0.04183013800913916,0.00214467703728896,0.026192209905742277,0.003487452231351187,-93.62672016822626,-80.8777556672663,-42.571713106869026,-0.1000438143790583,0.002671568367387997,7.858899473859062,3.9486833400551156,-0.08734017037693895
226,226,59.828329519450804,0.0,0.039790058105218885,0.0020400799039202735,0.024914908309897836,0.0033173814997647117,-94.24806825761556,-81.50784358263064,-42.71427568793146,-0.0333134297438864,0.002541285411068069,7.868890082796632,3.954398097880613,-0.08716892992222156
227,227,59.82677345537758,0.0,0.03784947407227733,0.0019405840329415538,0.023699888809940083,0.003155603532899308,-94.86899039286789,-82.13749955242588,-43.42916273632863,-0.06480522339957773,0.002417355140444547,7.878472683711694,3.958468358752325,-0.08725174810279122
228,228,59.82521739130435,0.0,0.03600353343942706,0.0018459406328502688,0.022544115357216846,0.0030017140855735044,-95.48948686598845,-82.7667238727644,-43.53192740884538,-0.1700332585067854,0.0022994678828487203,7.887663253198602,3.9638319895935723,-0.08749636916134257
229,229,59.82366132723112,0.0,0.03424762039357842,0.001755913045848645,0.021444699798422992,0.0028553286046425017,-96.1095579687824,-83.39551683955592,-43.90006107667899,-0.10138314007762661,0.002187329050728108,7.896477183158748,3.968365154583589,-0.08733693184060344
230,230,59.822105263157894,0.0,0.03257734423750252,0.0016702761560759027,0.02039889468316268,0.0027160812713362173,-96.72920399285489,-84.02387874850692,-44.067651702588805,-0.05735612676222024,0.0020806584080279873,7.9049292996334835,3.973133804856203,-0.08724382506260936
231,231,59.82054919908467,0.0,0.030988528410801172,0.0015888158267013458,0.01940408641988176,0.002583624089982267,-97.34842522961095,-84.65180989512189,-44.7762477194708,-0.10925671274897297,0.001979189372106172,7.913033881204707,3.9766161749739553,-0.0873495851498518
232,232,59.81899313501144,0.0,0.029477200046330424,0.0015113283644707474,0.018457788763463143,0.002457626020889365,-97.9672219702562,-85.27931057470184,-44.94939932858283,-0.06640954488390527,0.0018826683494769538,7.92080467695933,3.98100519609308,-0.08726679945139679
233,233,59.81743707093821,0.0,0.02803958003596331,0.0014376200103671142,0.017557636618559587,0.002337772155270671,-98.58559450579607,-85.90638108234594,-45.347639334138655,-0.035741895570595705,0.0017908541037598114,7.928254924015382,3.984792988385346,-0.0872137967709645
234,234,59.81588100686499,0.0,0.02667207358085109,0.0013675064551122206,0.01670138014348568,0.0022237629301861267,-99.20354312703705,-86.53302171295097,-45.205880584463785,-0.1063851328031995,0.0017035171542847279,7.935397364608857,3.989350750813368,-0.08733864220130574
235,235,59.814324942791764,0.0,0.02537126120255368,0.0013008123782974092,0.015886879140205142,0.0021153133815779456,-99.82106812458602,-87.1592327612114,-45.91394916573016,-0.07808709083517718,0.0016204392038788322,7.942244262741597,3.992297381936062,-0.08729120190115722
236,236,59.812768878718536,0.0,0.024133890192562433,0.0012373710099912497,0.01511209771663211,0.0020121524335642823,-100.43816978885067,-87.78501452162001,-46.30221590564149,-0.01131781217522665,0.0015414125944286778,7.948807420391628,3.995649225406003,-0.08718901144437183
237,237,59.81121281464531,0.0,0.02295686647883459,0.0011770237137278437,0.014375099208117014,0.0019140222222429394,-101.05484841003954,-88.41036728846719,-46.452355829533715,-0.10180726582686983,0.0014662397888789865,7.955098193288319,3.999215953037957,-0.08732740293764238
238,238,59.80965675057208,0.0,0.02183724688900156,0.00111961958983303,0.01367404134561022,0.001820677452339824,-101.6711042781625,-89.03529135584198,-47.08731545899958,-0.14683554272820754,0.001394732878392171,7.961127506255591,4.001943287420449,-0.08738916842524555
239,239,59.808100686498854,0.0,0.02077223179090496,0.0010650150980965987,0.013007171658590791,0.0017318847851160286,-102.2869376830301,-89.65978701763166,-47.71976447291332,-0.08019717138979532,0.0013267131134535718,7.966905868127238,4.004584141967816,-0.08729670924820637
240,240,59.806544622425626,0.0,0.019759158092057964,0.001013073698846999,0.012372823101414904,0.001647422256022886,-102.90234891425476,-90.28385456752197,-47.70089897108826,-0.12214456696202358,0.0012620104577651806,7.972443386239019,4.007959099160511,-0.0873501072692953
241,241,59.804988558352406,0.0,0.018795492580526922,0.0009636655115310406,0.011769409892279524,0.0015670787206664208,-103.51733826124988,-90.90749429899769,-48.314399867073305,-0.029648127222670073,0.0012004631638258196,7.9777497805028545,4.010409175695093,-0.08723692448974849
242,242,59.80343249427918,0.0,0.017878825590582063,0.0009166669899448578,0.011195423554513058,0.0014906533277113231,-104.13190601323097,-91.53070650534178,-48.59359518753953,-0.09653239274920455,0.0011419173691483882,7.982834397068986,4.0131574371519125,-0.08731667642850104
243,243,59.80187643020595,0.0,0.017006864977278015,0.0008719606133040489,0.010649429150396983,0.0014179550174201242,-104.74605245921475,-92.1534914796367,-48.81448711515091,-0.11417579449407578,0.001086226712114994,7.987706221582351,4.015850552362933,-0.0873353273467365
244,244,59.80032036613272,0.0,0.016177430384897516,0.0008294345923805001,0.010130061698191747,0.001348802044585738,-105.35977788802032,-92.77584951476369,-48.7547446365984,-0.1042416815936198,0.0010332519665186626,7.992373892039927,4.018713998393929,-0.08732363949197837
245,245,59.798764302059496,0.0,0.015388447794926428,0.0007889825899710874,0.00963602276348772,0.0012830215246751142,-105.97308258826831,-93.39778090340356,-49.56758674810163,-0.0751469082129752,0.000982860693885956,7.996845711256053,4.020577160165518,-0.08729418997937226
246,246,59.79720823798627,0.0,0.014637944339927147,0.0007505034549992802,0.00916607721642847,0.0012204490020585315,-106.58596684838184,-94.01928593803588,-49.93533423648772,-0.10778820321344362,0.0009349269127183312,8.00112965894309,4.022804553605195,-0.0873252900425287
247,247,59.79565217391304,0.0,0.013924043370342384,0.0007139009695847629,0.00871905014676005,0.0011609280392531848,-107.1984309565861,-94.6403649109403,-50.37355187213733,-0.054461256626114896,0.0008893307838315327,8.005233403414966,4.024877417759164,-0.0872769308445637
248,248,59.79409610983981,0.0,0.013244959761893767,0.0006790836084486157,0.00829382392904738,0.0011043098261612856,-107.8104752009087,-95.26101811419585,-50.0555895781995,-0.0522956366097449,0.0008459583110118128,8.009164312921428,4.027507895149917,-0.08727652338415892
249,249,59.79254004576659,0.0,0.012598995451841323,0.0006459643100524449,0.00788933543076779,0.0010504528083320345,-108.42209986917983,-95.88124583968106,-50.769745988010264,0.009765696420749315,0.0008047010562454208,8.01292946662087,4.029166422065626,-0.08722802700120863
250,250,59.790983981693365,0.0,0.011984535192942136,0.0006144602588991879,0.007504573356343342,0.0009992223333236362,-109.03330524903265,-96.5010483790748,-51.095172533248245,-0.10517368410711825,0.0007654558688136575,8.016535665199878,4.031069647973953,-0.08731981762703803
251,251,59.78942791762014,0.0,0.0114000425144909,0.0005844926784512344,0.007138575720508468,0.0009504903142861072,-109.64409162790257,-97.12042602385618,-51.562077213453406,-0.11852714465937497,0.0007281246275799473,8.019989441147569,4.032789190684847,-0.08732887359296049
252,252,59.78787185354691,0.0,0.010844055880342852,0.0005559866341480485,0.006790427444728408,0.0009041349099281093,-110.25445929302835,-97.73937906530361,-51.74810786472183,-0.1401905104740364,0.0006926139958279174,8.023297068692992,4.034635990597795,-0.08734276926574988
253,253,59.78631578947368,0.0,0.010315185034312115,0.0005288708460307372,0.006459258070687669,0.0008600402200714759,-110.86440853145196,-98.3579077944966,-52.04305954644267,-0.054391542637477475,0.0006588351880404557,8.026464573413788,4.036327246613139,-0.08728445551568381
254,254,59.784759725400455,0.0,0.009812107523807092,0.0005030775105050239,0.0061442395851570705,0.0008180959960356223,-111.47393963001817,-98.97601250231503,-52.39726563522756,-0.11914718342403985,0.0006267037480392241,8.02949774152443,4.037908363727096,-0.08732609571190782
255,255,59.78320366132723,0.0,0.009333565393010146,0.0004785421307969458,0.005844584350823311,0.0007781973651307049,-112.08305287537546,-99.59369347943891,-53.045955264403034,-0.05400182697962164,0.0005961393379322023,8.032402128852219,4.039247643807681,-0.08728628679956302
256,256,59.78164759725401,0.0,0.008878362037332822,0.0004552033556773242,0.005559543137927323,0.0007402445685733121,-112.69174855397557,-100.21095101634958,-53.258425350496964,-0.14662756517835884,0.0005670655373435821,8.035183069509298,4.0407878331430345,-0.08733977994654561
257,257,59.78009153318078,0.0,0.008445359211281086,0.0004330028260517349,0.005288403251807338,0.0007041427121717206,-113.30002695207409,-100.82778540332882,-53.42159756231624,-0.07378708179467397,0.0005394096524258101,8.037845684268841,4.0422853760388415,-0.08729884850023563
258,258,59.77853546910755,0.0,0.008033474182248711,0.0004118850290323745,0.005030486751680314,0.0006698015291593976,-113.90788835572995,-101.44419693045958,-53.48153358699531,-0.05053623724610157,0.000513102534177811,8.040394888653523,4.043767147746742,-0.08728727408046014
259,259,59.776979405034325,0.0,0.007641677023121786,0.0003917971591269255,0.004785148756221676,0.0006371351545855638,-114.51533305080663,-102.06018588762566,-54.14006644768038,-0.10584976874283836,0.00048807840561651745,8.042835400744277,4.044885991599977,-0.08731519155551609
260,260,59.7754233409611,0.0,0.007268988036924466,0.00037268898619732,0.004551775831718686,0.0006060619107003096,-115.12236132297105,-102.67575256451266,-54.41308828110935,-0.02499589134724589,0.000464274697370795,8.045171748717287,4.04614492843034,-0.08727721173894788
261,261,59.77386727688787,0.0,0.006914475307066234,0.0003545127298582313,0.00432978445877786,0.0005765041027990576,-115.72897345769474,-103.29089725060714,-54.77376449214,-0.08466750454760863,0.0004416318912877648,8.047408278117071,4.047309938231533,-0.08730497550523734
262,262,59.77231121281464,0.0,0.006577252367065012,0.0003372229400012224,0.004118619573761931,0.0005483878250171523,-116.33516974025304,-103.90562023519789,-55.221660749819605,-0.0933289247174729,0.0004200933716614387,8.049549158873331,4.048389258607532,-0.08730867094275882
263,263,59.77075514874142,0.0,0.00625647598391921,0.0003207763831458016,0.00391775318131765,0.0005216427755900824,-116.94095045572628,-104.51992180737402,-55.625078787243375,-0.027708827541050862,0.0003996052837125164,8.051598392069208,4.0494428909719185,-0.08728232540988302
264,264,59.769199084668195,0.0,0.005951344049586009,0.0003051319343332014,0.003726683034532467,0.0004962020811183838,-117.546315888999,-105.13380225602798,-55.38462293653751,-0.04757697983182041,0.0003801163989662329,8.053559816468407,4.05069774698196,-0.08729103910555543
265,265,59.76764302059497,0.0,0.005661093575293448,0.00029025047429256083,0.0035449313794263574,0.00047200212939867,-118.15126632476058,-105.74726186985328,-56.367205289937274,-0.0827482353226161,0.0003615779871923015,8.055437114808553,4.0514447222664804,-0.08730449277286849
266,266,59.76608695652174,0.0,0.005384998783671076,0.00027609479162237193,0.0033720437606451804,0.0004489824104035491,-118.75580204750513,-106.36030093734594,-56.52482490098643,-0.08117746039770779,0.0003439436945873248,8.057233819867935,4.05245633552728,-0.08730403289017648
267,267,59.76453089244851,0.0,0.005122369293928483,0.00026262948974259344,0.0032075878853742943,0.0004270853650134797,-119.35992334153167,-106.97291974680378,-56.75594107269993,-0.059720380460703826,0.0003271694278955905,8.058953320312776,4.053397210467536,-0.08729711559372892
268,268,59.762974828375285,0.0,0.004872548395543719,0.00024982089838476333,0.003051152542636142,0.00040625624112291587,-119.96363049094472,-107.58511858632735,-56.97632872322356,-0.16437312870942744,0.0003112132441789534,8.060598866331878,4.054299225436647,-0.08733012507848376
269,269,59.76141876430206,0.0,0.0046349114061449296,0.00023763698939878976,0.0029023465752734683,0.0003864429567614633,-120.56692377965351,-108.19689774381946,-57.83119230428207,-0.06673389816658215,0.0002960352459605773,8.062173575065458,4.054972766822093,-0.0873000507022496
270,270,59.75986270022883,0.0,0.004408864109479036,0.00022604729666589305,0.002760797902051116,0.00036759596988824537,-121.16980349137285,-108.80825750698587,-57.695881953743594,-0.049914755191393656,0.00028159748148070147,8.06368043583477,4.055904632337073,-0.08729561149114123
271,271,59.75830663615561,0.0,0.004193841269561596,0.0002150228399174396,0.002626152587434243,0.00034966815453431257,-121.7722699096233,-109.41919816333456,-58.24933539282351,0.008862819843247216,0.0002678638498153344,8.06512231517899,4.056604697343255,-0.08728038062312721
272,272,59.75675057208238,0.0,0.003989305217292421,0.00020453605226917522,0.0024980739567196683,0.0003326146829837497,-122.3743233177309,-110.0297200001773,-58.53658836862002,-0.11165836254611872,0.0002548000106209024,8.066501961705667,4.057345678151647,-0.08731234575751755
273,273,59.755194508009154,0.0,0.003794744506002766,0.00019456071128965552,0.0023762417543101285,0.00031639291369919506,-122.97596399882715,-110.63982330462774,-58.84462593013778,-0.01997522666791207,0.0002423732982794142,8.067822010760905,4.05804905312793,-0.08728982159542378
274,274,59.75363844393593,0.0,0.003609672632572257,0.0001850718734305086,0.0022603513430288257,0.0003009622847118113,-123.57719223584995,-111.24950836360381,-58.94422314546832,-0.07097025265656587,0.0002305526402296772,8.069084988925278,4.058769821998969,-0.0873023745290163
275,275,59.7520823798627,0.0,0.0034336268209176853,0.00017604581165457165,0.00215011294247402,0.0002862842122093777,-124.1780083115428,-111.85877546382605,-59.69379122596402,-0.07523036185136389,0.0002193084792805432,8.070293318341323,4.059314014521116,-0.08730349249044103
276,276,59.75052631578947,0.0,0.003266166864811746,0.00016745995610593928,0.0020452509045108167,0.0002723219940691424,-124.77841250845567,-112.46762489181872,-59.61379084205887,-0.10578612201661564,0.00020861269971209548,8.071449320878319,4.060012742354516,-0.08730999596993073
277,277,59.748970251716244,0.0,0.0031068740271381788,0.00015929283767356745,0.0019455030240899719,0.00025904071809441215,-125.3784051089446,-113.07605693390943,-60.075378475154764,-0.05756816615837268,0.00019843855698014118,8.072555222139874,4.060569107109645,-0.08730023965038324
278,278,59.747414187643024,0.0,0.0029553499928308656,0.00015152403430731325,0.0018506198836716898,0.00024640717472559546,-125.97798639517244,-113.68407187622986,-60.56773090879591,-0.07651034814398772,0.00018876061084836622,8.073613155319723,4.06109699780543,-0.08730410299074239
279,279,59.745858123569796,0.0,0.0028112158728786935,0.00014413411995217203,0.0017603642296162788,0.00023438977400758285,-126.5771566491084,-114.29167000471519,-60.85108691630048,-0.07639308744478157,0.0001795546617810641,8.074625164910996,4.0616412019393735,-0.08730418132155464
280,280,59.74430205949657,0.0,0.002674111256905672,0.00013710461597302148,0.0016745103789833256,0.00022295846660597474,-127.17591615252799,-114.89885160510471,-61.131737092333054,-0.07801299708354303,0.00017079769043749037,8.075593210274008,4.062161808521635,-0.08730455356367525
281,281,59.74274599542334,0.0,0.0025436933119572635,0.0001304179449484086,0.0015928436552569607,0.00021208466867477343,-127.7742651870143,-115.50561696294214,-61.36336060228692,-0.06571174489555798,0.00016246780011663824,8.076519169067543,4.062667327955852,-0.08730263241716159
282,282,59.741189931350114,0.0,0.002419635925239423,0.00012405738671784054,0.0015151598515870267,0.00020174119038777466,-128.37220403395688,-116.11196636357491,-61.56336647077365,0.01129187000492582,0.00015454416200859618,8.077404840548457,4.063154914623647,-0.08729090306420355
283,283,59.739633867276886,0.0,0.002301628888666749,0.00011800703657267398,0.0014412647202046583,0.0001919021679550424,-128.9697329745525,-116.71790009215522,-62.08783762730147,-0.06440065964835595,0.0001470069631156599,8.0782519487442,4.063572530311579,-0.0873027735459364
284,284,59.73807780320366,0.0,0.0021893771231806898,0.00011225176548605938,0.0013709734867361643,0.00018254299895455333,-129.566852289805,-117.32341843363947,-62.425923976899334,-0.02713654743141669,0.00013983735671303473,8.079062145502824,4.063999602516571,-0.0872977268542681
285,285,59.73652173913043,0.0,0.0020825999408981962,0.00010677718228249338,0.001304110388201279,0.00017364028081737857,-130.16356226052605,-117.92852167278912,-62.761104048961684,-0.15119201562541207,0.00013301741522531074,8.079837013424862,4.0644085385372355,-0.08731463874509804
286,286,59.73496567505721,0.0,0.0019810303432458124,0.000101569597652384,0.0012405082335410157,0.00016517175231264746,-130.75986316733446,-118.53321009416985,-62.885302768923395,-0.0719656415486547,0.00012653008540092556,8.080578068681278,4.064826400476698,-0.08730419977647906
287,287,59.73340961098398,0.0,0.001884414353324166,9.661598992164632e-05,0.0011800079855766317,0.00015711623788603035,-131.35575529065656,-119.13748398215319,-63.83175355127252,-0.15450509423148295,0.00012035914567256984,8.081286763721664,4.065125683962938,-0.0873142288197846
288,288,59.731853546910756,0.0,0.0017925103808334316,9.190397249073442e-05,0.0011224583633547584,0.00014945359471260766,-131.9512389107268,-119.74134362091459,-63.696687533423614,-0.08884310440249177,0.0001144891655969528,8.081964489876624,4.065539748862242,-0.08730631677683996
289,289,59.73029748283753,0.0,0.0017050886179717408,8.742176286169074e-05,0.0010677154638846758,0.00014216466233177337,-132.54631430758712,-120.3447892944356,-64.0931455423625,-0.06214786048458487,0.00010890546727253952,8.082612579858235,4.0658749795759785,-0.08730340093688611
290,290,59.7287414187643,0.0,0.0016219304647959768,8.315815317576399e-05,0.001015642402322168,0.00013523121473827185,-133.1409817610878,-120.9478212865025,-64.3924980713459,-0.029429769372091297,0.00010359408863881285,8.0832323101623,4.066206026218926,-0.08730014516120789
291,291,59.72718535469107,0.0,0.0015428279826080527,7.91024821879242e-05,0.000966108969700487,0.00012863591480960517,-133.73524155088722,-121.55043988070746,-64.85261554597,-0.12754421365085422,9.854174856531583e-05,8.083824903376012,4.066506597927012,-0.08731010594121737
292,292,59.725629290617846,0.0,0.0014675833739998556,7.524460860819712e-05,0.0009189913073527988,0.00012236227095588543,-134.32909395645177,-122.15264536044789,-65.1324670755185,-0.09782110575978775,9.373581364320161e-05,8.08439153039454,4.0668116192743975,-0.08730712643995572
293,293,59.724073226544625,0.0,0.0013960084882566988,7.157488574315681e-05,0.0008741715972121951,0.0001163945958837605,-134.92253925705666,-122.75443800892694,-65.41359255357021,-0.06562579850599715,8.91642665962728e-05,8.0849333125499,4.067102930341388,-0.08730420769933965
294,294,59.7225171624714,0.0,0.0013279243508825314,6.808413737416741e-05,0.0008315377672150376,0.00011071796737132494,-135.51557773178547,-123.35581810915397,-65.94116386909681,-0.15974158990589293,8.481567623253902e-05,8.085451323655386,4.067360354049115,-0.08731228447275902
295,295,59.72096109839817,0.0,0.0012631607160704746,6.476363481205683e-05,0.0007909832110711411,0.00010531819095595336,-136.1082096595303,-123.956785943944,-66.25153934035706,-0.08710248240034746,8.067916886117204e-05,8.08594659196873,4.067624928554488,-0.08730612438016952
296,296,59.71940503432494,0.0,0.0012015556409996273,6.160507507084722e-05,0.0007524065217002136,0.00010018176444177486,-136.70043531899222,-124.55734179591838,-66.34823838875359,-0.1275885403655974,7.674440110339957e-05,8.08642010207702,4.067894219349137,-0.08730923225978966
297,297,59.717848970251715,0.0,0.001142955080893662,5.8600560105965285e-05,0.0007157112376681245,9.529584413805441e-05,-137.29225498868135,-125.15748594750443,-66.69479481104739,-0.09888760321080658,7.30015340293634e-05,8.08687279670636,4.068132498651072,-0.08730698627568231
298,298,59.71629290617849,0.0,0.0010872125038286452,5.574257706501686e-05,0.0006808056019890676,9.064821274407376e-05,-137.88366894691683,-125.75721868093615,-67.18819357584344,-0.09293549048228211,6.944120855628089e-05,8.087305578459087,4.068350193890475,-0.08730653172000538
299,299,59.71473684210526,0.0,0.0010341885243269025,5.302397950174269e-05,0.00064760233269059,8.622724880022023e-05,-138.47467747182662,-126.35654027825393,-67.3685879906471,-0.03948915681439846,6.605452204640261e-05,8.087719311481306,4.0685796183581155,-0.08730298228313722
300,300,59.71318077803204,0.0,0.0009837505548207222,5.043796950618036e-05,0.0006160184045678649,8.202189762890554e-05,-139.0652808413485,-126.9554510213049,-67.98643581512715,-0.09873752523564816,6.28330060462567e-05,8.088114823063414,4.068770948303008,-0.0873068590794075
301,301,59.71162471395881,0.0,0.0009357724741143737,4.7978080706348506e-05,0.0005859748415815511,7.802164369266211e-05,-139.65547933322964,-127.55395119174263,-67.91790163905459,-0.07585450890534862,5.976860511152427e-05,8.088492905176139,4.068995864412852,-0.08730545636309558
302,302,59.710068649885585,0.0,0.000890134312015425,4.5638162098948704e-05,0.0005573965193801938,7.421648430030604e-05,-140.24527322502655,-128.15204107102795,-68.46166504496199,-0.09235591873074656,5.685365666460343e-05,8.088854315944609,4.069174800112421,-0.0873064279095009
303,303,59.70851258581236,0.0,0.0008467219493467717,4.341236266865327e-05,0.0005302119774534212,7.059690459542599e-05,-140.83466279410584,-128.74972094042903,-68.79284662498736,-0.06359802312200236,5.408087183450109e-05,8.089199781062803,4.069358013370902,-0.08730485865548665
304,304,59.70695652173913,0.0,0.0008054268325892524,4.129511675751933e-05,0.0005043532404462776,6.715385376466293e-05,-141.42364831764343,-129.34699108102055,-68.98870379442629,-0.1318860891804663,5.144331723114764e-05,8.089529995150684,4.069540126265375,-0.08730843415158694
305,305,59.7054004576659,0.0,0.0007661457024413075,3.9281130147944903e-05,0.00047975564818792744,6.387872240629506e-05,-142.01223007262598,-129.9438517736847,-69.34254967785886,-0.1465672391756101,4.8934397608565155e-05,8.089845623056272,4.069706117721892,-0.08730904071731094
306,306,59.703844393592675,0.0,0.0007287803356169402,3.736536682436728e-05,0.0004563576940097522,6.076332100254255e-05,-142.60040833584952,-130.54030329911149,-69.91073414629706,-0.05598411952401072,4.6547839373541904e-05,8.09014730110473,4.069854881159995,-0.08730468283874511
307,307,59.70228832951945,0.0,0.0006932372992363392,3.554303638060096e-05,0.0004341008709485868,5.779985944176631e-05,-143.1881833839208,-131.1363459377982,-70.04870395586704,-0.015020969606815981,4.427767489858001e-05,8.090435638296585,4.070016728100653,-0.08730294019185027
308,308,59.70073226544623,0.0,0.0006594277171950122,3.3809582041326995e-05,0.00041292952545055387,5.4980927539359906e-05,-143.77555549325672,-131.73197997004982,-70.65881175637551,-0.0537227466351764,4.211822759989343e-05,8.090711217457027,4.070151093999812,-0.08730472633812135
309,309,59.699176201373,0.0,0.0006272670479272311,3.216066926778115e-05,0.0003927907182097051,5.22994765086299e-05,-144.36252494008482,-132.32720567597923,-70.675794234337,-0.12455556523527367,4.006409774314619e-05,8.090974596338238,4.070303923071456,-0.08730763317574183
310,310,59.69762013729977,0.0,0.0005966748730080819,3.059217491914927e-05,0.00037363409179351877,4.974880133533559e-05,-144.94909200044327,-132.9220233355072,-70.77543589688578,-0.025292317936076447,3.8110148941440364e-05,8.091226308676546,4.07044618161338,-0.08730377745513464
311,311,59.696064073226545,0.0,0.0005675746960655144,2.9100176942567534e-05,0.00035541174472426823,4.732252401181806e-05,-145.53525695018078,-133.5164332283627,-71.48307623362071,-0.08171141016699579,3.6251495311793705e-05,8.091466865206232,4.070559646465222,-0.08730593799380912
312,312,59.69450800915332,0.0,0.000539893751499567,2.7680944565947467e-05,0.0003380781117014182,4.501457758879752e-05,-146.12102006495732,-134.1104356340831,-71.5785038512075,-0.04116914265817062,3.4483489257993496e-05,8.091696754631672,4.070689939916243,-0.08730454984648064
313,313,59.69295194508009,0.0,0.0005135628225304646,2.6330928969102374e-05,0.00032158984966555823,4.281919100496229e-05,-146.70638162024363,-134.70403083201376,-71.71445562051514,-0.08741731768480143,3.28017098492789e-05,8.091916444559448,4.070812710109479,-0.08730614445795239
314,314,59.69139588100686,0.0,0.0004885160681206162,2.504675440984843e-05,0.00030590572941898916,4.073087465641752e-05,-147.29134189132165,-135.297219101309,-72.40993290356906,-0.027509455675311933,3.120195176579403e-05,8.092126382392062,4.070912251933407,-0.08730427503787548
315,315,59.68983981693364,0.0,0.0004646908583377253,2.3825209782890847e-05,0.0002909865325319687,3.874440666991134e-05,-147.87590115328464,-135.89000072093106,-72.36072480280292,-0.057012561814395735,2.9680214783170847e-05,8.092326996184715,4.071030099802455,-0.08730524169122965
316,316,59.688283752860414,0.0,0.0004420276177473373,2.266324059038804e-05,0.0002767949532768409,3.685481984551581e-05,-148.46005968103725,-136.48237596965174,-73.08337422941142,-0.01785936789405751,2.8232693769949004e-05,8.092518695466682,4.071120337317604,-0.08730418014168775
317,317,59.68672768878719,0.0,0.00042046967644322124,2.1557941304116037e-05,0.00026329550534484283,3.5057389236114104e-05,-149.04381774929587,-137.07434512605144,-73.22575546492621,-0.07430565141836043,2.6855769172822107e-05,8.092701872028655,4.071222752480767,-0.08730579167301857
318,318,59.68517162471396,0.0,0.0003999631283430868,2.0506548100134472e-05,0.00025045443311234026,3.3347620332637015e-05,-149.6271756325882,-137.66590846851935,-73.56695240732375,-0.11578617110691303,2.554599796591921e-05,8.092876900677437,4.0713152803398085,-0.08730686836195684
319,319,59.68361556064073,0.0,0.00038045669639529965,1.9506431947787125e-05,0.00023823962723462037,3.172123782550703e-05,-150.21013360525404,-138.25706627525403,-74.00412715024801,-0.08234364567366592,2.430010504149105e-05,8.09304413995927,4.071401388387112,-0.08730602022200773
320,320,59.682059496567504,0.0,0.0003619016043595438,1.8555092035755886e-05,0.00022662054435618775,3.0174174914188483e-05,-150.79269194144484,-138.84781882426321,-73.98495822778895,-0.06321069040310379,2.311497502047382e-05,8.093203932853095,4.071494363377589,-0.08730558384542654
321,321,59.68050343249428,0.0,0.00034425145484081395,1.7650149518729854e-05,0.00021556813073680468,2.8702563138112904e-05,-151.3748509151246,-139.43816639336427,-74.40664361657161,-0.03630430327772327,2.198764446245326e-05,8.093356607434927,4.071573088967501,-0.08730501940089022
322,322,59.67894736842105,0.0,0.000327462113271761,1.6789341569052957e-05,0.00020505474960230528,2.730272270355235e-05,-151.95661080006883,-140.02810926018395,-75.00223372024496,-0.02164165112722438,2.0915294455550456e-05,8.093502477514505,4.071644789991769,-0.08730476741902382
323,323,59.67739130434783,0.0,0.00031149159755328485,1.5970515718476158e-05,0.00019505411203852804,2.597115328225342e-05,-152.53797186986606,-140.6176477021588,-74.99803833781071,-0.11255436588419876,1.9895243567700705e-05,8.093641843245363,4.071725534526954,-0.08730664313074832
324,324,59.6758352402746,0.0,0.0002962999730774192,1.5191624475865684e-05,0.00018554121125556947,2.4704525258824282e-05,-153.11893439791658,-141.20678199653503,-75.51680301373858,-0.041554896852646905,1.8924941141700336e-05,8.093774991709378,4.07179244004613,-0.08730527497156176
325,325,59.674279176201374,0.0,0.0002818492528700105,1.4450720207408677e-05,0.00017649226005798891,2.349967140498923e-05,-153.69949865743394,-141.7955124203687,-76.09162900941085,-0.07716127481011137,1.8001960917256046e-05,8.09390219747683,4.071855552140945,-0.08730595818367957
326,326,59.672723112128146,0.0,0.0002681033026034963,1.3745950266514194e-05,0.0001678846313646108,2.2353578959892307e-05,-154.27966492144364,-142.38383925052622,-76.25207160220677,-0.07512269779480496,1.7123994964088856e-05,8.094023723142989,4.071923186799941,-0.08730593218194398
327,327,59.67116704805492,0.0,0.0002550277502422646,1.3075552361231733e-05,0.00015969680162919537,2.126338209664718e-05,-154.85943346278486,-142.97176276368384,-76.65379177593894,-0.010831522849918951,1.628884791092252e-05,8.094139819842157,4.071983726737412,-0.08730489512773981
328,328,59.66961098398169,0.0,0.00024258990009466116,1.2437850147603414e-05,0.00015190829702050283,2.0226354756295926e-05,-155.43880455410897,-143.55928323632872,-76.91168763320138,-0.12392301771896319,1.549443145592623e-05,8.09425072774011,4.07204386171675,-0.08730670816885022
329,329,59.668054919908464,0.0,0.00023075865105673024,1.1831249037930917e-05,0.0001444996422271755,1.923990383125826e-05,-156.01777846788113,-144.14640094475772,-77.28331104466906,-0.10402111769780564,1.4738759144884936e-05,8.0943566765058,4.072099582560561,-0.08730638716917928
330,330,59.66649885583524,0.0,0.0002195044188432546,1.1254232213475653e-05,0.00013745231175942463,1.830156268122652e-05,-156.59635547637896,-144.73311616507922,-77.4512533604798,-0.10796700276038962,1.4019941404040352e-05,8.094457885763184,4.072155708593537,-0.08730643047523472
331,331,59.664942791762016,0.0,0.00020879906201163274,1.0705356831621842e-05,0.00013074868362575353,1.7408984965292958e-05,-157.17453585169395,-145.3194291732114,-77.93524219802434,-0.1323161630658043,1.3336180815182152e-05,8.094554565523987,4.072204997306596,-0.0873067410729561
332,332,59.66338672768879,0.0,0.0001986158115936143,1.0183250418018431e-05,0.00012437199526888526,1.6559938774886707e-05,-157.75231986573112,-145.90534024488355,-78.29515308230512,-0.0559523564002129,1.2685767621174962e-05,8.09464691660219,4.072253770997761,-0.08730574306433776
333,333,59.66183066361556,0.0,0.00018892920415893597,9.686607434678327e-06,0.00011830630165071374,1.575230105284985e-05,-158.3297077902086,-146.4908496556363,-78.50837396729077,-0.2070108569682816,1.2067075450682638e-05,8.094735131010964,4.072302158761454,-0.08730758529700251
334,334,59.66027459954233,0.0,0.00017971501814348256,9.214186015453402e-06,0.0001125364353814696,1.498405228469753e-05,-158.9066998966586,-147.07595768082115,-78.99372552184735,-0.05730897963063253,1.1478557251399565e-05,8.094819392342826,4.072345188443126,-0.08730579648702885
335,335,59.658718535469106,0.0,0.0001709502132827603,8.764804860722267e-06,0.00010704796879340422,1.4253271448787661e-05,-159.48329645642733,-147.6606645956008,-79.32431391445239,-0.14006429429697098,1.0918741421620085e-05,8.09489987613366,4.072388081069031,-0.08730671686379664
336,336,59.65716247139588,0.0,0.0001626128729992344,8.337340283525904e-06,0.00010182717786415704,1.3558131212773082e-05,-160.05949774067463,-148.24497067494934,-79.43102370176086,-0.018041266442003767,1.038622813047297e-05,8.094976750211305,4.072431383093991,-0.08730542141037421
337,337,59.65560640732265,0.0,0.00015468214959946943,7.930723399764965e-06,9.686100789959703e-05,1.289689336432498e-05,-160.63530402037463,-148.82887619365238,-79.71558423681518,-0.04127491666611194,9.87968581761978e-06,8.095050175029316,4.0724708701979,-0.08730568603712847
338,338,59.65405034324943,0.0,0.00014713821214403666,7.543937455432773e-06,9.213704089032775e-05,1.2267904464702054e-05,-161.2107155663157,-149.4123814263072,-80.35378749164894,-0.07764553378636352,9.397847863664568e-06,8.09512030398655,4.072505245124713,-0.08730605002224574
339,339,59.6524942791762,0.0,0.00013996219685983595,7.176015284200698e-06,8.764346446023129e-05,1.166959171429716e-05,-161.78573264910068,-149.99548664732276,-80.36012427876099,-0.11725331555906271,8.939509422949259e-06,8.095187283733127,4.072543884655974,-0.08730640852421169
340,340,59.650938215102975,0.0,0.0001331361599708374,6.826036888998557e-06,8.33690423294066e-05,1.1100459019823247e-05,-162.36035553914652,-150.57819213091983,-80.69504079104306,-0.11442121263594007,8.503524410815142e-06,8.095251254463378,4.072577848392168,-0.087306371384836
341,341,59.64938215102975,0.0,0.00012664303282929466,6.493127141542741e-06,7.93030862176448e-05,1.0559083253304553e-05,-162.9345845066853,-151.16049815113152,-81.01635643876625,-0.17175282168652162,8.088802637797076e-06,8.09531235019626,4.0726104046093505,-0.08730682388369586
342,342,59.64782608695652,0.0,0.000120466579235235,6.1764535940596685e-06,7.543542911818581e-05,1.0044110693518661e-05,-163.50841982176334,-151.7424049818028,-81.36919020250322,-0.07515682965852921,7.694307083584487e-06,8.095370699043826,4.072641257288676,-0.08730604733062998
343,343,59.64627002288329,0.0,0.00011459135483750225,5.875224397732746e-06,7.175639987492737e-05,9.554253640991184e-06,-164.0818617542421,-152.32391289659074,-81.6583196568184,-0.19814707526583097,7.319051303932623e-06,8.095426423468203,4.0726712039231465,-0.08730695206164668
344,344,59.644713958810065,0.0,0.00010900266851483438,5.588686322667873e-06,6.825679899951635e-05,9.088287198078895e-06,-164.6549105737981,-152.90502216896508,-81.93731847061414,-0.1314177300496544,6.96209696404007e-06,8.095479640527584,4.072699863779582,-0.08730644792032234
345,345,59.643157894736845,0.0,0.000103686545640408,5.316122874426373e-06,6.492787566785288e-05,8.64504620608984e-06,-165.2275665499231,-153.48573307220803,-82.58329197037345,-0.10358189789011485,6.622551492224719e-06,8.095530462111675,4.0727247903023995,-0.08730624859820016
346,346,59.64160183066362,0.0,9.862969313799232e-05,5.05685250241568e-06,6.176130583848688e-05,8.223422331781674e-06,-165.79982995192378,-154.06604587941465,-82.84818681295013,-0.09464375887696663,6.2995658480311475e-06,8.095578995167047,4.072751110414649,-0.08730618703496901
347,347,59.64004576659039,0.0,9.381946624233446e-05,4.810226895657863e-06,5.8749171438191744e-05,7.822361295953003e-06,-166.37170104892218,-154.6459608634928,-82.77336888974546,-0.12314817279018841,5.992332399188578e-06,8.095625341912836,4.07277826393628,-0.08730635558853031
348,348,59.63848970251716,0.0,8.924383688065997e-05,4.5756293616744855e-06,5.588394056266846e-05,7.440860237197769e-06,-166.9431801098563,-155.22547829716237,-83.31251880837759,-0.08790932765240234,5.700082902110699e-06,8.095669600047145,4.072800571631967,-0.08730614424937584
349,349,59.636933638443935,0.0,8.489136359622578e-05,4.35247328443419e-06,5.3158448642871926e-05,7.077965204230726e-06,-167.5142674034794,-155.80459845295758,-83.73290349178185,-0.008624805288348636,5.422086580887582e-06,8.095711862944615,4.072822585205604,-0.08730571419414733
350,350,59.63537757437071,0.0,8.075116293871871e-05,4.140200657507068e-06,5.056588052986546e-05,6.732768770513534e-06,-168.08496319836053,-156.38332160322489,-83.85172608991465,-0.11724190621764663,5.157648299966186e-06,8.095752219845448,4.07284519168159,-0.0873062952093104
351,351,59.63382151029748,0.0,7.681288224996079e-05,3.938280688757925e-06,4.809975345340657e-05,6.404407765216818e-06,-168.65526776288476,-156.96164802012458,-84.36294158357838,-0.004918582802881932,4.906106825950196e-06,8.09579075603633,4.0728648003941,-0.08730573660900012
352,352,59.63226544622426,0.0,7.306667377687131e-05,3.7462084730894767e-06,4.5753900811651625e-05,6.09206111484442e-06,-169.22518136525312,-157.53957797563,-84.49555892361226,-0.07495373774701886,4.666833174172837e-06,8.095827553023534,4.0728853419532545,-0.08730608316455644
353,353,59.63070938215103,0.0,6.950317004695471e-05,3.5635037299166016e-06,4.352245675144542e-05,5.794947790122806e-06,-169.79470427348275,-158.11711174152842,-84.90277611426983,-0.13667981040538235,4.43922903590821e-06,8.09586268869855,4.072903692861389,-0.0873063599921885
354,354,59.629153318077805,0.0,6.611346044473999e-05,3.3897096022147167e-06,4.1399841500638344e-05,5.512324853021791e-06,-170.363836755407,-158.69424958942037,-85.33600832729738,-0.09116878013043506,4.222725282288386e-06,8.095896237496582,4.072921127094945,-0.08730615712202554
355,355,59.62759725400458,0.0,6.288906893060074e-05,3.224391514139249e-06,3.938074741575447e-05,5.243485599023124e-06,-170.93257907867576,-159.2709917907206,-85.69522020778753,-0.09235184772216076,4.0167805411852925e-06,8.09592827054818,4.072938097596237,-0.08730616107865817
356,356,59.62604118993135,0.0,5.982193284624108e-05,3.067136084359664e-06,3.746012571012248e-05,4.9877577899916545e-06,-171.5009315107553,-159.84733861665734,-85.98789495784249,-0.056313990337619746,3.8208798434988295e-06,8.09595885582432,4.072954565036664,-0.08730602239387777
357,357,59.62448512585812,0.0,5.6904382753850264e-05,2.9175500923908164e-06,3.563317382928295e-05,4.7445019732303425e-06,-172.0688943189287,-160.4232903382733,-86.21631502739734,-0.11556610734864137,3.6345333354662696e-06,8.095988058275196,4.07297051742525,-0.08730624352295127
358,358,59.622929061784895,0.0,5.4129123258513344e-05,2.7752594953369214e-06,3.389532344210399e-05,4.513109882515879e-06,-172.6364677702955,-160.9988472264252,-86.70898492430828,-0.14101002605027002,3.457275053773039e-06,8.096015939963015,4.072984818711686,-0.08730632648026357
359,359,59.62137299771167,0.0,5.1489214765923864e-05,2.639908492589482e-06,3.224222901757679e-05,4.293002917116686e-06,-173.20365213177257,-161.57400955178403,-87.16410087980282,-0.08755136546489961,3.2886617604020155e-06,8.096042560189014,4.072998629089064,-0.08730614161762178
360,360,59.61981693363845,0.0,4.897805612978342e-05,2.5111586361404407e-06,3.066975695872717e-05,4.0836306949900535e-06,-173.77044767009352,-162.14877758483547,-87.27889072908746,-0.086712169637293,3.1282718343078803e-06,8.096067975614979,4.073012903554984,-0.08730613895305754
361,361,59.61826086956522,0.0,4.658936814549755e-05,2.388687984285869e-06,2.9173975266472395e-05,3.88446967654065e-06,-174.33685465180892,-162.72315159587947,-87.53072357735026,-0.08733139962691094,2.975704217145119e-06,8.096092240379487,4.073026091560776,-0.0873061408863236
362,362,59.61670480549199,0.0,4.431717784889353e-05,2.272190296604018e-06,2.7751143707577308e-05,3.6950218554991078e-06,-174.902873343287,-163.2971318550308,-87.94431353666322,-0.04276271779019014,2.830577410413469e-06,8.096115406209087,4.0730382150616125,-0.08730601472755385
363,363,59.615148741418764,0.0,4.215580358069879e-05,2.1613742681947464e-06,2.639770446212487e-05,3.514813513647183e-06,-175.46850401071345,-163.87071863221914,-88.14969052702381,-0.07162633204838009,2.692528521513129e-06,8.096137522524653,4.073050365007335,-0.08730609859282853
364,364,59.61359267734554,0.0,4.009984077943325e-05,2.0559628012655405e-06,2.511027322711474e-05,3.3433940362756703e-06,-176.033746920091,-164.44391219718912,-88.54246862344733,-0.10870444773675159,2.561212356324399e-06,8.096158636543105,4.073061469388506,-0.08730619561676894
365,365,59.61203661327231,0.0,3.8144148467190554e-05,1.955692312242696e-06,2.3885630753944337e-05,3.1803347854130994e-06,-176.59860233724035,-165.01671281950016,-89.07028133119555,-0.10180321384678503,2.436300556042722e-06,8.096178793374698,4.07307175228034,-0.08730617613038792
366,366,59.61048054919908,0.0,3.628383639451546e-05,1.8603120726750907e-06,2.272071479861173e-05,3.0252280280076986e-06,-177.1630705277999,-165.58912076852727,-89.6339574307255,-0.04962783842549223,2.317480776110756e-06,8.096198036116078,4.073081513271495,-0.08730605349241939
367,367,59.60892448512586,0.0,3.4514252812233e-05,1.7695835822824568e-06,2.1612612464511652e-05,2.8776859163825338e-06,-177.72715175722598,-166.16113631346076,-89.39385414613349,-0.10661697180014418,2.204455905194402e-06,8.096216405939265,4.073092633819123,-0.08730618338103624
368,368,59.607368421052634,0.0,3.283097283965255e-05,1.6832799725804533e-06,2.0558552918677686e-05,2.7373395184144194e-06,-178.29084629079284,-166.73275972330603,-89.67724349564398,-0.09060763608448319,2.0969433222498057e-06,8.09623394217676,4.073102088462741,-0.0873061477342093
369,369,59.605812356979406,0.0,3.1229787400061265e-05,1.6011854395912822e-06,1.9555900463257413e-05,2.603837895011555e-06,-178.8541543935931,-167.30399126688445,-90.18974067410952,-0.1201048917189862,1.9946741898236235e-06,8.096250682402943,4.073110653984458,-0.08730620623398273
370,370,59.60425629290618,0.0,2.9706692695839927e-05,1.5230947042213381e-06,1.8602147944895656e-05,2.476847222583097e-06,-179.41707633053738,-167.8748312128331,-90.46135525733001,-0.08760318165079717,1.8973927818194332e-06,8.096266662511885,4.0731193086661,-0.08730614137476397
371,371,59.60270022883295,0.0,2.8257880196883377e-05,1.4488124989565486e-06,1.7694910485545817e-05,2.356049958306389e-06,-179.97961236635496,-168.44527982960454,-90.7264105021413,-0.06055656466696924,1.8048558440493562e-06,8.096281916791796,4.0731275782269805,-0.087306092532032
372,372,59.601144164759724,0.0,2.6879727117291498e-05,1.378153079591879e-06,1.683191951903312e-05,2.241144046104578e-06,-180.54176276559332,-169.0153373854676,-91.19154448112866,-0.0626531665598451,1.7168319859719412e-06,8.096296477996171,4.073135124306234,-0.08730609848614608
373,373,59.599588100686496,0.0,2.5568787356517427e-05,1.3109397607740698e-06,1.6011017118458028e-05,2.1318421613491605e-06,-181.10352779261885,-169.58500414850707,-91.63074632311258,-0.1322855535734746,1.6331011020953398e-06,8.096310377411863,4.0731423836547425,-0.08730621426708939
374,374,59.598032036613276,0.0,2.4321782882321206e-05,1.2470044741962222e-06,1.5230150600255443e-05,2.027870992398807e-06,-181.6649077116166,-170.1542803866243,-91.84204824674364,-0.10393347913956186,1.5534538215989704e-06,8.096323644924125,4.073149677973879,-0.0873061666409631
375,375,59.59647597254005,0.0,2.313559553398172e-05,1.1861873483394879e-06,1.4487367391416977e-05,1.9289705571779526e-06,-182.22590278659047,-170.72316636753638,-92.02312480930019,-0.03913522351561838,1.4776909847974548e-06,8.09633630907884,4.07315667721745,-0.08730606962943062
376,376,59.59491990846682,0.0,2.200725922527072e-05,1.128336308710999e-06,1.3780810147041746e-05,1.8348935530862307e-06,-182.78651328136354,-171.29166235877747,-92.45113761589191,-0.12542374418539337,1.4056231451376991e-06,8.096348397142007,4.0731630010543824,-0.08730619439014638
377,377,59.59336384439359,0.0,2.0933952527692295e-05,1.0733066975784236e-06,1.3108712106006964e-05,1.7454047386132054e-06,-183.34673945957792,-171.8597686276977,-92.55088779717074,-0.06795113258861729,1.3370700954838662e-06,8.096359935156599,4.073169484725872,-0.08730611493215813
378,378,59.591807780320366,0.0,1.991299161544201e-05,1.0209609122502857e-06,1.2469392673145155e-05,1.6602803451120948e-06,-183.90658158469486,-172.42748544146457,-93.0354111839271,-0.06744244067852234,1.271860417505698e-06,8.09637094799694,4.07317516931184,-0.0873061155473069
379,379,59.59025171624714,0.0,1.8941823554444445e-05,9.711680609975633e-07,1.1861253216881086e-05,1.5793075172616331e-06,-184.4660399199952,-172.9948130670621,-93.29795354278508,-0.11212822981293558,1.2098310530434258e-06,8.096381459420686,4.073180875271499,-0.08730617084169491
380,380,59.58869565217391,0.0,1.801801991868826e-05,9.238036357561864e-07,1.128277307182035e-05,1.5022837808169229e-06,-185.0251147285794,-173.56175177129128,-93.53666169813746,-0.05983533533143737,1.15082689637746e-06,8.096391492118515,4.073186345868353,-0.08730610919701903
381,381,59.58713958810068,0.0,1.7139270717896234e-05,8.787492007920245e-07,1.073250573629399e-05,1.4290165363183839e-06,-185.58380627336723,-174.12830182077022,-94.16528170846273,-0.06182580824826145,1.0947004063833183e-06,8.09640106776164,4.073191136222237,-0.08730611291783043
382,382,59.58558352402746,0.0,1.6303378621346375e-05,8.358920965498597e-07,1.0209075255351045e-05,1.3593225774928058e-06,-186.1421148170983,-174.6944634819343,-94.19338414153745,-0.09859160042074988,1.0413112376019822e-06,8.096410207047208,4.073196351835007,-0.08730615256283675
383,383,59.584027459954235,0.0,1.5508253463400558e-05,7.951251579458185e-07,9.711172780154608e-06,1.2930276331422563e-06,-186.70004062233227,-175.2602370210361,-94.48869844382546,-0.040795783703917454,9.905258893031597e-07,8.096418929741722,4.073201049826258,-0.087306094741448
384,384,59.58247139588101,0.0,1.4751907017001717e-05,7.563464463988403e-07,9.23755329517812e-06,1.2299659313753299e-06,-187.25758395144877,-175.82562270414604,-94.88306886399533,-0.15123965488661462,9.422173716639368e-07,8.096427254722533,4.073205439627574,-0.08730620105042843
385,385,59.58091533180778,0.0,1.4032448022070588e-05,7.19458994931129e-07,8.787032505018162e-06,1.1699797850910874e-06,-187.81474506664742,-176.39062079715185,-95.30212648506819,-0.05691152787257181,8.962648882280846e-07,8.096435200017497,4.073209611331783,-0.08730611356953646
386,386,59.57935926773455,0.0,1.3348077456370389e-05,6.843705657001999e-07,8.35848387303918e-06,1.1129191976791813e-06,-188.3715242299483,-176.95523156575888,-95.49248956527117,-0.08894346180310375,8.525535338520093e-07,8.096442782842901,4.073213792871491,-0.08730614220706463
387,387,59.577803203661325,0.0,1.269708403701416e-05,6.509934193562293e-07,7.950835804445195e-06,1.058641487950213e-06,-188.92792170319152,-177.51945527549063,-96.0804581813413,-0.07692818946913871,8.109740073820517e-07,8.09645001963969,4.073217455942554,-0.08730613239491204
388,388,59.5762471395881,0.0,1.2077839941366181e-05,6.192440956479779e-07,7.563068966734725e-06,1.0070109333584487e-06,-189.48393774803796,-178.0832921916884,-96.48291520487528,-0.06747646995347578,7.714223383446768e-07,8.096456926108106,4.07322110672646,-0.08730612551410978
389,389,59.57469107551488,0.0,1.148879673663749e-05,5.890432047286911e-07,7.194213740838646e-06,9.578984306247709e-07,-190.03957262596916,-178.6467425795114,-96.55855487287906,-0.08259635114549191,7.337996269661427e-07,8.09646351724079,4.073224834419512,-0.08730613735511894
390,390,59.57313501144165,0.0,1.0928481507997361e-05,5.603152286401291e-07,6.843347796567534e-06,9.111811729112411e-07,-190.59482659828743,-179.2098067039376,-97.09382086797552,-0.11704307394971858,6.980117968715573e-07,8.096469807354424,4.07322806219321,-0.08730616156789098
391,391,59.57157894736842,0.0,1.0395493175519025e-05,5.329883324783361e-07,6.509593786305824e-06,8.667423427400449e-07,-191.14969992611563,-179.77248482976282,-97.19870016767291,-0.06601505774211924,6.63969359844944e-07,8.096475810119964,4.073231436531865,-0.08730612667453405
392,392,59.570022883295195,0.0,9.888498990750062e-06,5.069941847689628e-07,6.192117151185831e-06,8.244708198889564e-07,-191.70419287039797,-180.33477722160174,-97.4535389387517,-0.08476033298643326,6.315871920620945e-07,8.096481538591533,4.073234554985819,-0.08730613920326122
393,393,59.56846681922197,0.0,9.406231204147073e-06,4.822677866029892e-07,5.890124034255912e-06,7.842609035329086e-07,-192.25830569189972,-180.89668414388737,-97.94879604127948,-0.12857502560220668,6.007843212366741e-07,8.096487005234053,4.073237384761181,-0.08730616560485978
394,394,59.56691075514874,0.0,8.947483895041478e-06,4.5874730910559455e-07,5.602859295424629e-06,7.460120479368774e-07,-192.812038651207,-181.45820586087146,-97.99419341923172,-0.07713645631685084,5.71483724147332e-07,8.096492221949621,4.07324034812561,-0.08730613499935168
395,395,59.56535469107551,0.0,8.511109956209712e-06,4.363739388317658e-07,5.3296046232172175e-06,7.096286110391778e-07,-193.3653920087278,-182.01934263662446,-98.59465220786922,-0.027417733381163156,5.436121340395323e-07,8.096497200102727,4.07324286649223,-0.08730610825509587
396,396,59.563798627002285,0.0,8.096018225507663e-06,4.150917307020504e-07,5.0696767386227725e-06,6.750196152964951e-07,-193.91836602469147,-182.58009473503623,-98.47954287514526,-0.07652005005193141,5.170998574205079e-07,8.096501950544374,4.073245647976363,-0.08730613523367485
397,397,59.562242562929065,0.0,7.701170757396946e-06,3.9484746811071683e-07,4.822425686540848e-06,6.420985201926415e-07,-194.4709609591485,-183.14046241981552,-98.9348087326925,-0.08625491260505491,4.918805997892282e-07,8.096506483635082,4.073248010346452,-0.08730614029408208
398,398,59.56068649885584,0.0,7.325580227540424e-06,3.7559052985652115e-07,4.5872332105551774e-06,6.107830058421927e-07,-195.02317707197193,-183.7004459544902,-99.33791824974224,-0.12735582709783033,4.678912998656189e-07,8.096510809266919,4.0732502928273995,-0.08730615955006062
399,399,59.55913043478261,0.0,6.9683074639770876e-06,3.572727635633369e-07,4.363511206970617e-06,5.809947671478975e-07,-195.57501462285575,-184.26004560240762,-99.66968540512244,-0.11209244317772482,4.4507197190451615e-07,8.096514936884505,4.073252504941611,-0.0873061518428493
400,400,59.55757437070938,0.0,6.628459098702955e-06,3.398483652741326e-07,4.150700254247599e-06,5.526593179971502e-07,-196.12647387131665,-184.81926162673423,-100.27672654289415,-0.07366005066272718,4.233655557000602e-07,8.096518875505122,4.073254499829693,-0.0873061350338763
401,401,59.556018306636155,0.0,6.3051853337857334e-06,3.232737649172216e-07,3.948268214156908e-06,5.257058050079129e-07,-196.67755507669304,-185.3780942904565,-100.56514114742993,-0.05255557340494432,4.027177739054608e-07,8.096522633737905,4.073256538276557,-0.08730612681648968
402,402,59.55446224256293,0.0,5.997677816427345e-06,3.075075173583878e-07,3.7557089011569394e-06,5.000668303583564e-07,-197.22825849814564,-185.93654385638058,-100.49932180064036,-0.12086675284705972,3.8307699631136044e-07,8.096526219802174,4.073258618670758,-0.0873061536674593
403,403,59.5529061784897,0.0,5.705167617660883e-06,2.9251019876646253e-07,3.572540816666201e-06,4.756782832572008e-07,-197.77858439465746,-186.49461058713223,-100.99052822181321,-0.13394070035249728,3.643941107434181e-07,8.096529641544976,4.073260393396334,-0.08730615780451968
404,404,59.55135011441648,0.0,5.426923309627671e-06,2.782443080332116e-07,3.3983059450660665e-06,4.524791796333458e-07,-198.32853302503418,-187.0522947451575,-101.22554729848082,-0.11223317502667696,3.4662240025629426e-07,8.096532906457822,4.073262179097371,-0.08730614945142927
405,405,59.54979405034325,0.0,5.16224913662664e-06,2.646741730010313e-07,3.2325686084231694e-06,4.3041150964392823e-07,-198.8781046479038,-187.60959659272214,-101.70508674698792,-0.06562227365003448,3.2971742631695417e-07,8.096536021692682,4.073263801059106,-0.08730613366161197
406,406,59.548237986270024,0.0,4.910483275362667e-06,2.5176586126397343e-07,3.0749143770676427e-06,4.094200926195003e-07,-199.427299521717,-188.1665163919123,-102.05084919091034,-0.11292356537989656,3.136369176851889e-07,8.096538994077264,4.073265393585479,-0.08730614884573093
407,407,59.5466819221968,0.0,4.67099618004361e-06,2.3948709531905606e-07,2.924949033303084e-06,3.8945243908361453e-07,-199.97611790474744,-188.72305440463444,-102.37426696271096,-0.012282987515210841,2.983406647134981e-07,8.09654183012963,4.073266920398618,-0.08730611842870342
408,408,59.54512585812357,0.0,4.443189008187917e-06,2.278071718556933e-07,2.7822975856569846e-06,3.70458619501793e-07,-200.5245600550918,-189.27921089261557,-102.55066384719353,-0.09320032913234799,2.837904188020268e-07,8.096544536072127,4.073268419177129,-0.08730614248387501
409,409,59.54356979405034,0.0,4.22649212320649e-06,2.166968849814264e-07,2.646603331206726e-06,3.523911394316848e-07,-201.07262623066978,-189.83498611740313,-102.7007714256018,-0.13514246407314578,2.699497967571442e-07,8.096547117844725,4.073269854397585,-0.08730615372456657
410,410,59.542013729977114,0.0,4.020363670014511e-06,2.0612845319197965e-07,2.517526963636484e-06,3.3520482076222197e-07,-201.62031668922398,-190.39038034036548,-103.19692865919939,-0.05299010230785939,2.567841898145088e-07,8.096549581117742,4.07327113273769,-0.08730613199934469
411,411,59.54045766590389,0.0,3.824288220111481e-06,1.9607544990302918e-07,2.394745724794703e-06,3.188566887448103e-07,-202.16763168832063,-190.9453938226916,-103.46383550420002,-0.05601474188560163,2.4426067709913077e-07,8.096551931303999,4.0732724109428995,-0.08730613316790255
412,412,59.538901601830666,0.0,3.6377754827415044e-06,1.8651273736997703e-07,2.2779525976306062e-06,3.033058645340737e-07,-202.7145714853491,-191.50002682539125,-104.10782896757837,-0.07581296661030024,2.3234794330603765e-07,8.096554173570457,4.073273542373595,-0.08730613814074545
413,413,59.53734553775744,0.0,3.4603590789110084e-06,1.7741640383049607e-07,2.1668555384916537e-06,2.8851346296944847e-07,-203.26113633752286,-192.05427960929555,-104.38597686737921,-0.03152230241437737,2.2101620039570045e-07,8.09655631284928,4.07327470677913,-0.08730612848202884
414,414,59.53578947368421,0.0,3.2915953751983393e-06,1.6876370371266903e-07,2.0611767468622948e-06,2.744424953420279e-07,-203.80732650187838,-192.6081524350568,-104.4937528445048,-0.10265740769987985,2.1023711310841947e-07,8.096558353848462,4.073275853212618,-0.08730614403856687
415,415,59.534233409610984,0.0,3.131062374439128e-06,1.605330007592112e-07,1.960651970717982e-06,2.6105777690352365e-07,-204.35314223527647,-193.16164556314862,-104.9603893755735,-0.0445025972667934,1.9998372811141593e-07,8.096560301061945,4.073276873072682,-0.08730613225114862
416,416,59.532677345537756,0.0,2.978358660513571e-06,1.5270371392555714e-07,1.8650298457574705e-06,2.4832583888606877e-07,-204.8985837944014,-193.71475925386594,-105.00634740939358,-0.026122139731576954,1.902304066014612e-07,8.096562158779284,4.073277927770682,-0.08730612917210344
417,417,59.53112128146453,0.0,2.833102394597042e-06,1.4525626591652938e-07,1.774071266861135e-06,2.3621484481286485e-07,-205.44365143576192,-194.26749376732533,-105.47598608106318,-0.09203240982186278,1.8095276019451407e-07,8.096563931094886,4.073278854790654,-0.08730614166639225
418,418,59.5295652173913,0.0,2.694930360364139e-06,1.3817203423290295e-07,1.6875487902036304e-06,2.246945108904075e-07,-205.98834541569045,-194.81984936346487,-105.55963374430117,-0.019359007161046105,1.7212758994205748e-07,8.096565621916834,4.073279807183672,-0.08730612911558448
419,419,59.52800915331808,0.0,2.5634970557586816e-06,1.3143330460545722e-07,1.605246064525859e-06,2.1373603028322887e-07,-206.53266599034416,-195.37182630204487,-105.9820538093717,-0.08661006284849115,1.637328283216437e-07,8.096567234975316,4.073280658361974,-0.08730614069719003
420,420,59.52645308924485,0.0,2.4384738290586056e-06,1.250232267000761e-07,1.5269572901441312e-06,2.0331200108180402e-07,-207.07661341570426,-195.9234248426469,-106.70567271633368,-0.028804949043836903,1.557474840565939e-07,8.096568773830665,4.073281424490027,-0.08730613169974741
421,421,59.524897025171626,0.0,2.31954805707547e-06,1.1892577198313572e-07,1.4524867043437623e-06,1.9339635778350457e-07,-207.62018794757665,-196.4746452446753,-106.92454596358851,-0.09052059009195812,1.4815158962687257e-07,8.09657024188106,4.073282233528979,-0.0873061412873866
422,422,59.5233409610984,0.0,2.2064223634336488e-06,1.1312569364182132e-07,1.3816480918703184e-06,1.8396430611526516e-07,-208.16338984159165,-197.02548776735605,-107.12277626980088,-0.053598206825100636,1.4092615133988718e-07,8.096571642369856,4.073283007601223,-0.08730613606083144
423,423,59.52178489702517,0.0,2.098813874974495e-06,1.0760848845915379e-07,1.314264319294486e-06,1.7499226103498622e-07,-208.7062193532049,-197.57595266973772,-107.25873490333288,-0.1689412219417208,1.3405310183636307e-07,8.096572978392595,4.0732837536316735,-0.08730615175459668
424,424,59.52022883295194,0.0,1.9964535144261025e-06,1.0236036054839259e-07,1.2501668920862346e-06,1.6645778775664404e-07,-209.2486767376962,-198.12604021069114,-107.79817854766472,-0.019571599239154303,1.2751525491253486e-07,8.09657425290371,4.0732844127161725,-0.08730613217397351
425,425,59.518672768878716,0.0,1.8990853275699693e-06,9.736818685613307e-08,1.189195533290728e-06,1.5833954565163988e-07,-209.7907622501709,-198.67575064890985,-107.88472952416518,-0.07359716838079011,1.2129626254568504e-07,8.09657546872292,4.073285097945725,-0.08730613914831373
426,426,59.517116704805495,0.0,1.806465843222132e-06,9.261948434783744e-08,1.1311977827524525e-06,1.5061723488611283e-07,-210.33247614555938,-199.22508424290976,-108.16379175127166,-0.11171494416545302,1.1538057401557186e-07,8.09657662854132,4.073285728056189,-0.08730614362746257
427,427,59.51556064073227,0.0,1.7183634644283856e-06,8.81023787937463e-08,1.0760286158854172e-06,1.432715456607815e-07,-210.87381867861666,-199.77404125102993,-108.90326790741489,-0.019117045174654734,1.0975339701952891e-07,8.096577734927239,4.073286278474142,-0.08730613332717595
428,428,59.51400457665904,0.0,1.6345578893512665e-06,8.380557507711921e-08,1.0235500810361485e-06,1.3628410992638781e-07,-211.41479010392393,-200.3226219314319,-108.65378373293927,-0.06492445343031505,1.044006606840035e-07,8.09657879033179,4.073286909254228,-0.08730613847449789
429,429,59.51244851258581,0.0,1.554839560400707e-06,7.971832895055948e-08,9.736309545327013e-07,1.2963745545400664e-07,-211.95539067588732,-200.87082654210053,-109.29097963503887,-0.14873392141384612,9.93089803800437e-08,8.0965797970942,4.073287419945218,-0.08730614691149109
430,430,59.510892448512585,0.0,1.4790091402309076e-06,7.583042016979931e-08,9.261464125571284e-07,1.233149621453723e-07,-212.49562064873905,-201.4186553408438,-109.62611118397629,-0.08818230692303475,9.446562425475407e-08,8.09658075744688,4.073287937350379,-0.08730614089392842
431,431,59.50933638443936,0.0,1.406877013293142e-06,7.213212693776554e-08,8.809777190209178e-07,1.1730082047397631e-07,-213.03548027653642,-201.96610858529274,-109.86402997433498,-0.09601213588694701,8.985848139503198e-08,8.096581673520276,4.073288439800781,-0.08730614159346833
432,432,59.50778032036613,0.0,1.3382628116981189e-06,6.861420159502316e-08,8.38011928662925e-07,1.1157999195301602e-07,-213.57496981316316,-202.51318653290207,-110.31112310918684,-0.07796853451397245,8.547603154397636e-08,8.096582547347513,4.073288900909664,-0.0873061400130193
433,433,59.5062242562929,0.0,1.272994964202309e-06,6.526784749580985e-08,7.971416046273902e-07,1.0613817153134463e-07,-214.11408951232846,-203.05988944095,-110.38534941439792,-0.04339485365312257,8.130731629424503e-08,8.096583380868799,4.073289371710605,-0.08730613724085193
434,434,59.50466819221968,0.0,1.2109102671904695e-06,6.208469701183958e-08,7.582645498158376e-07,1.0096175182339219e-07,-214.65283962756797,-203.60621756653774,-110.6001050936365,-0.14062949845111694,7.734191168632827e-08,8.096584175935655,4.073289808975842,-0.08730614493529126
435,435,59.503112128146455,0.0,1.1518534765815963e-06,5.905679060887336e-08,7.212835513410971e-07,9.603778908361384e-08,-215.19122041224335,-204.15217116659136,-111.00448903278959,-0.09223598229329832,7.356990214322056e-08,8.096584934314953,4.073290211774528,-0.08730614117384879
436,436,59.50155606407323,0.0,1.0956769196378586e-06,5.6176556943737784e-08,6.86106137444451e-07,9.135397084038393e-08,-215.72923211954264,-204.69775049785977,-111.63627462638138,-0.11350468111026579,6.998185567631319e-08,8.096585657692753,4.073290580465449,-0.0873061426445833
437,437,59.5,0.0,1.0422401257058352e-06,5.343679393202328e-08,6.526443462680706e-07,8.68985851084037e-08,-216.26687500248022,-205.24295581691655,-111.45304701358361,-0.034662161989718054,6.656880030050995e-08,8.096586347677993,4.073290987585873,-0.08730613730671433
